,cluster0,,,,cluster1,,,,cluster2,,,,cluster3,,,,cluster4,,,,cluster5,,,,cluster6,,,,cluster7,,,
doy,n,senti,pos_n,neg_n,n,senti,pos_n,neg_n,n,senti,pos_n,neg_n,n,senti,pos_n,neg_n,n,senti,pos_n,neg_n,n,senti,pos_n,neg_n,n,senti,pos_n,neg_n,n,senti,pos_n,neg_n
1,42,4.937,5.368,1.000,19,-2.828,1.000,2.000,41,-3.362,3.368,5.007,21,5.657,5.135,0.000,7,-0.591,2.000,1.135,6,3.366,2.000,0.000,14,2.393,1.025,0.004,7,0.787,1.000,0.000
2,30,5.595,4.386,0.000,5,0.493,0.000,0.000,12,4.505,3.050,0.000,5,0.078,0.000,0.000,4,1.732,1.000,0.135,8,1.424,1.000,0.000,7,2.972,1.000,0.004,13,-1.109,1.000,1.135
3,27,-0.053,2.000,1.000,16,0.796,3.007,1.000,27,-2.948,3.000,3.000,40,2.907,6.000,4.000,10,-2.617,0.000,0.000,16,3.278,2.000,0.000,9,-1.697,1.001,1.000,5,1.112,1.000,0.000
4,34,7.092,4.050,0.000,36,-3.598,2.000,3.000,41,-7.311,2.000,5.018,24,-0.656,4.000,5.007,7,2.871,2.000,0.000,88,7.718,17.135,7.000,19,1.491,2.018,1.004,9,2.006,1.000,0.000
5,27,-0.304,1.000,1.000,61,-10.172,2.000,9.149,20,-1.430,1.000,2.000,8,-2.072,0.002,0.000,3,-0.796,0.000,0.000,1,0.000,0.000,0.000,7,-0.700,0.000,0.074,5,0.180,0.000,0.000
6,30,-0.294,1.007,0.050,73,-11.772,1.285,4.423,57,-2.572,0.000,1.000,2,-0.328,0.000,0.000,2,0.625,0.000,0.000,1,-0.000,0.000,0.000,10,0.112,0.368,0.000,5,0.864,1.000,0.000
7,29,-0.107,2.368,3.368,49,5.965,5.057,3.368,32,-4.075,0.406,2.018,12,2.143,1.000,0.000,1,-0.235,0.000,0.000,2,-0.142,0.000,0.000,8,3.017,1.000,0.000,6,1.918,1.050,0.000
8,37,4.165,4.528,2.050,55,-3.071,5.321,7.136,35,-2.789,2.000,3.000,57,2.583,7.786,3.013,1,0.000,0.000,0.000,1,-0.000,0.000,0.000,13,-1.349,0.786,1.011,6,-0.007,0.000,0.000
9,32,-0.064,2.368,0.000,55,5.311,4.000,1.000,65,-2.643,3.418,4.000,17,-7.019,0.000,3.000,0,0.000,0.000,0.000,5,0.337,1.000,1.000,17,2.402,3.135,2.004,8,4.008,1.000,0.000
10,31,1.316,3.368,2.100,65,4.983,6.368,1.000,56,8.418,6.786,2.000,21,-1.056,2.000,2.018,2,2.873,1.000,0.000,2,-0.284,0.000,0.000,17,-0.420,2.008,2.010,6,-0.147,0.000,0.000
11,24,-1.918,2.000,1.000,79,2.353,5.438,5.000,50,-1.097,4.000,3.142,24,3.130,3.000,1.000,1,-0.781,0.000,0.000,5,-0.142,0.000,0.000,9,-2.784,0.000,2.000,11,0.765,1.368,0.000
12,39,-0.888,2.026,4.000,64,-6.804,3.020,7.381,29,-0.765,1.188,1.050,21,-4.067,0.321,2.274,4,1.367,0.000,0.000,2,-0.142,0.000,0.000,14,3.135,1.135,0.000,9,0.110,1.000,0.135
13,50,2.899,4.386,2.000,83,4.973,7.357,3.172,48,4.236,3.000,0.271,23,2.114,1.000,0.002,6,-0.985,1.000,1.135,3,-1.193,0.000,1.000,7,2.901,1.000,0.027,5,3.584,2.135,0.007
14,40,5.133,3.001,0.050,46,8.127,6.135,2.050,49,2.896,2.000,2.000,38,8.900,7.000,1.368,4,0.049,0.000,0.000,1,-0.142,0.000,0.000,8,-2.066,0.000,1.001,6,1.356,1.000,0.000
15,49,-7.385,2.001,3.050,62,-8.017,2.203,5.517,56,4.956,5.000,0.018,22,-1.946,1.007,1.000,1,-0.142,0.000,0.000,3,-0.352,0.000,0.000,16,-2.418,1.050,1.000,7,3.934,3.000,0.135
16,35,-3.485,1.137,2.000,48,3.781,6.503,2.000,29,-2.111,1.188,2.000,15,1.374,1.000,0.000,9,1.633,2.000,1.000,2,-0.000,0.000,0.000,18,-0.505,1.000,0.553,6,-0.028,0.000,0.000
17,41,2.331,0.928,1.000,66,3.608,6.000,3.000,32,0.775,2.050,1.368,23,-1.497,3.000,3.000,2,2.678,2.000,0.000,4,0.128,0.368,0.000,12,2.555,1.050,0.000,19,-2.133,3.000,4.000
18,44,2.323,4.138,1.002,49,-6.733,4.025,7.368,41,2.710,5.373,2.051,38,3.246,6.000,6.000,1,-0.142,0.000,0.000,2,0.337,0.000,0.000,13,1.288,1.368,1.000,12,1.297,2.050,0.018
19,41,-6.790,1.019,4.135,44,6.193,3.217,2.185,23,4.174,4.050,1.135,19,-0.088,2.000,2.000,4,-0.284,0.000,0.000,0,0.000,0.000,0.000,8,1.513,2.000,0.010,7,-0.093,0.000,0.000
20,32,-2.296,2.057,3.000,53,-0.607,3.736,2.503,30,4.115,2.185,1.000,18,-2.080,0.000,1.135,2,-0.019,0.000,0.000,3,-0.569,0.000,0.000,8,3.107,2.000,0.001,2,-0.011,0.000,0.000
21,57,-0.800,3.000,2.368,81,-5.952,2.037,6.786,34,2.204,2.000,0.000,30,6.154,3.000,2.001,2,-0.284,0.000,0.000,5,-0.000,0.000,0.000,6,-3.221,0.000,1.010,3,-0.902,0.000,0.000
22,54,-4.003,4.437,5.000,73,-1.566,6.571,6.000,22,-3.421,0.000,1.000,56,7.604,7.407,5.368,4,-1.264,0.000,0.503,2,-0.142,0.000,0.000,15,1.976,5.000,2.549,1,-0.142,0.000,0.000
23,157,0.979,7.198,6.368,213,-1.182,19.131,14.987,130,0.614,5.389,5.002,122,-17.841,6.195,14.772,5,-0.524,0.000,1.000,5,0.416,1.000,1.000,45,-0.713,1.003,0.000,7,2.151,0.000,0.000
24,149,-3.607,11.046,9.553,202,-13.981,12.634,20.188,93,8.293,11.418,5.000,69,4.587,5.405,2.369,11,-1.551,1.000,1.000,8,0.967,1.368,1.000,27,-1.088,5.007,3.000,10,-1.026,0.000,1.000
25,131,8.912,10.510,4.368,193,5.502,13.034,6.235,115,6.353,17.423,7.050,64,-11.215,4.100,10.185,8,-4.251,0.000,1.000,4,-0.478,0.000,0.000,34,6.293,3.369,1.751,12,1.909,2.000,1.000
26,144,-13.793,13.429,17.149,228,14.638,18.777,8.046,95,-17.172,5.204,13.075,81,-6.679,5.147,5.739,7,2.698,1.000,0.000,3,-0.194,0.000,0.000,42,-5.948,1.000,3.203,10,1.294,2.000,0.368
27,147,0.672,7.490,4.739,248,-21.118,10.054,19.422,106,0.525,7.496,7.481,228,9.014,26.416,17.021,7,1.022,0.369,0.000,1,-0.249,0.000,0.000,32,2.256,2.001,1.000,5,-1.527,0.000,1.000
28,155,-14.727,6.376,9.003,230,4.496,20.535,18.418,89,-2.101,6.009,7.007,150,14.362,21.126,10.511,8,-3.835,0.000,1.000,7,-1.006,0.000,0.000,33,-4.106,2.000,2.004,8,-1.706,0.000,1.368
29,125,-1.709,5.641,3.206,244,-5.585,18.887,14.913,105,3.514,4.050,1.154,82,-5.852,5.138,6.503,15,-0.340,1.000,0.000,5,-1.879,1.000,1.000,45,-7.785,2.436,5.206,4,2.227,2.000,0.000
30,175,-9.980,9.475,13.003,240,-11.428,18.485,14.398,84,8.350,8.368,2.779,75,-0.190,3.135,3.505,13,3.989,2.000,0.000,7,-2.103,0.000,1.368,11,-2.462,0.055,1.004,17,-2.433,0.000,1.000
31,120,-12.480,2.001,6.368,237,10.045,21.401,11.518,87,3.439,4.013,5.001,86,2.378,6.089,4.879,10,3.362,2.000,0.135,14,-0.245,1.000,2.000,50,4.721,7.425,1.000,32,8.786,6.050,2.000
32,114,5.209,8.381,5.057,201,9.771,14.525,8.356,133,19.872,21.057,9.185,81,9.591,12.527,5.001,8,-0.465,0.001,1.000,6,-0.194,0.000,0.000,47,-4.740,4.003,6.000,31,5.859,2.736,1.000
33,142,-14.645,5.106,9.006,348,1.107,34.738,28.690,127,3.487,12.740,8.026,86,-3.130,7.574,7.071,17,-2.024,1.736,2.104,12,5.472,2.000,0.000,44,-3.685,3.018,3.000,11,4.810,4.000,0.368
34,138,-3.802,6.018,8.110,336,6.411,28.541,20.601,137,9.881,15.246,5.645,107,0.113,8.523,9.503,3,-0.161,0.000,0.000,3,2.560,1.000,0.000,44,-2.500,2.002,2.000,3,0.306,0.000,0.000
35,138,-8.627,4.069,7.143,243,-18.357,9.631,16.982,71,0.507,6.154,2.037,94,8.831,12.289,5.536,11,0.699,0.000,0.000,1,-0.693,0.000,0.000,46,4.481,3.002,2.276,7,-0.644,0.000,0.000
36,151,-5.245,11.156,9.010,255,-14.039,11.856,17.371,74,1.616,4.086,3.526,77,-3.216,6.553,7.051,10,0.428,0.000,0.000,6,-0.377,0.000,0.000,29,-0.034,1.368,2.202,4,2.787,2.000,0.000
37,157,13.975,14.051,5.059,248,-8.876,12.662,13.467,112,11.094,8.420,4.427,103,3.627,12.046,8.136,11,0.049,1.000,1.000,6,0.899,0.368,0.000,23,3.872,1.368,0.000,9,-0.270,0.000,1.000
38,146,-13.243,7.043,10.057,235,11.012,18.640,12.817,155,0.546,11.939,9.775,109,16.487,18.558,6.021,5,-1.346,0.000,1.000,10,-1.832,1.000,1.000,35,8.665,6.007,0.011,12,2.560,2.368,0.000
39,133,0.810,12.928,12.368,239,-3.600,23.690,19.204,144,5.102,12.924,9.142,142,0.526,21.543,16.339,9,-0.526,1.000,1.000,10,-0.224,2.000,2.000,42,-2.716,2.154,4.035,19,5.729,2.368,0.000
40,141,-9.954,10.064,9.369,254,4.689,25.159,17.652,97,7.926,8.055,4.050,96,-5.541,5.148,7.522,15,-0.719,1.000,2.000,3,0.454,0.000,0.000,42,-6.527,2.038,5.549,5,0.032,0.000,0.000
41,179,12.070,13.036,5.518,239,11.711,14.949,9.874,77,4.523,2.007,2.018,93,-7.838,6.895,6.192,5,0.209,0.000,0.000,8,-4.305,0.000,2.000,30,-2.674,2.000,5.000,10,0.836,1.000,0.000
42,159,-1.973,8.138,7.708,271,7.016,17.774,12.450,69,3.431,4.050,2.872,75,1.295,4.562,3.135,10,-0.651,1.000,1.000,21,-0.689,2.368,3.000,32,-0.570,3.000,1.000,9,1.896,1.368,0.000
43,188,-8.964,11.437,9.059,227,-13.377,17.567,20.610,90,5.672,4.406,1.000,99,6.933,13.326,4.138,14,5.269,3.000,0.000,9,0.256,1.368,1.000,33,-2.828,2.000,3.000,7,-0.044,1.000,1.000
44,207,-12.038,10.514,12.108,282,-31.898,13.827,28.713,93,7.716,8.035,3.105,82,-3.112,5.556,5.000,15,2.653,2.000,0.000,2,-0.142,0.000,0.000,36,2.531,2.000,1.000,7,-0.994,0.000,0.000
45,206,14.314,13.186,6.375,250,7.737,19.759,16.660,109,14.656,16.420,4.294,85,6.418,5.520,1.754,14,0.701,1.000,0.135,2,0.944,1.000,0.000,36,3.439,3.375,1.576,18,3.599,3.368,2.135
46,220,1.156,18.721,10.122,228,20.158,24.958,11.402,127,30.530,18.368,6.368,59,5.917,7.738,2.154,18,-1.533,0.368,2.000,7,-3.273,0.000,1.368,37,-4.880,1.368,3.098,18,-2.101,3.050,3.000
47,215,25.336,21.143,5.368,236,-12.771,18.253,25.173,101,-1.525,7.010,6.368,80,1.842,6.799,4.106,4,1.023,1.000,0.000,6,2.544,1.000,0.000,37,2.221,5.018,3.553,26,1.255,1.000,1.018
48,201,3.760,9.645,7.077,271,-2.609,15.481,17.896,67,12.769,9.026,0.001,71,-8.480,0.814,6.524,12,-0.720,0.000,0.000,4,-2.650,0.000,1.000,23,-3.161,3.000,2.000,8,-2.130,0.000,1.000
49,184,-9.407,8.529,7.753,249,-21.333,13.538,23.940,85,10.367,8.002,2.118,109,-5.856,8.277,10.007,18,-1.539,0.000,1.000,9,0.329,1.000,1.000,20,1.449,1.007,0.000,17,-0.070,0.503,0.000
50,169,-8.746,7.507,9.379,231,-8.530,17.342,16.495,78,2.184,4.508,3.000,84,-9.181,2.472,4.001,15,1.856,2.000,1.000,6,1.434,1.000,1.000,31,6.512,4.001,0.000,12,3.310,2.000,0.000
51,205,5.305,13.947,4.050,217,-17.424,12.562,19.007,70,11.023,9.428,0.071,95,-5.089,7.396,7.272,14,2.858,2.000,0.000,5,-1.906,0.000,0.000,32,-1.995,1.368,2.000,17,2.599,1.050,0.000
52,223,11.337,17.736,11.145,235,0.729,11.057,12.606,90,7.435,14.009,6.368,95,-5.261,6.021,9.006,15,3.548,2.000,0.000,12,0.975,1.000,1.000,25,3.959,4.002,0.000,28,4.935,3.050,1.000
53,202,13.709,17.522,7.001,228,-3.877,20.120,23.921,78,3.821,10.280,6.142,106,7.594,10.048,3.003,9,-3.595,0.001,1.000,12,2.931,3.000,1.000,45,-5.508,1.003,4.001,25,1.479,2.000,1.368
54,136,-7.917,7.898,5.368,263,-9.148,18.792,18.512,98,1.376,9.135,8.161,69,5.767,7.246,4.058,16,2.922,3.000,2.000,2,0.337,0.000,0.000,26,-4.785,0.000,1.549,15,4.069,3.000,1.000
55,159,2.841,9.110,2.058,250,6.124,18.482,16.629,56,6.719,5.135,0.368,70,-6.929,3.075,4.135,12,1.107,0.000,0.000,9,0.610,2.000,1.000,24,-1.951,2.002,3.031,12,-0.589,1.000,0.000
56,210,-17.711,12.739,15.737,214,-12.761,13.817,19.014,58,1.970,4.368,3.018,66,-11.791,1.037,6.368,28,0.843,2.000,0.000,11,2.752,1.000,0.000,26,1.515,2.000,0.004,19,-6.375,0.000,5.018
57,136,10.876,10.660,3.023,276,-14.649,12.636,16.069,58,4.111,3.018,2.138,61,4.945,5.377,5.057,14,-0.884,1.001,1.000,6,-0.167,0.000,0.000,23,-0.280,2.050,2.000,14,1.193,1.018,1.000
58,177,-0.123,15.558,9.000,264,-6.717,12.801,15.586,63,6.700,9.407,3.010,85,-1.653,4.138,5.069,12,0.309,0.000,0.000,5,0.735,0.000,0.000,30,-1.734,1.000,1.237,35,2.633,5.239,3.000
59,0,0.000,0.000,0.000,0,0.000,0.000,0.000,0,0.000,0.000,0.000,0,0.000,0.000,0.000,0,0.000,0.000,0.000,0,0.000,0.000,0.000,0,0.000,0.000,0.000,0,0.000,0.000,0.000
60,129,12.201,9.007,3.135,168,-0.041,13.457,9.290,73,-0.152,8.386,6.053,54,2.488,7.135,6.271,16,-4.832,0.000,2.000,7,-2.557,0.000,1.000,39,-1.913,2.004,2.078,21,1.611,3.000,1.000
61,89,3.484,8.000,4.136,190,-8.513,13.495,18.310,54,-0.033,6.000,4.037,19,3.536,2.000,1.000,10,-2.834,0.000,1.000,11,2.357,2.000,1.000,36,0.973,1.002,0.183,19,2.291,2.368,1.018
62,101,-3.469,5.022,6.007,189,22.186,21.531,6.369,56,0.994,2.503,2.005,3,0.639,0.000,0.000,18,-1.322,0.000,1.000,5,1.264,1.000,0.000,30,4.217,4.005,2.404,10,1.334,1.000,0.000
63,98,-6.527,4.019,6.057,179,1.229,15.203,7.051,46,6.616,3.135,1.001,4,1.729,1.000,0.000,14,4.062,1.000,0.000,4,-0.142,0.000,0.000,15,-4.350,0.000,2.000,7,1.390,1.000,0.000
64,91,6.002,9.001,1.007,162,-1.497,7.657,8.290,69,-0.264,4.050,1.000,7,-1.066,1.000,1.000,10,2.024,1.000,0.000,4,-1.062,0.000,1.000,46,12.196,4.002,0.282,5,1.842,1.000,0.000
65,105,-2.476,3.369,6.021,146,-1.095,8.163,9.018,49,0.620,4.503,5.000,14,1.054,2.000,1.000,10,-0.448,0.000,1.000,2,1.523,1.000,0.000,16,2.211,1.018,1.202,18,2.437,2.000,0.000
66,99,-1.025,5.736,5.000,129,-0.135,13.000,6.050,69,1.496,8.271,6.001,11,1.479,2.000,1.000,14,-1.048,0.000,0.000,6,-2.394,0.000,1.000,26,-2.106,0.003,2.300,17,6.638,5.000,3.000
67,102,19.832,15.745,3.368,52,10.390,9.000,1.003,65,-7.121,6.368,6.050,25,4.586,3.018,2.000,11,1.477,1.000,0.000,9,0.187,1.000,1.000,11,-0.131,1.370,1.000,30,-0.483,7.000,4.000
68,108,-0.787,7.159,5.068,37,3.829,7.100,5.000,54,14.207,9.025,2.000,29,2.944,3.026,0.000,11,-1.552,1.000,1.000,14,6.223,3.000,0.000,21,2.413,3.135,3.202,17,1.306,2.503,2.000
69,143,7.326,11.136,5.156,45,-0.926,2.000,2.154,50,-0.174,6.368,2.000,54,-1.608,4.003,3.000,7,-0.284,0.000,0.000,10,-0.416,0.000,0.000,26,2.355,2.000,0.549,6,2.537,1.050,0.000
70,140,-4.197,4.385,8.102,48,5.782,7.000,3.018,62,0.935,6.375,4.059,80,11.586,9.204,3.000,11,-2.462,0.000,1.000,2,-0.686,0.000,0.000,22,5.822,4.002,1.000,7,2.021,2.000,0.000
71,146,-15.756,6.522,11.368,58,-0.317,4.050,4.000,44,-6.382,1.001,3.068,82,-3.948,7.503,10.000,12,3.979,2.000,0.000,8,1.381,0.000,0.000,25,1.914,4.000,2.000,4,1.136,1.000,0.000
72,158,6.559,9.308,6.183,47,-1.588,7.418,4.009,48,7.378,6.001,1.013,101,-5.196,7.792,11.000,17,0.451,0.000,0.000,4,1.648,1.000,0.000,15,-0.847,0.000,1.004,18,1.903,3.000,2.000
73,204,4.025,17.779,10.823,62,2.217,8.375,5.503,98,9.672,15.736,8.375,133,21.133,22.034,12.001,25,-2.884,1.000,2.503,15,-1.329,0.000,1.000,17,-5.592,1.000,2.004,16,-0.337,0.000,0.000
74,194,8.531,23.947,9.475,132,-21.827,12.277,15.982,150,9.430,26.057,19.657,120,-9.925,13.522,18.000,18,-1.038,0.368,1.503,18,1.468,2.000,0.000,38,7.322,5.000,0.350,18,-2.614,1.135,2.000
75,155,6.439,8.528,6.001,184,-4.115,17.493,14.943,74,10.050,8.008,2.000,117,-10.457,5.030,11.002,10,-0.814,1.000,1.000,10,1.594,1.000,0.000,35,1.692,2.368,1.606,21,6.430,4.368,0.000
76,154,2.401,12.874,9.424,239,3.572,21.438,13.897,64,-0.976,3.009,3.368,85,10.270,7.736,1.391,15,-0.729,0.000,0.000,11,0.521,1.000,0.000,22,-1.645,2.000,2.027,10,0.826,0.000,0.000
77,151,-1.018,14.378,8.064,241,-16.571,14.145,19.207,76,6.357,6.458,3.018,98,-1.845,7.738,4.737,7,-0.534,0.000,0.000,10,1.046,1.000,0.000,23,2.004,1.154,1.000,7,-1.758,0.135,1.000
78,141,1.843,13.055,8.156,169,-2.599,11.418,10.285,27,2.599,5.007,2.387,90,6.388,9.381,6.000,9,-2.408,1.000,1.000,11,-0.532,0.000,1.000,12,3.109,2.000,1.000,8,-4.199,0.000,2.000
79,146,-3.627,10.540,7.345,266,1.872,16.383,18.320,54,5.222,8.050,5.368,85,-6.790,4.768,9.418,18,-0.217,0.000,0.000,8,-0.568,1.000,1.000,32,-4.334,2.418,5.000,18,-3.777,0.000,1.000
80,184,-8.886,14.590,15.543,275,2.669,20.953,17.542,62,11.079,9.000,3.000,123,4.462,11.463,7.892,18,-1.238,0.000,1.135,16,1.768,2.000,0.000,40,8.493,9.490,2.000,25,2.090,5.000,1.000
81,159,6.078,16.436,10.368,252,-19.911,23.658,29.105,89,19.162,17.157,6.052,181,26.818,22.393,9.481,16,1.168,0.000,0.000,11,1.185,1.368,0.000,28,2.394,4.018,2.028,26,2.444,3.135,1.007
82,104,-0.133,7.725,4.204,179,-2.791,12.272,13.386,71,1.115,5.136,4.018,79,2.272,7.553,5.007,5,1.165,1.000,0.000,12,1.874,2.000,1.000,11,0.855,2.000,0.549,7,2.425,2.000,0.000
83,87,-6.374,2.018,4.059,133,-0.637,5.035,7.018,22,5.656,4.000,0.135,38,-2.787,2.102,3.504,2,-0.052,0.000,0.000,7,-0.111,0.000,0.000,10,0.161,2.368,2.000,6,0.981,0.000,0.000
84,200,1.531,8.591,7.152,215,-12.143,15.610,16.394,48,0.517,3.014,4.000,108,7.964,14.239,6.738,25,3.352,2.000,0.000,16,1.349,1.368,0.000,13,2.977,2.000,1.000,16,1.126,3.000,1.000
85,174,17.563,14.775,5.032,227,-0.985,13.457,13.140,45,3.623,3.136,1.002,86,13.572,13.149,3.000,13,-0.716,0.000,0.368,22,2.704,3.000,1.000,27,0.954,3.000,2.000,21,1.045,2.000,0.000
86,125,5.245,9.368,7.000,214,3.326,13.536,11.739,44,11.192,5.419,0.368,59,0.396,4.002,3.000,12,-2.367,0.003,1.368,7,-1.889,0.000,1.000,20,-3.269,0.007,2.000,8,4.051,2.000,0.000
87,155,15.023,16.559,7.001,149,-10.692,10.382,15.187,54,6.812,6.274,1.368,76,10.999,14.135,5.000,16,3.750,2.000,0.000,17,-0.836,2.000,3.000,11,0.533,1.000,1.000,32,0.917,3.104,2.000
88,100,1.306,9.000,2.736,147,5.573,14.874,10.000,52,5.282,7.010,2.386,30,0.055,2.023,2.000,15,-4.424,1.000,2.000,6,1.592,1.000,0.000,20,0.839,2.000,1.000,18,2.918,4.000,1.000
89,76,7.618,7.368,3.068,157,-2.101,9.788,13.510,57,1.205,5.140,2.371,64,10.458,10.376,4.467,5,-1.275,0.000,1.000,4,-0.336,0.000,0.000,19,1.337,2.000,0.202,20,7.746,5.000,1.000
90,128,5.711,8.055,5.389,170,-14.644,8.531,14.137,38,-0.632,3.003,4.050,77,-0.004,10.738,8.375,118,11.823,17.307,11.000,20,2.799,6.000,4.368,27,1.560,3.000,1.751,6,1.369,1.368,0.000
91,93,-1.874,2.149,3.005,166,-3.417,11.873,13.826,34,-5.200,2.003,4.002,60,-1.263,6.000,6.472,8,0.082,1.000,0.000,2,-0.142,0.000,0.000,15,0.919,1.000,1.000,7,0.646,1.000,0.000
92,77,-4.634,3.000,3.096,118,8.274,7.002,2.185,32,-1.594,2.000,2.050,64,-1.595,7.021,7.001,41,-3.914,1.000,2.000,11,4.101,2.000,0.000,8,0.693,0.000,0.000,9,0.238,0.368,0.000
93,84,4.280,6.156,2.368,184,4.183,13.371,9.021,31,-1.811,0.003,0.000,47,-5.795,3.135,3.007,105,14.094,12.050,5.154,5,-0.146,0.368,1.000,21,-4.623,1.003,3.000,14,6.980,3.368,0.000
94,68,-5.927,2.371,3.050,126,2.434,8.762,5.407,40,-2.903,2.135,4.000,25,2.590,1.503,1.000,39,6.215,4.368,1.000,8,-0.661,0.000,0.000,11,3.824,2.000,0.000,7,-0.918,1.000,1.000
95,72,3.598,5.368,2.763,109,2.244,8.426,6.425,47,-4.606,3.273,4.000,31,-5.962,2.431,3.001,102,13.090,12.503,4.368,8,3.003,2.000,0.000,17,-1.593,1.000,2.404,13,-1.870,1.000,2.000
96,80,9.687,12.002,5.000,140,2.458,8.376,7.836,48,5.596,6.138,1.001,26,1.362,5.122,2.368,89,10.090,9.503,5.050,7,-5.543,1.000,3.000,17,-0.958,1.000,1.000,11,1.429,0.000,0.000
97,105,-5.197,6.893,5.057,195,-9.281,11.275,13.071,32,0.517,3.000,1.010,57,-1.645,7.639,3.369,10,-0.071,0.000,0.000,6,-0.220,0.000,0.000,22,-5.964,0.000,3.004,5,1.459,1.000,0.000
98,147,-3.851,9.386,9.007,244,1.332,13.543,12.091,46,2.354,5.368,3.375,78,5.756,5.610,2.419,20,-1.477,0.000,0.000,11,0.580,0.000,0.000,23,2.460,3.002,0.000,17,0.556,1.000,0.000
99,152,4.674,11.176,7.298,246,-2.118,13.053,14.044,45,5.372,6.110,2.000,85,15.462,10.320,4.000,30,-0.679,0.368,1.000,13,-1.304,0.000,0.000,26,2.233,3.000,1.004,13,2.565,2.104,0.000
100,83,-2.261,3.508,2.503,157,4.769,10.389,8.136,53,7.468,8.368,3.368,86,27.441,17.761,3.015,6,-1.577,0.000,0.000,15,1.109,2.000,0.368,16,-0.773,1.000,1.405,8,-1.719,0.000,1.000
101,65,10.227,8.135,2.051,120,-13.984,5.154,9.002,42,1.022,2.377,1.137,29,-8.077,1.028,3.000,6,0.905,1.000,0.000,9,1.019,1.000,0.000,16,6.678,3.369,0.000,5,4.385,3.000,0.000
102,66,-3.741,0.000,5.138,110,-13.522,10.560,16.018,38,12.114,7.002,0.001,75,-6.299,9.000,11.007,14,3.621,2.000,0.000,6,-0.345,0.000,1.000,18,-2.683,2.000,2.000,22,-3.898,3.000,3.406
103,84,3.925,6.154,5.172,126,2.819,12.369,10.013,46,-1.526,5.185,5.002,59,3.274,6.574,6.368,33,2.605,3.000,3.000,13,0.123,0.000,1.000,10,1.414,1.002,1.001,15,-0.199,2.000,2.368
104,87,-8.206,4.406,9.000,130,9.483,11.368,3.759,30,3.414,2.000,1.002,57,1.799,4.140,3.136,14,5.576,2.000,0.000,13,2.269,1.000,0.000,15,-1.123,1.000,1.000,4,2.407,1.000,0.000
105,78,7.204,6.000,2.211,140,-8.831,8.743,10.018,32,-2.510,0.418,1.007,31,6.814,4.506,1.000,17,1.952,3.000,1.000,9,3.562,2.000,0.368,13,1.004,1.000,1.000,8,-1.347,1.000,1.000
106,96,5.519,5.554,0.019,127,0.685,8.892,10.664,33,0.546,2.000,1.025,77,18.238,15.039,3.368,10,3.078,1.000,0.000,3,-0.142,0.000,0.000,15,-4.011,1.000,3.000,8,4.037,2.000,0.000
107,58,10.229,8.512,3.050,125,-5.526,7.167,10.000,33,13.734,7.050,1.000,64,2.066,12.368,10.000,25,1.329,2.368,0.000,5,-2.990,0.000,1.000,19,0.024,0.000,1.004,8,-0.454,1.000,0.000
108,96,5.256,7.896,4.050,111,3.514,7.911,4.000,37,2.153,2.272,2.000,22,3.032,2.271,0.541,82,16.658,20.368,7.000,9,2.322,1.000,0.000,14,4.577,2.000,0.001,16,3.287,3.000,2.000
109,39,3.043,5.000,2.037,110,2.124,4.743,4.155,33,-1.504,1.000,1.000,61,20.243,13.368,1.000,103,15.246,17.754,3.000,12,-1.741,0.000,1.736,11,0.426,0.000,0.000,21,2.489,2.000,1.135
110,94,5.932,10.503,4.387,152,-2.886,12.893,9.186,44,3.948,6.000,2.368,100,-10.608,12.368,13.000,111,-3.859,13.639,10.503,4,1.058,1.000,0.000,13,2.391,0.386,0.000,5,0.031,0.368,0.000
111,170,0.553,12.160,9.424,203,-7.043,15.977,15.437,47,7.619,8.000,2.007,106,2.703,13.737,10.104,83,11.864,12.503,3.000,23,-1.734,2.000,1.000,21,-2.542,2.000,2.007,12,5.074,4.368,0.000
112,189,18.317,21.842,13.444,258,19.002,28.211,10.527,44,4.241,2.000,2.018,122,-0.302,9.780,11.000,76,9.431,10.239,6.368,15,0.675,1.000,1.000,33,-5.149,1.001,3.008,24,-2.802,3.000,2.736
113,106,11.559,13.203,4.140,112,-1.845,8.418,6.386,34,-2.429,2.000,3.135,74,14.531,11.345,3.368,34,5.931,5.000,1.018,7,2.751,1.000,0.000,12,-2.243,1.002,3.000,13,0.041,3.000,1.736
114,122,-4.157,6.975,7.243,127,-12.859,3.560,12.145,31,6.072,3.000,0.000,32,5.302,4.002,1.503,41,-0.401,4.135,4.000,7,-2.156,0.000,1.000,18,-1.727,0.000,1.000,9,0.348,1.000,0.000
115,206,-5.553,12.456,13.490,204,3.691,16.688,14.000,93,13.937,11.524,1.503,75,2.842,11.185,4.135,18,1.410,1.000,0.000,13,0.116,1.000,0.000,30,-2.378,1.522,2.000,17,4.341,3.368,0.000
116,153,9.593,20.707,8.001,180,10.528,19.958,9.437,97,-4.465,9.244,6.387,112,-1.158,11.928,6.371,32,7.421,4.000,0.000,8,-0.710,0.000,0.000,31,-7.708,2.386,6.231,26,4.808,3.368,2.000
117,139,6.196,11.160,5.472,109,6.967,13.000,10.000,72,-0.636,5.069,3.000,79,13.020,9.018,4.000,16,0.092,3.000,2.000,6,0.792,0.000,0.000,22,-9.414,0.000,4.105,7,-0.955,0.000,0.000
118,126,-1.708,7.237,6.186,63,-1.682,6.553,3.000,32,-0.531,3.185,2.007,39,0.327,2.018,1.000,11,-0.643,0.000,1.000,14,-1.296,1.000,1.000,14,0.075,1.368,3.000,8,1.945,1.000,1.000
119,122,-4.505,7.000,6.155,53,2.657,4.000,2.510,54,2.043,7.052,3.135,25,-1.749,1.002,2.001,18,1.995,2.000,1.000,14,-2.252,1.000,1.368,12,-2.080,0.000,1.000,13,0.969,1.000,0.368
120,138,-0.942,8.368,4.606,41,-4.225,1.368,2.000,46,1.911,2.002,3.000,51,1.089,4.138,1.736,11,-0.568,0.000,0.000,17,1.168,2.000,0.000,22,-1.755,2.001,2.550,9,1.573,1.000,0.000
121,115,0.995,6.370,3.368,54,-2.609,5.018,3.007,33,7.268,5.138,1.135,41,0.445,2.000,0.272,12,0.179,1.000,0.000,24,-0.425,0.368,1.000,13,3.178,2.018,0.000,16,-1.346,1.000,2.000
122,110,-9.392,5.653,8.001,33,-0.938,4.368,3.368,32,3.828,6.050,1.135,82,3.039,12.370,9.018,31,-4.126,0.135,3.000,21,-1.513,1.000,0.368,31,-4.371,0.000,2.004,15,-0.300,2.000,2.000
123,92,-10.369,6.368,8.001,35,8.496,7.000,2.000,47,-1.269,6.419,3.001,73,8.583,10.368,4.368,81,-0.995,7.235,5.000,5,-0.568,0.000,0.000,16,-3.246,1.018,3.000,15,-2.713,1.000,2.000
124,87,11.280,7.185,2.000,62,5.753,6.736,3.000,48,-14.237,1.368,7.000,39,18.858,12.138,0.368,80,5.267,9.418,6.271,11,-1.288,0.000,0.000,20,2.471,2.018,0.000,8,-1.327,0.000,0.000
125,55,10.417,7.368,1.000,31,2.967,3.000,1.418,26,6.212,4.050,1.000,59,10.110,9.368,6.000,24,2.260,2.368,0.000,6,-0.336,0.000,0.000,19,-5.530,0.000,3.000,8,-0.065,1.368,0.000
126,61,-13.173,2.000,6.001,44,7.379,5.000,3.000,38,2.892,4.000,2.000,13,2.789,1.000,0.000,43,-5.058,2.368,3.000,10,4.776,3.000,1.000,13,1.900,2.000,0.000,8,-1.158,0.000,0.000
127,73,10.083,9.000,4.136,36,-4.950,2.736,5.000,28,6.891,2.377,1.002,7,-1.927,1.000,1.000,54,9.088,8.418,2.135,2,-0.142,0.000,0.000,10,2.529,1.002,0.202,7,-1.468,0.000,0.000
128,44,7.322,6.000,1.000,29,-2.464,1.052,1.007,22,5.847,4.002,0.002,34,1.690,4.000,3.000,5,-0.434,0.000,1.000,5,-0.757,0.000,1.000,11,-0.392,0.185,1.002,4,-0.017,0.000,0.000
129,64,-0.022,4.000,4.172,34,5.055,5.000,2.000,30,2.196,6.002,5.000,86,22.120,16.418,5.368,34,3.502,5.368,2.000,13,2.435,1.368,1.000,9,-1.152,0.000,0.000,11,-1.297,1.000,1.000
130,58,1.156,7.050,3.135,24,0.978,2.000,2.000,26,7.695,4.057,0.018,41,9.913,8.368,2.368,56,15.807,11.000,3.000,16,3.582,2.000,0.000,20,5.362,3.050,0.000,17,3.023,3.000,1.000
131,52,8.788,6.368,2.000,38,3.998,4.000,3.000,38,-0.709,4.503,3.000,20,6.696,5.000,1.000,56,19.624,12.007,1.368,6,-0.426,0.000,0.000,14,1.308,2.018,1.000,9,0.497,1.000,0.000
132,75,-1.887,3.541,3.073,30,-3.732,1.522,3.000,38,-5.082,3.000,4.002,13,0.904,4.000,3.000,57,1.476,5.122,4.000,5,-1.488,0.000,1.000,7,2.009,1.000,0.004,7,2.553,1.000,0.000
133,63,4.400,4.000,0.271,31,-0.061,2.018,1.000,23,1.111,2.368,1.000,58,4.466,8.000,6.000,6,0.894,0.736,0.000,3,-0.189,0.000,0.000,9,-3.860,0.503,2.000,5,0.809,0.000,0.000
134,78,0.638,6.000,2.000,57,1.139,3.639,3.370,35,4.219,3.368,2.510,64,-1.971,6.000,8.000,7,0.422,0.000,0.000,3,-1.389,0.000,1.000,19,-5.071,2.000,2.000,8,0.718,0.000,0.000
135,89,9.645,7.000,2.018,25,-2.419,1.368,3.000,39,5.896,3.018,1.467,6,0.821,0.368,0.000,14,1.257,1.000,0.000,7,2.542,2.368,0.000,12,2.221,1.000,0.202,6,0.611,0.368,0.000
136,72,10.942,6.503,2.000,29,2.822,3.068,1.000,28,4.425,4.000,0.368,11,1.209,1.000,0.368,6,0.501,0.000,0.000,15,-0.286,0.736,0.000,15,0.127,0.000,1.000,9,-1.907,1.000,1.368
137,67,12.543,8.000,1.000,40,8.569,4.110,1.000,55,1.331,3.135,5.018,12,3.798,3.050,2.000,17,-0.180,1.368,0.000,7,1.271,1.000,0.000,21,6.810,5.000,1.000,24,2.581,4.000,1.000
138,81,8.619,7.003,1.000,49,-0.144,2.000,4.007,49,-0.601,5.375,4.368,5,4.640,3.000,0.000,22,1.547,1.000,0.000,10,1.196,0.000,0.000,20,0.203,5.000,3.000,24,-4.016,1.368,3.368
139,68,-2.140,4.000,2.000,35,-2.701,4.000,6.000,42,-4.564,4.000,4.018,10,2.364,2.000,1.000,11,1.193,1.000,0.000,5,-0.142,0.000,0.000,9,-0.310,0.000,0.004,7,1.793,1.000,0.000
140,48,1.036,3.389,2.050,39,-0.650,2.000,3.000,32,3.955,1.000,0.018,10,1.698,1.135,1.000,36,-0.593,4.000,4.000,5,-1.609,0.000,1.000,19,0.044,1.000,1.000,5,2.316,1.000,0.000
141,105,-5.643,4.562,5.007,49,-8.195,3.135,7.000,45,-0.299,2.000,5.000,9,0.078,1.000,0.000,66,6.837,9.368,4.000,10,-1.047,0.000,0.000,22,-4.121,0.014,1.202,7,0.817,0.000,0.000
142,107,2.179,7.050,3.001,56,4.382,6.000,3.000,34,1.096,1.000,0.000,20,-1.442,1.000,2.736,91,8.061,10.639,4.000,26,-0.755,4.000,3.000,25,8.621,5.160,1.000,14,2.558,2.000,0.000
143,95,7.467,5.368,0.050,54,-1.936,3.368,4.001,46,1.759,4.000,1.018,9,-1.122,0.000,0.368,162,24.743,27.142,9.000,10,1.367,1.368,0.000,16,4.652,1.736,0.004,22,0.826,2.000,3.000
144,98,-2.956,11.375,11.000,46,1.127,4.000,2.368,51,-3.578,4.503,4.050,3,-0.629,0.000,0.000,122,22.046,20.006,3.000,15,1.236,2.000,2.000,20,-3.163,1.000,1.000,20,3.161,3.000,0.000
145,72,13.857,12.000,4.135,48,-2.420,2.736,4.368,45,0.273,4.368,3.135,4,-1.485,0.000,1.000,109,12.001,22.135,9.000,12,6.249,3.000,0.000,15,3.762,3.135,0.004,22,5.260,5.018,0.000
146,88,-9.500,5.503,8.000,35,7.066,4.000,1.000,25,-0.217,2.008,3.000,2,-0.284,0.000,0.000,20,1.789,2.000,1.000,18,0.184,0.000,0.000,10,4.009,3.135,0.004,12,-4.568,0.000,2.000
147,55,7.922,5.000,2.000,19,-1.922,0.375,2.000,9,-0.799,0.000,0.000,6,-3.872,0.000,2.000,4,0.983,1.000,0.000,4,2.279,1.000,0.000,15,1.069,1.368,0.202,3,-0.336,0.000,0.000
148,60,2.564,4.136,3.001,46,-13.026,2.135,6.000,21,5.524,3.009,0.001,15,-0.932,2.000,2.000,11,-0.022,0.418,0.000,7,3.461,2.000,0.000,9,3.053,3.000,1.000,1,-0.003,0.000,0.000
149,74,3.491,8.368,3.100,55,3.308,5.000,4.007,14,-0.558,0.000,2.000,4,-2.909,0.000,2.000,6,-0.264,0.000,0.000,5,2.223,1.000,0.000,11,-4.381,0.000,2.549,8,-3.704,0.000,1.000
150,65,-2.353,7.050,8.000,36,7.766,6.000,1.000,22,5.898,6.000,0.154,7,1.071,1.000,0.000,14,-0.850,1.000,0.368,5,-1.567,0.000,1.000,15,-1.284,2.000,2.000,7,1.336,2.000,0.736
151,0,0.000,0.000,0.000,0,0.000,0.000,0.000,0,0.000,0.000,0.000,0,0.000,0.000,0.000,0,0.000,0.000,0.000,0,0.000,0.000,0.000,0,0.000,0.000,0.000,0,0.000,0.000,0.000
152,103,-1.652,6.368,5.019,59,7.173,8.007,4.000,46,9.422,6.002,3.018,9,1.068,1.000,0.000,18,-0.228,1.000,3.000,19,3.000,3.000,0.000,24,6.484,3.368,1.000,20,-4.065,2.000,4.000
153,120,-6.063,8.007,7.037,70,2.764,7.677,5.368,36,0.409,5.000,2.368,5,-0.148,0.000,0.000,14,-1.432,0.000,1.000,33,8.176,5.368,1.000,29,-3.844,1.000,3.015,21,2.218,4.000,3.000
154,114,3.233,5.185,3.376,57,5.607,8.000,3.050,32,7.108,4.100,2.000,12,1.235,1.135,1.000,22,0.057,0.000,0.000,14,0.298,0.368,0.000,28,2.483,2.002,1.000,12,-0.689,2.050,1.000
155,170,10.861,13.241,4.510,42,3.221,5.050,2.000,48,0.263,3.100,1.002,15,-2.307,2.050,3.000,26,-1.407,1.001,1.000,35,2.261,4.000,2.000,21,0.122,1.000,1.000,7,-4.325,0.000,3.000
156,198,5.460,10.160,3.142,51,1.447,7.000,5.051,56,-6.663,2.560,4.000,3,-1.901,0.000,0.000,12,-1.733,0.000,1.000,30,7.120,6.368,1.000,20,0.671,1.754,0.000,21,-2.308,3.000,3.000
157,202,37.060,27.626,9.457,68,8.293,6.000,4.000,84,6.155,8.472,5.368,14,2.263,1.368,0.000,66,4.697,11.068,4.000,90,28.635,21.000,4.000,27,-5.706,2.000,5.004,20,6.352,7.000,3.000
158,142,17.140,21.506,6.000,65,7.877,10.368,6.368,77,-4.803,4.135,6.050,14,6.571,3.000,0.000,148,26.084,22.368,7.386,121,56.444,35.271,5.368,29,4.717,4.406,0.000,22,6.894,3.368,0.000
159,151,-2.312,5.239,6.000,67,13.007,7.000,2.000,54,8.249,8.018,3.001,15,8.016,4.000,2.000,111,12.228,13.510,5.000,25,-0.571,1.000,2.000,14,4.018,2.000,0.000,22,2.753,2.135,1.000
160,138,17.437,16.368,4.136,58,4.046,8.368,3.003,38,8.057,6.009,2.020,17,-1.107,1.050,2.000,69,2.005,6.368,3.000,29,0.389,3.000,2.000,25,1.497,2.000,1.000,10,4.222,2.050,0.000
161,124,8.226,10.368,3.002,59,-8.650,2.375,9.000,35,5.616,4.135,0.000,14,-1.408,0.000,2.000,124,17.799,14.607,1.000,25,-1.900,0.000,2.000,22,-3.380,0.000,1.004,3,-0.068,0.000,0.000
162,147,25.454,15.368,3.001,53,1.899,3.050,1.737,33,-2.157,0.100,3.000,19,9.253,3.000,0.007,119,-5.070,16.011,9.418,17,0.349,2.368,1.000,21,0.911,2.003,1.000,17,2.076,2.000,1.000
163,101,5.791,4.001,0.007,71,15.823,10.553,5.138,30,3.558,3.000,1.018,5,0.170,0.000,0.000,88,6.493,15.000,5.100,13,1.418,3.000,1.000,21,-1.638,1.368,1.202,7,0.419,0.000,0.007
164,92,2.495,7.018,5.369,53,-1.481,4.002,2.871,38,9.134,6.000,1.000,7,3.170,1.000,0.000,63,7.220,6.736,0.018,6,-0.500,0.000,0.000,23,-2.950,1.000,3.000,18,1.056,1.000,0.736
165,85,20.868,16.386,4.000,41,12.242,10.000,3.000,54,6.392,7.100,4.050,4,2.958,2.000,0.000,18,0.620,2.000,1.000,19,-0.636,0.368,2.000,24,-9.863,0.018,4.202,18,4.621,4.000,0.368
166,167,41.942,28.424,3.000,47,10.625,6.185,0.000,60,12.974,15.000,3.002,21,1.317,2.000,2.000,35,-0.076,4.000,2.000,13,0.703,0.000,0.000,32,8.561,5.000,1.000,16,6.219,3.000,1.000
167,83,6.049,7.386,1.050,63,1.153,8.002,6.000,61,-0.568,5.136,5.002,8,-0.934,0.000,0.000,25,5.789,4.000,1.000,7,-2.308,0.000,1.000,24,-1.443,1.005,1.004,12,3.985,3.000,1.386
168,91,9.252,8.370,1.754,79,-8.138,4.142,8.005,21,3.635,2.000,0.000,7,-2.251,0.000,1.000,38,2.698,3.368,0.000,19,5.897,3.000,1.000,17,-0.314,1.000,1.027,9,-1.898,0.050,1.000
169,136,-6.767,7.135,4.135,60,1.975,5.368,3.007,27,2.855,2.000,3.002,21,-0.174,4.000,1.000,71,8.225,9.000,3.000,31,4.464,3.000,1.000,26,-0.900,2.000,1.778,8,3.822,3.000,0.000
170,182,-3.721,8.135,10.007,67,-0.684,6.001,4.143,34,-6.198,1.000,4.024,18,-4.968,1.000,3.000,97,7.157,12.007,8.368,20,0.457,3.000,1.000,18,-5.656,0.138,2.000,16,0.645,1.368,1.000
171,123,2.583,9.154,7.000,61,-7.042,5.000,9.002,41,-1.384,4.001,4.000,24,-1.261,0.050,2.375,4,-0.142,0.000,0.000,25,0.681,2.000,0.000,23,1.904,1.271,0.000,20,8.959,5.000,0.000
172,88,-4.509,2.368,2.135,66,2.306,8.136,4.135,53,-7.248,4.135,8.472,17,2.661,3.000,1.000,54,5.005,8.000,3.000,126,16.962,21.000,12.000,20,-1.813,3.522,3.000,18,3.292,2.503,1.000
173,117,0.026,6.368,4.000,72,-1.629,8.368,11.000,74,9.803,11.008,3.754,4,-2.146,0.368,2.000,19,1.902,4.000,2.000,90,6.665,19.472,11.000,24,-2.527,1.000,2.029,17,7.601,3.000,0.000
174,81,-2.513,3.142,2.199,55,4.121,7.135,7.000,39,3.652,4.000,2.000,8,-2.583,1.000,2.000,21,4.214,3.000,0.000,17,0.404,1.000,1.000,16,0.117,1.000,2.000,12,-2.998,2.050,1.000
175,114,9.762,10.000,2.002,57,-4.306,4.000,5.000,37,-3.106,1.871,4.368,15,2.593,2.000,1.000,19,1.302,1.000,0.000,17,2.552,3.000,1.000,22,-0.522,0.154,0.027,10,0.857,0.000,1.000
176,139,-1.028,8.122,9.050,61,0.565,8.001,6.138,45,3.107,2.000,3.000,28,0.951,4.013,3.000,20,3.029,2.000,0.000,15,4.115,2.000,0.000,25,2.010,4.503,2.007,10,3.388,3.000,0.000
177,147,-10.838,4.836,8.050,83,-5.227,5.200,7.138,62,15.065,12.143,0.002,14,2.563,0.368,0.000,49,4.937,3.000,1.000,15,-3.520,1.000,3.000,15,5.271,3.135,0.000,15,4.378,2.000,0.000
178,176,3.418,9.407,6.101,87,17.666,14.150,3.140,39,-0.217,3.000,3.000,9,0.716,0.000,0.000,131,17.750,17.693,6.368,22,-0.170,1.000,1.000,26,-0.763,3.000,4.098,23,0.598,2.271,3.000
179,128,14.724,11.000,3.001,51,10.835,6.050,2.000,61,3.793,7.368,2.152,9,1.081,1.000,0.000,199,13.057,23.258,11.736,23,1.711,2.000,0.368,25,10.056,4.138,1.000,17,-1.879,2.000,3.000
180,136,1.919,4.553,2.000,62,-14.236,2.503,6.000,47,-0.522,4.522,3.021,4,1.760,2.000,1.000,81,15.003,14.472,3.000,8,-1.476,1.000,1.000,23,0.147,0.007,1.000,18,4.752,4.000,0.000
181,204,3.796,10.062,6.369,84,-3.363,3.001,6.005,41,8.021,5.002,2.000,13,7.209,4.000,0.000,58,19.729,11.289,0.000,11,3.035,1.000,0.000,24,-3.547,2.007,5.000,6,1.729,1.000,0.000
182,220,4.195,14.467,10.481,103,-1.204,9.002,7.023,46,5.932,5.000,2.118,13,2.758,1.000,0.007,49,0.137,4.007,1.000,30,0.304,1.000,1.000,30,7.658,5.001,1.074,13,2.289,1.000,0.000
183,194,14.926,20.149,6.553,46,-2.505,4.051,3.002,29,2.678,3.368,0.368,13,6.508,3.000,0.000,88,12.779,11.368,3.000,17,2.730,1.000,0.000,16,-2.913,0.000,0.000,13,6.284,2.000,0.000
184,221,18.488,19.522,7.368,57,-3.927,3.000,4.003,66,1.365,3.008,3.003,14,0.985,2.000,1.000,127,12.351,16.104,1.135,21,1.684,2.000,0.000,29,-2.409,1.000,3.000,28,-2.843,2.000,2.000
185,322,7.916,37.774,22.135,60,12.646,11.368,3.000,64,0.630,6.000,3.037,5,2.837,1.000,0.000,222,36.474,40.756,10.871,38,2.959,5.135,3.000,21,2.647,2.000,0.000,21,1.428,1.000,1.000
186,349,51.390,48.544,19.368,51,4.226,9.418,5.000,44,-0.346,7.000,7.050,4,2.592,2.000,0.000,181,31.907,28.736,7.503,44,0.917,6.000,4.000,29,-2.434,2.001,2.000,35,-1.254,3.000,2.736
187,339,35.324,38.752,22.000,45,4.894,6.000,3.002,38,-0.926,6.369,5.007,4,-2.750,0.000,1.000,117,10.010,12.006,5.050,20,-0.455,1.368,2.000,14,1.744,2.000,0.000,5,3.000,1.736,0.000
188,213,11.016,14.660,9.000,55,4.482,5.000,4.018,31,-1.018,4.503,4.018,11,10.865,5.000,0.000,54,12.051,10.000,3.000,10,0.846,0.368,0.000,29,-1.938,1.000,2.004,12,4.405,3.000,1.000
189,92,9.055,5.000,1.000,78,-1.067,7.050,6.002,49,4.698,4.506,2.018,28,1.355,4.000,4.135,38,-2.355,5.000,4.368,9,2.908,1.000,0.000,28,2.490,3.368,2.202,11,5.063,3.135,0.000
190,137,-0.069,5.019,3.000,79,-2.655,10.135,7.000,40,1.244,1.000,0.000,9,-0.936,0.000,0.000,29,7.168,6.135,1.000,11,-0.622,0.000,0.000,29,-6.009,3.007,7.000,10,-0.909,2.000,2.000
191,169,-2.544,7.477,6.000,60,-4.091,3.135,5.000,48,4.217,3.368,2.001,20,0.165,2.001,1.000,54,2.040,6.000,3.000,18,4.919,3.368,0.000,16,7.227,3.000,0.000,12,1.484,1.000,0.000
192,223,1.309,13.368,9.000,52,8.017,6.368,1.000,54,11.907,12.370,3.037,20,19.168,9.000,0.000,51,1.297,5.154,2.000,34,7.207,6.000,0.000,22,-2.311,3.000,3.074,25,0.025,6.368,5.000
193,125,12.449,14.050,5.056,45,-1.172,4.135,2.007,75,1.661,11.369,6.000,17,7.669,6.000,1.000,52,13.413,8.000,2.000,12,4.251,2.000,0.000,25,4.182,3.503,1.074,26,3.571,3.000,1.000
194,155,-0.192,10.138,7.001,40,4.469,6.368,3.375,60,-0.649,9.002,8.025,17,-0.756,1.368,2.000,75,6.445,11.368,4.000,22,0.296,1.000,1.000,21,0.739,3.000,2.027,15,7.357,5.000,0.000
195,128,-1.376,10.368,9.118,57,-5.775,4.000,9.000,32,-2.308,1.373,3.001,9,-7.383,0.000,3.000,12,1.218,2.000,1.000,24,2.523,3.000,0.000,24,1.837,4.000,1.004,7,-0.733,0.185,0.000
196,97,1.175,3.368,4.000,59,-4.439,2.135,2.059,45,2.189,6.003,6.000,9,-2.567,1.000,2.000,15,-0.647,0.000,1.000,22,0.002,1.000,2.000,18,5.472,4.135,0.000,8,5.137,3.000,0.000
197,123,8.097,7.782,2.118,64,-6.080,3.001,3.002,46,4.567,4.000,2.025,12,0.254,2.000,1.000,15,0.568,1.000,0.000,22,0.400,2.368,1.000,20,4.415,4.000,2.000,7,1.561,1.000,0.000
198,134,1.342,6.370,4.136,63,-4.602,3.368,8.000,58,3.867,6.154,5.000,12,1.930,2.000,2.000,19,3.457,3.000,1.000,34,5.027,2.000,0.000,24,-0.086,2.000,0.000,11,-0.066,1.000,0.000
199,178,14.051,12.295,4.419,49,3.153,3.000,0.368,70,12.692,10.018,2.000,19,9.663,6.000,0.000,72,-5.186,7.002,6.000,33,1.390,4.000,1.000,19,1.229,2.368,2.000,18,1.516,3.000,0.000
200,76,7.728,7.000,3.001,35,3.871,5.000,1.000,62,-7.678,5.510,6.000,18,5.680,3.000,0.000,110,1.213,9.391,5.736,28,5.256,6.000,1.000,24,3.269,2.019,0.000,12,-0.231,1.000,1.000
201,122,-0.608,6.368,4.050,53,2.250,4.000,2.000,89,2.011,4.136,6.052,2,2.138,1.000,0.000,136,29.019,27.007,9.503,29,1.029,3.000,2.000,14,2.267,2.000,0.000,14,0.074,1.000,1.000
202,156,23.096,9.578,1.503,46,6.172,4.001,1.000,40,7.008,5.135,1.135,8,-1.669,1.000,1.000,59,12.392,8.368,0.503,27,3.369,4.000,1.135,19,1.264,2.000,1.000,9,1.146,1.000,0.000
203,145,7.493,8.240,3.000,32,8.816,5.368,0.000,58,-1.624,3.271,3.368,23,6.499,5.000,0.000,95,10.802,10.368,2.135,23,-0.922,1.000,1.000,20,-0.792,2.000,2.000,16,7.977,6.000,1.000
204,150,10.685,11.424,6.050,42,-5.269,0.001,4.000,52,-10.634,2.050,8.000,42,11.075,9.000,5.000,132,17.803,22.890,8.368,26,-0.130,0.368,0.000,15,-6.617,0.002,3.001,15,-3.124,0.000,0.368
205,143,12.731,12.210,2.037,34,7.568,4.000,1.000,38,-4.953,2.001,3.057,7,0.670,1.000,0.000,95,20.650,14.689,2.018,21,0.827,1.000,0.000,26,-3.129,2.185,2.000,12,2.968,3.000,1.000
206,139,14.610,10.378,4.000,48,0.395,3.000,5.005,44,-5.106,3.000,4.368,7,-3.112,0.000,2.000,58,2.894,7.000,4.736,17,-1.911,0.000,0.000,26,0.754,3.000,2.000,23,12.682,7.000,0.000
207,76,6.619,10.000,2.368,37,-2.297,4.000,5.000,67,-1.693,7.000,5.736,8,-1.439,0.000,1.000,115,9.682,18.000,5.135,43,6.325,6.000,2.000,21,-3.672,0.000,0.000,17,0.392,2.000,2.000
208,74,8.088,4.368,2.000,37,-0.701,3.000,5.018,56,-2.585,4.754,4.004,5,2.879,1.000,0.000,65,8.030,7.368,3.000,90,6.705,7.000,2.000,17,-3.100,3.000,4.000,12,-0.025,0.000,1.000
209,79,4.793,4.436,2.000,42,7.164,5.137,1.000,33,-1.125,5.001,5.000,9,-2.956,0.000,2.000,14,-0.204,1.000,0.000,27,0.429,0.000,0.000,26,4.613,5.000,1.000,4,2.035,1.000,0.000
210,100,-1.661,4.420,3.000,42,-0.529,2.000,3.013,47,-3.303,1.136,2.138,9,0.166,2.000,1.000,17,-0.533,0.000,0.000,34,-2.827,1.000,2.000,21,2.004,2.000,1.000,13,-1.818,1.000,2.000
211,103,7.051,9.037,6.135,46,-6.656,0.000,3.000,39,11.203,8.018,2.370,10,0.862,1.000,1.000,18,-0.762,0.000,0.000,26,-1.367,0.000,0.000,15,0.241,1.503,1.000,4,2.216,1.368,0.000
212,102,-1.169,5.000,6.271,53,-1.470,4.001,5.025,52,3.234,6.188,2.000,10,1.185,2.000,1.000,12,0.013,1.000,1.000,3,-0.142,0.000,0.000,22,-0.553,0.000,0.000,16,4.283,4.018,0.000
213,74,3.776,8.018,3.000,39,0.447,2.050,2.043,38,6.391,4.021,0.001,5,-1.428,1.000,1.000,9,-1.428,0.000,1.000,15,-9.267,2.000,6.000,11,-2.576,0.000,1.000,11,-0.910,0.000,1.000
214,50,-6.738,2.002,3.000,33,4.106,3.368,2.018,57,-3.954,4.185,7.043,7,2.887,2.000,0.000,7,0.848,1.000,1.000,25,-3.408,4.000,8.000,23,1.173,1.001,1.027,12,5.278,3.368,0.000
215,60,1.080,4.000,4.050,39,1.474,5.057,3.018,70,-1.588,7.002,5.368,4,-1.360,0.000,1.000,11,-0.284,0.000,0.000,8,1.470,1.000,0.000,16,-5.244,1.005,2.027,10,2.270,2.000,0.000
216,88,6.929,10.000,4.000,40,0.941,1.000,1.000,30,0.547,1.052,1.368,58,10.204,12.000,3.000,25,5.307,4.000,1.000,15,-0.284,0.000,0.000,23,-2.376,2.000,3.001,8,3.377,2.000,0.000
217,114,-6.082,5.368,6.000,27,2.491,3.000,1.000,53,0.406,6.000,5.370,74,32.526,22.070,5.000,60,9.008,9.000,1.000,21,1.224,2.000,1.000,25,1.117,2.503,2.001,12,7.818,5.000,1.000
218,117,-3.789,5.019,5.000,33,-0.241,2.000,1.000,38,1.284,5.368,4.086,1,-1.240,0.000,1.000,102,-0.152,14.142,9.368,25,3.816,4.000,1.000,20,-0.664,2.368,2.000,12,-0.094,2.135,2.000
219,108,5.484,9.001,7.135,33,-1.783,2.001,4.000,48,4.323,6.022,4.002,6,0.284,0.000,0.000,84,18.289,15.192,2.368,19,2.831,0.000,0.000,23,7.290,4.386,0.031,11,-1.134,3.000,2.375
220,99,9.001,8.135,4.000,29,-2.932,0.002,1.386,45,1.892,7.135,5.002,9,0.021,2.135,1.000,96,0.698,6.443,4.135,10,1.668,1.000,0.000,14,-1.472,0.000,0.000,10,0.512,0.018,0.368
221,62,-1.059,6.002,4.786,27,3.933,4.000,1.000,49,-4.397,3.001,6.000,8,-1.652,1.000,1.000,77,15.662,16.736,5.000,19,3.449,3.000,1.000,16,-0.075,0.000,0.549,18,-1.292,1.368,1.000
222,68,5.167,6.135,3.000,20,-2.840,0.000,2.000,46,-5.238,3.001,5.050,4,-1.342,0.135,1.000,115,10.931,15.037,9.000,15,2.042,1.000,0.000,23,-6.329,0.001,2.004,11,-1.718,0.000,1.000
223,70,-6.461,3.871,6.000,38,1.729,2.000,2.018,38,0.583,1.002,1.000,9,-1.049,2.000,4.000,58,13.379,8.000,1.000,5,-0.142,0.000,0.000,22,3.391,3.018,1.549,2,1.485,1.000,0.000
224,131,-8.568,5.368,9.507,30,7.893,6.000,2.001,72,-3.723,2.472,2.300,5,-1.034,0.000,1.000,117,12.181,16.368,7.736,18,0.010,1.000,1.000,16,-0.335,1.001,1.000,14,1.207,3.000,1.000
225,114,12.967,7.368,1.050,40,3.842,10.000,5.000,44,0.223,2.136,2.000,9,0.002,0.000,0.000,65,6.503,12.521,4.000,12,0.460,2.000,2.000,16,4.478,2.370,0.000,10,-1.492,0.018,1.000
226,196,16.144,14.370,6.289,42,2.301,3.154,3.000,54,13.094,11.018,2.000,9,-0.395,1.000,1.368,23,1.309,1.000,0.000,35,-1.812,0.000,1.000,24,1.458,4.000,1.000,45,1.075,5.000,2.000
227,53,-0.264,1.018,0.000,1,-0.142,0.000,0.000,12,4.278,4.000,0.000,2,2.031,1.000,0.000,9,2.450,1.000,0.000,42,5.797,2.000,0.000,4,2.197,1.000,0.000,5,0.561,1.000,0.000
228,0,0.000,0.000,0.000,0,0.000,0.000,0.000,0,0.000,0.000,0.000,0,0.000,0.000,0.000,0,0.000,0.000,0.000,0,0.000,0.000,0.000,0,0.000,0.000,0.000,0,0.000,0.000,0.000
229,0,0.000,0.000,0.000,0,0.000,0.000,0.000,0,0.000,0.000,0.000,0,0.000,0.000,0.000,0,0.000,0.000,0.000,0,0.000,0.000,0.000,0,0.000,0.000,0.000,0,0.000,0.000,0.000
230,0,0.000,0.000,0.000,0,0.000,0.000,0.000,0,0.000,0.000,0.000,0,0.000,0.000,0.000,0,0.000,0.000,0.000,0,0.000,0.000,0.000,0,0.000,0.000,0.000,0,0.000,0.000,0.000
231,0,0.000,0.000,0.000,0,0.000,0.000,0.000,0,0.000,0.000,0.000,0,0.000,0.000,0.000,0,0.000,0.000,0.000,0,0.000,0.000,0.000,0,0.000,0.000,0.000,0,0.000,0.000,0.000
232,0,0.000,0.000,0.000,0,0.000,0.000,0.000,0,0.000,0.000,0.000,0,0.000,0.000,0.000,0,0.000,0.000,0.000,0,0.000,0.000,0.000,0,0.000,0.000,0.000,0,0.000,0.000,0.000
233,62,5.272,6.000,2.000,25,2.941,2.000,0.154,14,5.325,3.000,1.000,7,0.727,0.000,0.000,38,9.115,6.000,1.000,22,2.670,2.000,0.000,11,-2.143,1.000,3.000,9,0.689,1.000,0.000
234,137,3.543,8.000,4.001,82,8.649,12.419,8.018,56,7.946,8.503,2.368,41,2.054,5.050,1.000,86,19.599,18.430,3.368,29,0.589,2.368,1.000,22,-2.643,3.368,3.808,26,4.364,3.503,0.027
235,65,0.079,3.000,2.000,12,4.053,3.000,0.018,16,4.383,2.000,0.000,8,-2.338,1.000,2.000,36,9.352,6.271,0.000,98,10.067,9.000,3.000,11,2.405,2.000,0.000,5,-0.934,0.000,1.000
236,74,6.666,5.000,1.000,18,-0.929,2.000,2.000,10,2.518,1.000,0.000,1,-0.142,0.000,0.000,47,11.159,10.339,2.000,27,0.135,1.000,0.000,9,1.846,2.008,0.000,0,0.000,0.000,0.000
237,98,11.941,6.000,0.000,21,0.698,2.000,2.000,16,0.171,1.000,0.000,5,1.513,1.000,0.000,6,-0.142,0.000,0.000,30,1.118,1.000,0.000,2,1.257,1.000,0.000,4,0.415,0.000,0.000
238,43,4.765,2.368,0.001,20,0.398,2.000,1.000,10,4.215,2.000,1.000,2,1.445,1.000,0.000,6,1.140,1.000,0.000,12,0.515,0.000,0.000,6,0.129,1.001,1.000,3,-1.044,0.000,1.000
239,83,3.287,3.271,0.000,31,0.210,3.001,1.368,10,1.452,2.000,0.000,3,-0.459,0.000,0.000,6,2.656,1.000,0.000,10,1.047,1.000,0.000,6,1.050,1.000,0.000,5,2.930,2.000,0.000
240,181,2.207,10.658,8.503,137,8.714,13.075,7.100,50,-6.612,4.052,6.000,46,0.018,4.057,2.000,43,3.115,3.000,1.000,22,1.283,6.000,3.000,42,3.419,2.021,0.149,14,0.296,1.000,0.000
241,159,0.531,11.871,9.018,164,-0.884,17.122,15.018,53,-1.878,3.138,4.000,56,9.171,8.736,2.136,96,14.146,15.018,1.736,70,3.854,5.000,2.000,37,6.236,6.004,3.001,12,0.364,1.000,0.000
242,138,-0.435,9.018,6.000,162,2.650,16.102,9.829,86,2.250,10.407,5.068,40,1.320,4.050,2.503,156,30.388,23.026,2.503,89,13.614,11.000,3.000,39,1.693,1.000,1.001,46,8.983,6.135,1.014
243,0,0.000,0.000,0.000,0,0.000,0.000,0.000,0,0.000,0.000,0.000,0,0.000,0.000,0.000,0,0.000,0.000,0.000,0,0.000,0.000,0.000,0,0.000,0.000,0.000,0,0.000,0.000,0.000
244,178,2.365,8.001,3.001,146,-12.032,12.100,14.000,90,-1.021,7.123,5.003,65,11.709,8.571,4.368,28,-1.760,0.000,2.000,42,-0.800,3.000,2.000,41,-5.208,1.368,2.004,24,-3.607,1.000,2.000
245,197,-0.710,10.812,7.100,206,-11.994,15.243,20.130,75,6.516,4.157,2.000,75,-15.538,3.204,7.774,26,-3.899,0.018,1.000,41,0.755,1.000,0.000,40,-4.356,2.001,4.000,9,-1.809,0.050,0.000
246,294,-17.643,10.253,14.000,221,10.555,20.804,8.136,80,4.439,7.000,2.001,78,-5.016,6.368,4.688,35,0.439,1.000,0.000,74,10.566,7.000,0.000,43,-4.291,2.002,2.001,26,0.672,2.135,1.000
247,250,4.357,8.725,7.204,208,-15.325,17.437,17.143,111,-0.114,7.436,4.387,96,-4.548,8.077,10.056,34,-2.708,0.000,0.000,159,8.930,10.368,2.000,41,5.679,3.000,2.004,30,-3.367,0.000,2.000
248,231,15.218,15.000,5.792,172,-8.175,10.604,10.368,74,10.594,11.441,4.021,46,2.962,4.000,2.001,39,4.989,5.000,1.000,162,24.355,21.736,9.000,16,5.477,2.050,0.000,37,7.311,4.153,1.000
249,80,8.565,7.018,1.001,27,2.793,3.000,2.000,27,3.902,4.000,0.000,3,3.355,2.000,0.000,9,1.491,1.000,0.000,59,11.699,7.000,0.000,4,0.071,0.000,0.000,9,-0.565,0.000,1.000
250,101,4.541,3.000,0.000,28,5.031,3.000,1.018,24,2.380,1.368,0.000,5,1.161,1.000,0.000,25,-1.374,1.368,2.000,44,3.723,4.135,1.000,6,4.544,3.000,0.202,3,-0.131,0.000,0.000
251,41,3.011,0.000,0.000,4,0.209,0.000,0.000,13,5.686,3.104,0.000,3,1.257,1.000,0.000,6,1.151,1.000,0.000,22,2.599,1.000,0.000,2,-0.284,0.000,0.000,0,0.000,0.000,0.000
252,20,3.264,2.000,0.000,5,1.694,1.000,0.000,6,3.058,1.000,0.000,0,0.000,0.000,0.000,5,0.483,0.000,0.000,9,-0.000,0.000,0.000,3,-1.516,0.000,1.000,2,0.330,0.000,0.000
253,50,4.009,2.003,0.000,8,2.464,1.000,0.000,5,-0.568,0.000,0.000,1,0.760,0.000,0.000,22,4.499,3.000,0.000,25,1.785,0.000,0.000,2,-0.047,0.000,0.000,4,-1.201,1.000,1.000
254,22,3.966,3.000,0.000,6,2.290,1.000,0.000,1,-0.142,0.000,0.000,3,2.136,1.007,0.000,10,2.333,1.000,0.000,6,0.000,0.000,0.000,1,-0.142,0.000,0.000,1,-0.142,0.000,0.000
255,36,-0.138,2.000,2.000,12,2.577,2.000,0.000,6,2.791,1.000,0.000,1,-0.142,0.000,0.000,9,2.901,2.000,0.000,1,0.809,0.000,0.000,1,-1.790,0.000,1.000,2,0.746,0.000,0.000
256,60,1.002,5.050,2.000,12,5.771,2.000,0.000,16,2.433,3.000,0.000,1,0.348,0.000,0.000,47,3.783,3.135,1.000,22,-0.994,0.000,0.000,4,-0.835,0.000,0.000,13,3.475,2.000,0.000
257,43,0.089,1.135,0.000,8,4.990,3.000,0.000,5,0.486,1.000,0.000,2,1.963,1.000,0.000,3,3.352,1.000,0.000,15,1.488,0.000,0.000,4,-0.279,0.000,0.000,7,1.090,1.000,0.000
258,46,4.912,3.050,0.000,7,1.007,1.000,2.000,8,0.995,1.000,0.000,3,3.781,2.000,0.000,22,1.366,2.368,0.000,17,-0.194,0.000,0.000,2,-0.930,0.007,0.000,4,-0.916,0.000,0.000
259,15,0.260,1.000,0.000,5,0.948,1.000,0.000,11,-0.351,0.368,0.000,3,0.092,1.000,1.000,29,7.122,4.000,1.000,15,0.082,0.000,0.000,2,0.369,0.000,0.000,5,2.705,2.368,0.000
260,23,1.528,2.000,0.000,4,-0.356,1.000,1.000,4,1.164,1.000,1.000,2,1.179,1.000,0.000,15,9.331,5.000,0.000,9,2.460,2.000,0.000,0,0.000,0.000,0.000,0,0.000,0.000,0.000
261,3,-0.426,0.000,0.000,1,0.000,0.000,0.000,1,-0.142,0.000,0.000,0,0.000,0.000,0.000,1,-0.000,0.000,0.000,3,0.156,0.000,0.000,0,0.000,0.000,0.000,0,0.000,0.000,0.000
262,52,5.104,3.368,1.000,7,1.513,1.000,0.000,6,-1.677,0.000,1.000,1,0.525,0.000,0.000,17,1.472,3.000,2.000,23,4.411,2.000,0.000,6,-0.295,0.000,0.000,6,1.971,2.000,0.000
263,14,1.764,2.000,1.000,7,6.958,4.000,0.000,3,1.956,1.000,0.000,1,1.537,1.000,0.000,4,2.666,2.000,0.000,35,6.082,5.000,0.000,1,-0.142,0.000,0.000,1,-0.142,0.000,0.000
264,98,7.075,4.503,0.000,34,5.905,4.000,0.000,15,4.995,3.000,0.050,3,1.666,0.000,0.000,10,2.545,1.000,0.000,72,10.777,9.000,2.000,11,-0.356,0.368,0.000,0,0.000,0.000,0.000
265,101,4.365,1.185,0.000,20,3.862,3.000,0.000,21,-1.048,0.000,0.000,24,12.307,5.013,0.000,12,0.870,0.000,0.000,43,2.912,3.000,1.271,4,3.171,2.000,0.000,11,-2.313,0.000,2.000
266,106,4.133,5.135,2.000,14,-2.417,0.000,2.000,17,-0.421,0.000,2.000,19,12.029,4.000,0.000,18,1.119,1.000,0.000,27,0.880,1.000,0.000,13,1.030,0.368,0.202,7,2.920,1.000,0.000
267,83,-4.707,0.000,1.000,19,5.332,5.000,3.000,9,4.295,2.002,0.000,2,2.748,2.000,0.000,20,1.455,0.000,1.000,36,3.024,2.000,0.000,8,2.585,4.007,1.000,11,-0.651,0.135,0.000
268,80,11.513,8.000,2.000,25,3.520,5.000,2.001,12,1.280,1.013,0.000,6,2.168,1.007,0.000,11,-0.284,0.000,0.000,34,0.467,4.000,3.000,11,4.339,2.000,0.000,10,-2.387,0.000,1.000
269,58,-2.893,3.135,2.000,22,4.530,3.000,1.000,26,6.311,5.135,0.000,17,9.141,5.000,0.000,14,-0.395,1.000,1.000,26,4.266,3.000,0.000,5,0.225,1.000,1.000,12,2.393,2.000,0.000
270,112,22.810,15.000,0.000,35,10.475,6.000,0.001,34,2.739,2.001,0.000,9,5.827,4.000,0.000,16,1.800,1.000,0.000,86,-0.955,1.000,1.000,5,-0.515,1.000,1.000,12,2.047,1.000,0.000
271,51,5.072,7.000,0.000,25,11.432,5.007,0.000,5,-0.063,0.000,0.000,8,4.599,3.007,0.000,49,3.285,5.000,3.000,27,-0.284,0.000,0.000,2,1.818,0.000,0.000,2,-0.284,0.000,0.000
272,67,4.389,1.271,0.000,24,-0.536,1.000,1.000,11,-0.160,0.000,0.000,6,-0.386,0.007,0.135,47,-3.430,1.271,2.000,35,-0.291,0.000,0.000,4,0.493,0.000,0.000,7,-2.838,1.000,3.000
273,140,-0.763,7.386,4.003,145,-7.912,10.538,11.003,59,3.518,4.427,2.000,55,7.775,8.051,2.119,64,4.096,7.000,2.000,22,-0.566,0.000,1.000,18,3.622,2.136,0.549,5,-1.005,1.000,1.000
274,195,13.293,15.203,5.009,165,-0.919,9.770,9.418,75,1.498,4.053,2.057,54,6.869,8.000,3.368,193,3.582,17.736,7.135,110,11.918,11.000,4.000,33,2.518,4.002,1.000,18,1.735,2.000,0.000
275,193,-14.542,9.744,12.014,156,-0.484,10.296,8.156,72,-9.204,2.000,5.050,57,2.087,3.320,1.000,263,17.439,27.652,16.051,261,28.814,27.368,3.368,33,4.808,4.370,1.229,30,-0.932,1.135,1.000
276,201,2.905,12.239,7.655,158,2.584,15.510,12.018,102,-2.042,7.106,8.138,54,7.880,7.192,3.154,82,0.235,4.639,2.000,45,11.532,8.000,0.000,27,-0.947,2.018,3.000,29,1.885,5.000,1.368
277,169,12.799,8.977,4.000,131,-4.532,16.000,15.135,98,7.076,12.000,3.001,61,16.944,12.000,2.000,150,49.044,29.889,2.000,31,-2.295,1.000,2.000,19,2.558,1.386,0.000,28,4.297,2.135,0.000
278,153,-1.946,5.890,2.002,198,-2.158,17.025,13.146,83,3.439,8.064,6.418,71,12.807,9.045,1.000,18,2.926,2.000,0.000,50,12.269,5.135,1.000,34,6.051,6.000,2.000,15,1.275,0.135,0.000
279,175,-8.306,10.536,8.071,116,6.026,7.556,3.369,44,0.127,3.192,2.000,34,-2.065,0.368,1.068,28,5.503,3.000,0.000,23,1.505,0.000,0.000,24,2.483,3.005,0.576,14,-2.337,0.000,1.000
280,137,1.893,7.522,2.369,131,-7.459,4.776,4.387,43,0.712,2.001,1.060,47,-5.142,2.007,4.001,98,6.404,8.368,1.018,17,-2.851,0.368,2.000,12,-1.601,0.002,1.000,14,1.064,0.000,0.000
281,224,9.158,15.522,9.001,138,8.274,12.344,8.369,64,7.171,8.185,0.742,50,1.607,2.007,0.370,175,1.833,16.553,10.368,35,5.101,5.736,2.000,28,2.565,1.001,0.000,26,4.795,3.154,0.000
282,217,5.828,16.505,10.696,149,-18.347,8.386,17.021,49,-0.347,4.002,5.057,119,17.773,16.915,5.000,18,2.426,2.000,0.000,32,-0.735,1.000,0.000,27,-2.965,2.386,2.576,29,3.339,7.368,3.000
283,200,1.968,14.138,6.073,157,11.045,14.405,6.138,82,6.083,11.330,5.736,124,3.653,15.930,9.001,18,2.009,2.000,1.000,94,17.699,17.406,3.000,18,0.313,1.002,1.000,36,-3.380,3.368,3.368
284,186,28.115,19.050,2.000,113,24.064,16.736,4.028,91,3.434,9.386,2.320,44,11.897,9.006,1.000,15,1.233,3.000,1.000,28,3.201,2.000,1.000,16,-0.194,0.000,0.027,34,8.080,7.368,1.736
285,167,17.975,17.368,4.736,116,-1.947,6.050,7.057,73,-0.816,5.014,4.135,84,16.523,13.657,4.368,12,2.472,2.000,2.000,46,6.292,5.000,1.000,30,4.449,2.373,0.000,27,6.858,6.368,1.368
286,109,-2.334,4.838,8.382,78,-1.003,5.368,5.135,47,0.689,2.032,1.050,51,5.823,5.142,4.050,11,1.533,0.000,0.000,20,3.281,2.000,0.000,19,1.016,1.002,0.000,25,4.400,3.000,0.000
287,204,19.053,15.156,5.406,78,-0.411,3.553,2.506,33,4.386,4.135,1.000,60,9.601,9.025,2.271,5,-0.426,0.000,0.000,31,2.399,2.000,1.000,20,6.869,4.754,0.000,15,5.871,4.000,1.000
288,128,10.515,6.805,4.016,134,-16.540,6.786,10.804,35,-1.245,1.142,2.050,65,2.803,5.038,4.001,7,-0.835,0.000,1.000,10,1.364,1.000,0.000,25,0.730,1.021,1.000,18,9.146,6.000,1.000
289,137,11.617,12.786,4.001,102,7.061,11.000,7.000,44,3.780,4.504,5.000,84,17.738,12.400,3.137,23,-2.776,1.000,1.000,74,-1.174,6.143,7.000,18,-0.127,1.002,0.000,19,4.942,4.100,1.000
290,190,7.171,12.387,5.188,124,-2.420,7.370,6.135,52,5.120,5.510,5.007,86,12.720,14.057,5.323,13,0.625,1.000,0.000,105,1.483,12.138,9.368,18,0.924,2.000,1.000,16,-1.324,0.000,0.000
291,78,8.890,5.050,2.000,81,15.045,11.000,4.368,40,3.492,2.149,1.000,33,5.032,4.018,1.369,12,3.597,3.000,0.000,94,17.802,12.000,0.000,20,1.840,1.007,0.000,20,2.762,3.207,1.000
292,36,0.165,3.000,1.000,7,4.960,2.000,0.000,4,-0.497,0.000,0.000,4,2.670,1.000,0.000,3,0.852,0.000,0.000,25,3.821,2.000,0.000,0,0.000,0.000,0.000,2,0.604,0.000,0.000
293,73,4.840,3.001,2.007,31,-4.719,1.000,1.018,18,1.716,1.000,0.037,27,16.597,9.368,0.000,12,-2.472,0.000,2.000,48,3.540,6.000,1.000,4,1.452,1.000,0.000,3,0.579,0.000,0.000
294,130,-0.336,10.560,5.503,91,-5.011,5.386,7.368,35,2.622,0.000,0.021,49,1.995,2.386,1.368,15,1.964,2.000,1.000,131,-1.584,15.104,9.000,17,-4.534,0.000,2.000,5,1.431,0.368,0.000
295,158,-1.799,11.510,11.560,112,16.520,12.510,4.037,40,-0.061,4.736,4.000,63,9.625,10.135,5.153,4,0.123,0.000,0.000,46,0.999,2.000,1.000,20,-4.248,0.135,0.000,36,5.814,3.050,0.000
296,155,1.777,7.564,7.025,118,7.215,12.177,6.001,26,1.606,2.002,0.504,98,14.573,14.406,4.038,12,1.458,1.000,0.000,33,0.961,2.000,1.000,16,4.680,3.000,0.000,19,0.493,1.050,0.000
297,104,-2.113,10.878,7.135,130,10.615,10.326,1.509,45,4.970,8.368,4.368,34,4.693,2.050,0.000,18,-3.232,0.000,1.000,12,6.256,3.000,0.000,22,9.478,5.002,0.000,36,-1.143,3.000,3.000
298,200,18.511,16.503,5.135,89,-1.489,8.018,5.000,81,1.109,10.009,6.106,29,-0.675,1.000,1.000,22,1.696,1.368,1.000,201,20.471,27.007,10.839,17,1.009,1.000,1.000,29,9.213,4.368,1.000
299,243,-1.805,11.499,6.368,124,4.481,7.513,3.003,81,-0.421,8.139,6.007,38,2.282,3.368,0.707,17,-3.681,0.000,0.135,128,10.420,13.239,5.000,23,-1.267,0.062,1.206,18,2.802,2.000,0.000
300,208,-6.142,8.889,8.418,107,-7.084,7.375,10.136,63,3.206,5.774,2.025,46,-4.355,4.000,7.050,16,-0.018,0.000,0.000,53,5.272,5.000,1.000,20,1.663,3.908,2.000,19,3.198,3.000,0.000
301,193,-1.187,10.290,7.420,155,13.937,14.795,6.018,42,-0.845,2.142,1.007,79,8.790,12.018,6.135,14,-1.438,0.000,1.000,50,-0.186,0.000,2.000,18,7.822,4.000,0.000,37,1.329,2.000,2.000
302,242,12.218,9.540,3.050,138,4.095,11.239,12.418,53,-4.247,3.755,6.000,115,19.321,19.018,5.368,26,-0.785,0.000,2.000,89,12.730,12.000,1.000,27,-3.936,0.001,2.000,25,4.698,4.005,0.368
303,227,-0.588,7.695,4.156,126,7.774,5.458,2.007,74,-1.546,6.004,5.406,90,29.560,15.431,2.736,13,-0.331,1.000,1.000,93,10.519,9.000,3.000,35,3.359,3.386,2.000,29,4.891,5.000,1.000
304,238,4.259,12.443,7.005,147,15.142,15.403,6.030,78,-10.395,3.424,9.018,80,19.372,12.425,1.506,7,3.825,2.000,0.000,59,-4.626,7.000,4.000,31,3.668,6.203,2.000,35,1.004,5.012,3.000
305,147,4.790,7.357,3.001,154,9.780,18.504,9.104,111,3.113,12.546,5.488,69,6.214,9.142,5.137,29,-3.083,2.000,2.000,258,26.653,32.839,15.000,27,1.070,3.370,3.000,31,12.083,4.135,1.000
306,233,6.994,9.373,5.001,116,9.394,15.928,5.154,95,10.316,9.368,4.001,70,10.062,11.885,3.737,10,4.001,3.000,0.000,64,15.004,9.736,1.000,21,5.553,4.371,1.055,42,3.074,5.368,2.000
307,200,-2.971,9.872,7.142,132,-6.447,5.239,8.525,47,2.438,4.018,2.001,59,-2.330,2.204,2.522,26,-1.021,3.000,2.000,122,2.046,11.368,8.135,20,-2.801,0.000,2.000,33,4.128,4.188,1.368
308,151,-3.334,7.135,6.135,109,8.537,7.021,5.406,54,5.927,7.368,3.007,63,3.937,4.051,0.510,9,0.517,1.000,0.000,19,0.163,0.000,0.000,14,1.416,3.368,1.000,36,0.557,4.000,5.000
309,195,7.273,10.504,6.185,114,3.349,8.145,4.018,59,4.317,5.736,3.010,66,11.854,8.000,1.054,21,-1.339,0.000,1.000,34,1.884,3.000,1.000,17,-0.807,2.135,2.000,8,4.364,4.000,0.000
310,190,22.290,15.121,2.050,114,-16.490,4.135,10.503,90,3.767,4.786,3.000,48,5.321,4.000,2.001,11,0.554,0.000,0.000,27,1.306,1.000,1.000,14,1.158,1.135,1.027,11,3.394,0.000,0.000
311,103,4.205,5.368,1.000,87,-7.463,2.860,8.001,40,-1.313,0.000,0.154,40,-4.655,0.639,1.000,23,-3.389,1.368,2.000,38,5.075,5.000,3.000,17,3.337,3.000,1.000,24,4.461,2.000,1.001
312,93,-5.990,2.003,2.368,121,15.674,13.339,3.057,52,1.206,4.811,4.000,26,1.561,4.000,3.000,16,2.868,1.368,0.000,30,4.748,3.000,1.000,8,2.898,3.000,1.000,24,1.883,3.368,1.000
313,12,-0.672,0.000,0.000,21,-2.847,1.018,2.000,22,-2.978,2.000,4.000,11,6.253,2.368,1.000,1,1.793,1.000,0.000,10,1.874,2.000,0.000,2,0.060,1.000,1.000,3,0.458,0.000,0.000
314,86,0.447,2.050,2.418,56,10.798,8.007,0.138,22,-2.707,1.000,3.000,26,0.647,0.050,0.050,2,-0.000,0.000,0.000,2,-0.000,0.000,0.000,8,0.093,1.000,1.000,7,-1.002,0.000,0.000
315,102,-0.392,4.000,3.547,93,1.236,7.000,6.271,57,6.661,6.001,2.007,47,0.993,0.419,2.000,9,-0.852,0.000,0.000,8,-0.284,0.000,0.000,9,-1.456,1.000,1.000,14,2.728,2.018,0.000
316,110,-0.584,7.395,2.368,67,8.798,11.000,4.420,41,3.744,2.369,1.051,38,3.540,2.504,0.003,10,0.544,0.000,0.000,10,-5.160,0.000,2.000,19,0.018,1.000,1.004,18,5.765,3.000,2.000
317,88,3.818,7.050,2.050,83,-7.721,2.242,6.271,76,-6.537,2.418,2.755,51,3.243,1.018,0.019,7,-2.770,0.000,1.000,11,-0.019,0.000,0.000,16,3.303,2.002,1.000,5,-0.814,0.000,0.000
318,88,3.173,7.007,2.102,72,-4.337,4.021,5.000,43,-1.232,4.138,4.271,38,-0.823,0.368,1.000,3,-0.426,0.000,0.000,5,-1.350,0.000,1.000,30,0.996,2.018,2.004,12,4.070,1.000,0.000
319,90,12.742,11.136,3.000,82,9.271,7.000,3.020,57,1.051,3.369,2.368,63,8.216,8.436,3.018,23,6.908,5.000,0.000,7,2.977,1.000,0.000,25,4.602,3.503,1.000,20,-0.158,2.000,1.000
320,100,18.514,13.368,1.000,140,-12.590,7.504,12.370,81,5.526,10.871,5.013,100,15.543,17.069,10.000,13,0.685,1.000,0.000,5,-0.568,0.000,0.000,27,-6.571,1.007,2.000,15,7.987,5.503,0.000
321,125,-2.357,6.008,5.154,99,9.841,9.063,6.135,37,1.602,3.000,3.007,37,-1.490,2.018,2.018,6,0.845,1.000,0.000,6,-5.172,0.000,3.000,15,-2.226,1.018,3.000,3,0.529,0.000,0.000
322,155,-5.083,7.039,5.576,103,-7.510,3.153,7.000,59,1.778,4.001,3.001,59,-1.767,2.155,2.323,9,-1.278,0.000,0.000,14,3.911,2.000,0.000,21,4.321,4.021,1.000,6,2.805,1.000,0.000
323,80,10.469,7.375,1.071,65,-3.832,2.000,3.018,34,-0.564,2.001,3.000,48,-5.044,0.260,2.375,7,-0.352,0.000,0.000,5,2.912,1.000,0.000,22,4.411,2.018,0.576,10,-0.735,0.000,0.000
324,8,-0.153,1.050,1.000,14,-1.427,1.000,2.000,1,0.000,0.000,0.000,4,-0.540,0.000,1.000,3,-0.966,0.000,1.000,3,0.071,0.000,0.000,3,0.127,0.002,0.000,0,0.000,0.000,0.000
325,158,5.097,11.134,6.057,112,7.365,12.553,8.135,41,-0.002,2.009,1.000,49,-2.247,3.289,5.018,14,-0.954,0.368,0.000,25,0.866,2.000,2.000,26,11.502,5.000,0.027,7,2.075,2.000,0.000
326,139,19.986,18.050,6.000,125,15.698,13.504,3.000,62,2.416,7.001,3.000,61,16.422,13.000,3.003,22,-3.822,4.000,3.000,56,9.302,9.002,2.000,35,5.902,5.018,2.027,20,1.058,1.000,0.736
327,55,2.829,5.007,3.000,87,5.693,11.000,5.050,38,-1.338,3.001,4.002,4,1.736,1.000,0.000,3,-0.444,0.000,0.000,12,2.605,3.000,0.000,25,-3.484,3.000,4.027,16,2.057,2.100,2.000
328,92,-10.833,4.000,7.000,127,2.615,7.736,8.135,35,1.183,2.136,1.018,11,2.381,4.000,2.000,5,-1.094,0.000,0.000,4,1.324,1.000,0.000,29,4.830,5.018,4.000,17,0.731,2.000,1.007
329,93,5.228,6.737,1.050,113,-5.108,8.005,7.001,38,2.737,2.000,1.000,11,0.527,1.000,0.000,5,1.790,1.000,0.000,3,-0.000,0.000,0.000,20,-2.663,1.000,1.751,10,2.368,2.000,0.001
330,92,4.732,6.503,3.000,38,4.781,2.135,2.000,13,0.524,0.007,0.000,8,6.220,3.000,0.000,8,-3.271,0.000,2.000,3,-1.541,0.000,1.000,20,8.169,5.000,1.000,16,3.485,2.050,0.000
331,38,4.756,5.522,2.000,18,8.207,5.000,1.000,33,2.204,6.375,7.000,43,13.441,9.368,2.000,8,7.176,3.000,0.000,10,2.325,2.000,0.000,6,2.494,1.007,0.000,4,1.308,0.000,0.000
332,54,4.363,4.135,0.000,19,8.546,6.000,2.000,16,2.950,2.368,2.000,22,7.988,4.000,0.000,2,-0.284,0.000,0.000,9,1.342,1.000,0.000,6,0.294,1.000,0.000,13,1.065,2.000,0.000
333,104,4.965,8.001,3.002,17,3.554,3.000,0.000,45,1.095,6.369,4.000,41,4.887,9.368,3.000,8,0.695,0.000,0.000,10,1.774,2.000,0.000,13,0.622,2.000,1.004,17,2.134,2.000,1.000
334,65,2.228,5.000,4.000,29,-1.971,1.368,1.160,62,5.458,8.052,3.000,15,1.363,2.001,1.000,15,1.562,1.000,1.000,83,11.149,10.000,3.000,14,4.238,3.000,0.010,11,-0.347,1.368,1.000
335,91,2.121,6.135,5.050,78,-4.539,3.369,6.271,39,-0.610,4.012,3.000,47,3.719,2.002,1.154,4,1.094,1.000,0.000,4,1.236,1.000,0.000,14,1.997,2.000,1.000,11,5.174,3.000,0.000
336,96,-8.086,5.371,5.786,102,4.026,11.432,8.560,34,-3.471,0.000,2.000,53,2.540,3.100,2.135,8,1.285,1.000,0.000,10,0.607,0.000,0.000,15,-1.874,1.000,1.000,13,1.582,3.000,2.007
337,94,8.962,9.000,5.135,108,-10.867,6.186,7.002,33,1.086,3.736,1.271,100,-2.289,9.289,7.025,5,-0.334,0.000,0.000,15,1.926,2.000,2.000,16,-0.049,3.000,1.549,10,3.147,2.000,0.007
338,82,-1.211,3.075,3.052,128,-15.670,6.039,10.418,32,1.004,2.135,1.386,50,0.390,3.000,3.506,2,-0.142,0.000,0.000,8,1.707,1.000,0.000,12,1.476,1.135,0.000,5,1.179,1.000,0.000
339,95,14.300,11.002,1.000,98,-9.363,5.738,11.002,65,1.581,4.321,2.000,95,2.363,8.922,7.001,8,0.073,1.000,2.000,11,4.299,2.000,0.000,17,-3.527,0.000,3.000,14,-0.698,0.000,0.007
340,102,6.642,6.395,4.368,134,-14.910,9.010,16.000,52,10.616,4.368,2.136,111,31.426,20.235,5.136,3,3.288,2.000,0.000,19,5.508,2.000,0.000,23,5.533,4.000,0.000,33,6.745,6.000,2.000
341,77,6.082,6.000,1.002,126,8.228,9.986,5.368,93,6.651,8.368,4.639,34,0.172,3.507,3.000,3,-1.722,0.000,1.000,16,1.857,1.000,0.000,10,-0.610,0.000,0.549,18,0.209,2.000,2.018
342,112,-0.403,4.757,3.003,124,5.246,10.878,5.000,28,-0.535,2.000,1.001,57,-4.269,1.734,2.387,7,1.473,1.000,0.000,7,5.507,3.000,0.000,6,1.414,2.000,0.000,5,0.254,0.000,0.000
343,108,-0.729,4.761,2.000,130,-4.369,11.382,12.019,37,-3.315,1.003,1.007,81,-3.447,1.137,1.023,6,0.752,0.000,0.000,9,0.254,0.368,0.000,16,-1.896,1.000,2.098,9,1.088,1.000,0.000
344,0,0.000,0.000,0.000,0,0.000,0.000,0.000,0,0.000,0.000,0.000,0,0.000,0.000,0.000,0,0.000,0.000,0.000,0,0.000,0.000,0.000,0,0.000,0.000,0.000,0,0.000,0.000,0.000
345,77,-0.055,4.000,4.000,61,-1.813,1.018,1.100,20,4.538,3.002,1.000,39,-4.909,2.135,4.368,2,-0.735,0.000,0.000,5,0.525,1.000,0.000,17,-0.706,1.007,1.010,5,1.334,1.000,0.000
346,4,-0.142,0.000,0.000,1,-0.000,0.000,0.000,0,0.000,0.000,0.000,5,3.448,1.000,0.000,0,0.000,0.000,0.000,1,-0.142,0.000,0.000,0,0.000,0.000,0.000,0,0.000,0.000,0.000
347,45,6.872,6.000,1.000,20,1.871,4.050,2.000,9,1.687,1.001,0.000,9,8.283,4.135,0.000,1,0.000,0.000,0.000,2,0.227,0.000,0.000,2,0.117,0.000,0.000,6,0.744,2.000,1.000
348,77,8.130,7.021,1.007,44,5.713,6.014,1.000,52,4.499,3.000,0.003,27,-2.968,1.003,2.000,1,0.998,0.000,0.000,15,-2.060,0.000,1.000,10,-2.363,0.001,1.000,12,-0.011,1.000,0.000
349,70,1.552,4.381,0.000,27,0.041,2.000,3.000,39,-4.545,3.000,5.000,26,2.122,2.000,1.135,8,1.709,3.000,1.000,12,-0.437,0.000,0.000,7,-2.516,0.000,1.000,3,-0.584,0.000,0.000
350,59,2.295,5.057,2.136,9,0.974,1.000,1.135,31,3.570,4.135,3.000,51,8.921,8.051,3.503,5,-4.418,0.000,1.000,22,9.799,5.368,0.000,12,1.632,2.007,1.010,3,0.928,0.000,0.000
351,68,0.687,5.388,1.053,19,1.998,0.000,0.007,26,2.368,2.000,0.000,14,-1.489,0.135,0.135,1,0.930,0.000,0.000,2,-0.284,0.000,0.000,8,2.942,2.000,0.000,3,1.796,1.000,0.000
352,70,-0.199,5.007,2.135,34,2.550,3.000,0.000,33,1.513,3.389,1.000,13,0.775,2.000,2.000,6,-4.590,0.000,2.000,1,-0.000,0.000,0.000,8,-1.766,0.002,1.000,6,0.567,0.000,0.000
353,46,4.761,5.418,1.135,13,2.323,1.000,0.000,23,3.675,3.000,1.000,27,11.540,8.135,1.007,6,-1.339,0.000,1.000,2,-0.142,0.000,0.000,8,0.094,1.000,1.000,11,-0.455,0.135,0.000
354,74,2.554,4.018,2.000,29,6.348,5.000,0.000,29,-4.615,2.000,3.000,12,3.370,1.000,0.000,6,1.637,0.135,0.000,4,1.342,1.000,0.000,7,-0.534,0.000,0.000,18,-0.597,2.000,1.000
355,56,7.986,5.018,0.000,15,-0.191,1.135,1.000,37,-4.668,2.007,4.000,34,13.864,10.000,2.000,12,-1.702,1.406,1.050,65,11.291,8.368,1.000,12,2.579,3.000,1.000,11,2.761,0.000,0.368
356,38,-1.287,2.135,1.000,10,-3.343,1.000,2.000,8,0.321,0.000,0.050,4,0.404,1.000,1.000,9,0.147,2.000,2.000,6,-0.906,0.000,0.000,7,1.222,0.000,0.000,11,2.407,1.456,0.000
357,50,0.186,2.000,2.000,9,2.996,3.000,0.000,6,0.623,1.000,0.000,2,0.816,0.000,0.000,13,2.035,1.000,0.199,2,-0.000,0.000,0.000,12,4.176,3.368,1.000,15,7.519,2.050,0.000
358,42,-2.818,1.050,1.000,10,1.387,2.000,1.000,15,1.037,2.000,2.000,1,-0.025,0.000,0.000,6,0.263,0.000,0.000,1,-0.142,0.000,0.000,10,2.287,0.736,0.000,9,2.304,2.000,0.000
359,15,3.128,1.000,0.000,2,2.460,1.000,0.000,6,0.472,0.368,0.000,1,-1.268,0.000,1.000,0,0.000,0.000,0.000,3,-0.583,0.000,0.000,1,-0.828,0.000,0.000,0,0.000,0.000,0.000
360,31,2.743,2.368,1.000,9,2.016,3.000,1.000,10,2.376,4.000,2.000,6,1.873,0.000,0.000,0,0.000,0.000,0.000,2,0.000,0.000,0.000,4,0.979,1.368,1.000,8,-0.373,0.000,0.000
361,29,4.693,4.368,1.000,20,2.924,2.000,0.000,37,7.406,6.050,1.000,6,0.948,1.000,0.000,4,0.326,1.000,0.000,3,2.713,1.000,0.000,9,-3.105,0.000,3.000,18,0.321,2.000,1.000
362,38,3.735,4.135,1.000,19,-3.480,2.050,2.050,38,1.486,3.000,2.002,41,4.739,7.000,2.000,4,-0.568,0.000,0.000,21,-0.370,2.000,1.000,6,1.910,2.000,0.000,20,-3.321,0.000,1.000
363,37,3.245,5.007,1.000,21,2.715,4.000,2.050,20,7.758,5.050,0.000,16,2.092,4.000,2.000,10,3.988,2.000,0.000,93,2.493,12.368,7.000,6,-1.497,0.007,1.000,12,2.438,4.000,2.000
364,29,1.670,0.007,0.000,22,0.466,2.135,1.000,15,-2.691,2.000,3.135,11,-1.894,1.000,2.000,3,-0.284,0.000,0.000,8,0.951,0.000,0.000,6,0.793,1.000,0.000,4,2.393,1.000,0.000
365,24,1.914,2.000,1.000,42,-1.753,1.299,2.199,22,-1.552,2.370,4.000,14,0.496,2.000,2.000,4,1.332,1.000,0.000,4,-0.284,0.000,0.000,6,1.693,2.000,0.000,9,-1.893,0.000,1.000
