,cluster0,,,,cluster1,,,,cluster2,,,,cluster3,,,,cluster4,,,,cluster5,,,,cluster6,,,,cluster7,,,,cluster8,,,,cluster9,,,,cluster10,,,,cluster11,,,,cluster12,,,,cluster13,,,,cluster14,,,,cluster15,,,
how,n,abs_senti,pos_n,neg_n,n,abs_senti,pos_n,neg_n,n,abs_senti,pos_n,neg_n,n,abs_senti,pos_n,neg_n,n,abs_senti,pos_n,neg_n,n,abs_senti,pos_n,neg_n,n,abs_senti,pos_n,neg_n,n,abs_senti,pos_n,neg_n,n,abs_senti,pos_n,neg_n,n,abs_senti,pos_n,neg_n,n,abs_senti,pos_n,neg_n,n,abs_senti,pos_n,neg_n,n,abs_senti,pos_n,neg_n,n,abs_senti,pos_n,neg_n,n,abs_senti,pos_n,neg_n,n,abs_senti,pos_n,neg_n
0,347,133.067,29.257,13.369,268,108.099,23.735,17.010,189,97.940,22.018,15.007,200,104.672,30.130,10.101,190,95.147,28.264,10.142,128,53.813,21.104,3.000,70,26.224,10.738,2.152,59,19.162,3.000,3.018,54,1.642,0.000,1.000,46,35.736,8.002,8.135,25,9.219,1.000,3.341,24,9.518,4.503,1.000,3,0.338,0.000,0.000,19,5.038,1.000,1.000,31,19.627,8.050,1.000,23,7.550,1.000,0.000
1,344,155.732,42.964,10.386,277,123.192,24.522,20.641,207,111.016,29.183,15.094,219,125.202,37.517,12.161,153,48.834,9.528,5.050,110,60.407,19.239,7.000,66,27.485,8.000,5.550,50,21.168,4.368,2.368,27,0.920,0.000,0.000,43,20.999,4.000,4.000,27,10.692,2.055,2.000,16,11.000,4.368,0.000,5,0.426,0.000,0.000,9,2.503,1.000,0.000,23,17.470,4.000,3.000,18,6.360,1.000,0.000
2,291,149.280,43.610,14.486,304,114.835,29.871,18.574,262,137.987,31.052,28.018,165,98.543,20.414,18.386,159,99.317,29.418,12.135,78,36.970,11.000,8.000,57,17.358,4.057,2.000,55,33.898,6.135,5.000,46,0.142,0.000,0.000,40,24.792,7.000,3.018,17,3.000,1.000,0.000,14,7.660,2.000,2.000,14,4.212,1.000,1.000,13,0.980,0.000,0.000,27,31.769,10.368,5.135,8,2.804,0.000,0.000
3,240,124.063,36.212,16.050,298,128.813,36.076,12.443,306,162.564,40.692,28.335,102,74.052,22.291,13.007,92,48.472,15.871,6.000,83,43.381,11.000,6.000,55,18.022,1.405,5.035,42,17.421,6.368,1.000,55,2.759,1.000,0.000,28,15.255,5.000,2.000,23,10.883,1.000,3.091,16,7.169,1.037,1.000,16,1.391,0.000,1.301,28,3.525,1.000,0.000,21,7.733,1.000,0.000,15,6.308,2.000,0.000
4,206,86.320,30.278,5.046,299,148.767,40.954,23.563,330,155.162,40.197,22.326,72,48.879,15.373,7.050,49,22.072,8.135,1.135,47,29.722,11.000,3.000,41,12.861,1.000,2.031,48,28.226,8.368,3.018,60,4.386,0.000,1.000,22,12.435,2.000,2.000,29,17.119,7.004,1.000,9,1.410,0.000,0.503,31,3.970,0.000,2.000,26,4.988,1.000,0.000,24,18.791,5.368,3.000,15,3.773,0.000,0.000
5,166,59.576,10.091,10.370,209,100.245,20.578,21.247,262,116.835,19.792,27.475,42,20.780,3.000,4.368,33,19.401,6.000,3.000,24,14.931,4.000,2.000,44,21.752,3.003,3.778,49,31.561,8.000,3.000,31,3.743,1.000,1.000,11,4.592,1.000,1.000,15,7.732,2.000,1.000,13,8.416,2.368,1.000,43,3.483,1.000,0.000,22,2.520,2.000,0.000,16,8.249,0.368,3.000,12,3.883,0.000,0.000
6,144,57.885,9.554,10.068,173,86.861,17.567,18.189,154,68.222,12.188,13.389,35,13.614,2.021,3.018,16,5.472,2.000,0.050,7,3.792,2.000,0.000,21,10.924,2.000,3.580,12,4.607,0.368,1.368,9,0.284,0.000,0.000,5,0.284,0.000,0.000,18,6.607,1.074,1.000,7,2.798,1.000,0.007,25,0.362,0.000,0.000,26,0.089,0.000,0.000,4,2.327,0.000,1.000,10,2.817,0.000,0.000
7,98,39.124,6.104,7.135,132,71.380,14.896,15.188,66,28.491,3.138,6.054,35,18.779,6.418,1.050,4,3.525,1.000,1.104,6,3.018,2.000,0.000,14,12.651,1.135,2.549,3,3.391,1.000,1.000,3,1.222,0.000,1.000,3,2.120,1.000,0.000,16,6.363,2.000,1.000,5,0.386,0.000,0.000,18,2.472,1.000,0.000,9,5.731,1.000,2.000,3,1.019,0.000,0.000,12,3.228,0.000,0.000
8,73,14.527,0.007,2.000,44,23.069,3.135,6.277,35,11.734,3.005,4.003,14,6.024,1.000,1.001,2,0.689,0.000,0.000,0,0.000,0.000,0.000,7,1.851,0.000,1.000,3,2.319,0.000,2.000,7,1.257,1.000,0.000,3,1.599,0.000,0.000,10,2.755,2.000,0.000,5,3.632,1.000,1.000,5,0.000,0.000,0.000,0,0.000,0.000,0.000,1,0.142,0.000,0.000,11,2.874,0.000,0.000
9,68,16.290,3.368,2.000,34,13.036,3.000,3.002,19,4.478,2.000,0.000,9,1.781,0.000,0.000,5,0.426,0.000,0.000,0,0.000,0.000,0.000,3,2.138,0.018,1.000,0,0.000,0.000,0.000,1,0.451,0.000,0.000,0,0.000,0.000,0.000,6,4.041,1.000,0.000,0,0.000,0.000,0.000,4,1.012,0.000,0.000,0,0.000,0.000,0.000,0,0.000,0.000,0.000,8,2.170,0.000,0.000
10,52,16.796,2.000,3.000,24,11.685,1.136,4.000,9,5.527,2.000,0.135,9,6.037,0.000,1.000,1,0.142,0.000,0.000,10,0.018,0.000,0.000,3,1.340,0.000,0.000,3,0.426,0.000,0.000,0,0.000,0.000,0.000,1,2.496,1.000,0.000,1,0.000,0.000,0.000,2,1.179,0.000,1.000,5,1.545,0.000,1.000,1,1.960,1.000,0.000,1,0.142,0.000,0.000,14,4.200,0.000,0.000
11,125,29.564,3.368,0.001,23,13.335,2.000,4.000,11,2.262,0.000,1.000,16,11.228,3.000,4.002,4,1.889,0.000,0.000,17,2.162,0.000,0.000,8,4.170,0.018,1.000,2,0.866,0.000,0.000,1,0.000,0.000,0.000,0,0.000,0.000,0.000,2,0.200,0.000,0.000,1,0.003,0.002,0.000,2,1.186,1.000,0.000,0,0.000,0.000,0.000,5,3.747,1.050,1.000,15,4.854,0.000,1.000
12,162,46.684,7.504,2.000,44,23.065,7.050,2.373,30,16.551,8.000,0.386,18,9.148,4.000,0.000,12,3.558,0.000,1.000,27,9.712,3.000,1.000,17,4.067,1.025,0.005,12,5.554,2.368,0.000,7,2.926,0.000,1.000,14,1.845,1.368,0.000,6,0.955,0.000,0.000,0,0.000,0.000,0.000,1,1.612,1.000,0.000,0,0.000,0.000,0.000,7,2.798,1.050,0.000,10,3.453,0.000,0.000
13,172,64.226,11.386,8.000,73,27.556,8.050,4.000,52,14.115,1.018,0.000,26,16.781,8.368,1.000,27,15.065,6.000,1.368,49,17.174,6.000,2.000,24,10.509,3.375,1.000,21,6.793,1.104,1.000,6,0.142,0.000,0.000,6,1.353,0.000,0.000,20,4.822,1.202,1.000,5,5.309,1.000,1.000,5,0.142,0.000,0.000,0,0.000,0.000,0.000,10,9.593,5.000,0.000,15,4.293,0.000,0.000
14,189,71.198,15.576,5.002,133,51.090,15.871,5.000,76,35.969,7.000,5.135,58,26.530,8.609,3.007,46,25.146,10.368,0.000,68,19.678,7.135,1.000,37,19.090,3.742,2.000,51,13.419,2.503,0.368,25,0.330,0.000,0.000,7,2.177,0.000,0.000,8,3.229,0.202,1.000,26,22.186,12.002,0.000,11,0.043,0.000,0.000,1,0.000,0.000,0.000,9,5.067,1.000,0.000,15,4.910,0.000,0.000
15,267,98.501,25.824,8.018,204,79.123,9.028,19.757,108,54.731,22.871,7.804,68,31.969,9.272,3.000,54,23.756,7.472,3.368,88,26.320,11.135,0.000,38,17.017,4.000,1.000,50,25.113,8.736,1.368,25,0.142,0.000,0.000,26,13.536,3.000,0.000,20,10.162,3.000,1.247,15,8.802,4.000,0.000,26,3.165,0.000,2.000,9,0.412,0.000,0.000,18,12.165,6.000,0.000,13,2.813,0.000,0.000
16,287,110.666,23.542,15.006,231,87.520,18.743,10.029,137,52.930,15.105,4.001,112,62.797,14.895,5.001,111,43.924,15.607,1.000,111,39.932,10.000,4.000,52,22.870,6.139,4.549,74,35.573,10.959,2.000,34,8.988,1.000,2.000,25,9.824,2.000,1.000,27,11.370,2.055,2.000,14,8.297,3.368,0.000,15,1.942,1.000,0.000,9,1.026,0.000,0.000,16,11.724,4.000,1.000,13,4.786,1.000,0.000
17,266,95.418,20.639,11.000,295,126.837,27.063,19.050,152,70.264,21.260,11.343,125,71.121,18.333,11.272,213,107.187,32.639,8.000,143,47.634,13.000,6.000,64,24.510,6.001,3.927,73,24.113,5.050,0.007,13,0.267,0.000,0.000,30,12.909,2.000,3.000,20,6.135,1.000,0.091,19,12.729,3.000,2.000,15,4.229,2.000,0.000,18,6.934,2.000,0.000,15,10.042,4.000,0.000,16,7.764,1.000,0.000
18,261,110.647,28.007,6.001,258,103.397,24.943,15.369,140,49.728,9.278,6.418,122,61.175,13.271,10.736,178,98.095,24.374,9.050,147,55.651,20.736,2.000,60,25.026,5.757,4.206,40,17.097,4.889,1.368,28,0.987,0.000,0.000,28,14.917,2.000,2.018,26,9.775,1.000,4.001,16,8.133,1.000,2.000,11,0.753,0.000,0.000,27,0.611,0.000,0.000,26,12.793,4.000,0.002,11,3.805,0.000,0.000
19,277,106.674,21.515,16.786,265,106.511,24.175,21.411,145,57.809,14.154,7.057,79,40.869,8.749,12.414,167,92.751,25.406,13.000,134,52.336,16.368,5.104,53,18.923,2.369,3.001,43,26.338,6.000,5.000,23,0.142,0.000,0.000,36,27.040,10.000,0.000,23,9.626,2.000,2.000,41,26.713,8.000,2.368,14,1.225,1.000,0.000,24,1.246,0.000,0.000,23,13.045,3.000,1.000,13,5.223,1.000,0.000
20,281,121.054,33.838,9.019,234,104.444,25.856,14.371,121,41.015,11.002,3.387,76,35.722,9.201,6.172,139,76.792,17.368,13.135,145,53.122,13.239,6.000,52,27.586,5.002,5.000,42,26.652,7.736,3.000,27,0.603,0.000,0.000,22,20.209,4.000,6.000,32,10.728,2.074,0.000,25,10.948,4.018,1.000,15,8.477,2.000,1.000,7,0.000,0.000,0.000,20,18.686,6.100,2.000,17,4.612,0.000,0.000
21,234,94.868,21.086,8.507,253,93.967,17.687,16.143,140,48.382,11.208,5.407,99,46.282,8.425,6.369,97,33.167,6.792,3.000,128,42.404,11.368,3.000,55,27.497,7.000,7.239,14,4.120,0.050,2.000,20,0.142,0.000,0.000,22,9.129,3.000,0.000,28,14.374,2.000,3.000,15,11.742,2.368,3.368,6,4.165,2.000,0.000,17,2.230,1.000,0.000,16,9.694,3.000,1.002,13,3.752,0.000,0.000
22,251,101.789,23.423,9.468,222,85.785,20.162,13.206,126,52.261,10.016,6.145,95,43.547,12.849,6.271,95,34.296,10.000,3.000,115,42.262,16.000,3.000,57,17.874,2.018,5.027,37,15.890,5.135,1.000,31,3.207,1.000,1.000,19,6.156,1.154,1.000,26,14.831,3.751,3.341,6,1.159,0.000,0.007,16,4.106,1.000,0.000,15,1.616,0.000,0.000,13,6.980,2.000,1.368,14,5.097,1.000,0.000
23,268,93.579,27.073,6.003,308,116.970,18.931,19.610,159,70.944,22.368,6.055,152,82.301,21.037,7.000,96,49.443,20.871,3.000,101,40.239,14.000,3.000,69,31.584,7.003,5.000,25,15.268,5.050,1.368,25,0.511,0.000,0.000,32,14.249,4.000,0.000,44,18.467,4.549,3.670,17,12.785,5.000,0.000,17,2.932,0.000,1.301,11,0.938,0.000,0.000,14,10.230,4.000,1.000,12,3.400,0.000,0.000
24,307,84.544,16.386,8.086,263,78.106,16.806,8.874,165,74.387,18.511,15.061,148,71.690,14.380,11.369,84,30.266,14.657,1.000,101,32.581,7.736,4.000,78,32.942,11.038,3.237,30,15.500,4.000,2.000,40,1.370,0.000,0.000,32,17.549,3.368,3.000,30,12.696,4.000,0.000,9,5.793,1.018,2.000,18,7.787,2.000,1.000,30,4.052,1.000,1.000,21,15.554,3.000,5.135,7,1.842,0.000,0.000
25,341,92.266,22.264,9.284,438,154.521,27.753,27.540,177,66.923,17.667,9.026,174,89.117,17.516,13.649,69,26.477,4.000,5.000,93,36.883,11.000,3.000,90,35.314,13.022,4.196,23,9.057,4.050,0.000,39,3.335,1.000,1.000,35,12.752,3.368,2.000,51,17.160,2.000,4.091,15,6.956,0.386,4.000,49,13.741,3.000,4.000,31,10.680,7.000,0.000,14,10.833,3.000,1.000,12,4.306,1.000,0.000
26,301,75.823,16.014,14.874,362,147.226,30.039,32.142,179,57.726,10.376,11.104,169,85.037,19.817,14.789,46,24.770,6.736,3.000,93,38.547,8.000,7.000,73,34.395,6.022,7.415,22,13.322,4.002,2.000,43,1.573,1.000,0.000,23,5.082,1.871,0.135,65,19.720,5.000,4.000,19,12.371,1.368,2.007,41,2.553,0.000,0.000,33,9.338,4.000,0.000,17,11.051,4.000,1.000,20,6.600,1.000,0.000
27,258,70.403,15.794,13.385,373,134.221,22.899,33.265,148,48.757,10.385,7.059,146,59.545,14.848,11.156,50,18.743,6.804,1.000,59,29.397,11.000,4.000,62,25.799,6.140,2.549,25,14.214,5.000,0.000,40,3.555,1.000,1.000,27,8.215,2.000,0.000,56,28.228,6.078,6.670,11,6.984,2.641,0.000,52,2.092,0.000,0.000,49,14.651,6.000,0.000,10,2.645,1.000,0.000,16,3.961,0.000,0.000
28,210,50.929,11.380,6.747,265,95.812,21.548,15.062,124,30.592,5.394,7.739,94,35.594,3.806,8.504,33,12.940,3.000,3.000,39,23.858,8.368,1.000,39,17.102,3.002,4.407,15,6.625,4.000,0.000,45,2.767,0.000,1.000,11,1.929,1.018,0.000,41,13.357,2.000,2.671,8,1.237,0.368,0.000,39,6.001,1.000,1.000,30,0.192,0.000,0.000,4,3.583,0.000,1.000,9,2.088,0.000,0.000
29,140,35.141,10.288,3.075,169,65.843,11.384,9.193,88,32.701,13.386,6.210,65,21.858,3.104,6.664,19,6.981,1.000,2.000,16,9.078,3.368,0.000,21,10.000,2.021,1.000,9,5.565,0.000,2.000,35,2.039,0.000,1.000,10,3.555,1.000,1.000,31,8.303,2.004,0.091,7,4.112,0.002,2.000,46,0.764,0.000,0.000,32,2.457,0.000,1.000,1,0.376,0.000,0.000,16,4.139,0.000,0.000
30,109,21.632,5.376,3.002,93,31.997,5.375,4.057,28,12.087,3.000,3.000,33,7.564,0.039,4.271,12,0.287,0.000,0.000,4,2.332,1.000,0.000,9,2.856,0.001,1.000,2,0.284,0.000,0.000,10,0.731,0.000,0.000,5,0.142,0.000,0.000,21,5.158,1.000,1.000,3,2.002,0.000,1.000,22,2.374,0.000,1.000,7,0.000,0.000,0.000,1,0.142,0.000,0.000,12,3.315,0.000,0.000
31,96,30.720,6.007,2.000,52,13.865,4.368,1.792,8,4.493,1.000,1.000,28,11.592,2.100,2.368,8,0.578,0.000,0.000,3,0.142,0.000,0.000,15,5.519,1.386,2.000,0,0.000,0.000,0.000,7,0.284,0.000,0.000,3,0.062,0.018,0.000,8,0.812,0.000,0.000,10,8.665,2.000,2.000,2,0.607,0.000,0.000,1,0.142,0.000,0.000,1,1.097,1.000,0.000,8,1.722,0.000,0.000
32,65,10.555,0.000,1.000,22,7.394,2.013,1.050,15,1.293,0.000,0.000,12,7.879,3.000,0.002,2,0.000,0.000,0.000,5,0.000,0.000,0.000,4,2.696,1.000,1.000,1,1.864,1.000,0.000,2,0.000,0.000,0.000,1,0.142,0.000,0.000,11,1.327,0.000,0.000,2,0.699,0.000,0.000,3,1.225,0.000,1.000,0,0.000,0.000,0.000,1,0.142,0.000,0.000,10,3.203,0.000,0.000
33,57,15.662,0.000,2.018,12,5.199,1.000,0.000,15,5.003,2.000,0.000,10,4.285,0.000,1.000,1,0.000,0.000,0.000,3,0.000,0.000,0.000,6,5.248,3.000,0.000,1,0.142,0.000,0.000,3,0.000,0.000,0.000,4,0.760,0.000,0.000,3,2.554,0.000,1.000,0,0.000,0.000,0.000,2,0.000,0.000,0.000,0,0.000,0.000,0.000,1,1.772,0.000,1.000,11,3.108,0.000,0.000
34,75,29.971,3.871,7.000,16,7.629,4.000,1.000,5,0.061,0.001,0.050,8,7.495,2.000,2.000,5,2.003,1.000,0.000,12,0.000,0.000,0.000,9,7.276,3.000,1.000,3,2.311,1.000,0.000,3,1.676,0.000,1.000,1,0.142,0.000,0.000,2,0.728,0.000,0.000,0,0.000,0.000,0.000,0,0.000,0.000,0.000,0,0.000,0.000,0.000,4,4.658,2.000,0.368,10,2.768,0.000,0.000
35,147,37.872,5.000,3.368,34,15.420,3.000,3.420,24,8.558,0.050,1.000,11,3.482,0.000,0.000,10,9.268,2.000,2.000,14,1.175,0.000,0.000,14,3.396,1.002,1.004,5,2.496,0.000,1.000,3,0.000,0.000,0.000,1,0.142,0.000,0.000,3,3.370,0.000,1.000,1,0.052,0.000,0.000,4,0.142,0.000,0.000,0,0.000,0.000,0.000,6,3.568,2.000,0.000,11,2.845,0.000,0.000
36,250,95.718,15.382,16.154,87,39.813,10.106,5.050,37,16.122,5.136,1.000,33,21.001,3.050,4.000,12,5.908,4.000,0.000,28,12.762,2.000,4.000,30,7.345,1.012,1.000,13,7.868,1.100,1.000,1,0.394,0.000,0.000,8,1.129,0.000,0.000,6,3.031,1.000,1.000,8,5.607,1.000,2.000,5,0.571,0.000,0.000,5,2.103,0.000,1.000,5,1.857,0.000,0.000,10,2.959,0.000,0.000
37,264,76.174,11.687,9.163,141,72.164,17.321,15.522,36,14.495,5.118,1.368,60,21.733,5.256,3.436,29,7.417,1.001,1.000,38,9.239,2.000,1.000,22,14.429,2.368,5.004,16,5.563,1.050,0.000,9,1.676,1.000,0.000,10,1.544,0.000,0.000,16,9.935,2.202,2.000,14,3.132,0.000,0.736,6,4.247,0.000,1.000,0,0.000,0.000,0.000,10,3.644,1.000,0.000,8,2.956,0.000,0.000
38,303,97.304,16.291,17.053,206,82.774,16.893,13.141,58,32.329,8.014,6.000,76,34.033,7.209,3.071,32,9.723,4.000,1.135,46,8.572,3.000,0.000,29,11.052,2.368,1.000,16,6.475,3.000,0.000,10,0.142,0.000,0.000,14,6.734,1.000,1.000,12,2.731,0.000,0.917,18,10.190,2.000,1.000,7,0.043,0.000,0.000,4,0.000,0.000,0.000,10,3.026,1.000,0.000,13,4.125,0.000,0.000
39,326,107.389,21.005,16.256,226,101.530,17.856,24.068,75,26.285,3.418,5.369,81,33.262,9.023,1.185,38,13.033,1.000,1.000,59,27.826,9.135,4.368,37,20.376,5.000,3.549,22,8.953,1.000,0.000,16,2.848,1.000,0.000,10,3.908,1.000,0.000,25,4.510,0.000,1.091,24,12.577,3.002,1.000,23,0.536,0.000,0.000,9,0.000,0.000,0.000,10,5.748,2.000,0.000,11,3.728,1.000,0.000
40,347,117.106,22.423,12.522,264,99.869,15.438,23.115,61,19.965,4.100,2.503,73,28.886,5.207,5.001,63,28.268,4.871,3.000,38,9.917,4.000,0.000,39,18.632,3.142,3.000,34,23.080,8.774,1.135,14,0.867,0.000,0.000,17,8.852,2.000,2.000,30,6.193,2.000,1.000,30,17.074,4.018,4.368,12,0.000,0.000,0.000,8,0.000,0.000,0.000,20,9.743,1.000,2.001,15,5.361,0.000,0.000
41,350,113.393,21.851,11.343,327,133.492,26.964,20.010,91,28.813,7.037,2.136,80,42.171,11.745,7.000,49,23.250,5.018,5.000,47,9.886,2.000,1.000,34,11.431,3.135,1.074,37,17.565,4.418,3.000,18,1.933,0.000,0.000,19,10.143,3.018,1.000,19,7.123,3.000,0.247,21,9.684,1.876,2.000,12,0.142,0.000,0.000,16,2.393,1.000,1.000,7,5.237,1.135,1.000,13,4.242,1.000,0.000
42,310,94.123,16.172,10.394,269,106.816,23.111,14.393,125,41.651,8.375,4.104,94,32.857,6.373,4.368,48,19.005,5.000,2.368,46,10.708,4.000,0.000,33,16.406,2.018,3.549,29,10.692,2.000,1.368,10,4.293,2.000,0.000,18,5.748,1.000,1.000,15,7.491,0.000,3.670,33,16.277,2.639,2.000,8,1.872,0.000,1.000,18,0.000,0.000,0.000,9,6.040,2.000,0.000,8,2.226,0.000,0.000
43,351,117.896,18.349,14.224,294,127.902,25.494,17.190,88,30.607,4.038,4.019,85,24.486,2.051,4.639,53,23.570,4.018,5.000,58,12.400,3.000,2.000,51,24.504,4.386,8.004,22,5.908,1.000,1.000,24,12.098,1.000,3.000,27,11.265,4.000,1.639,21,3.857,1.202,0.000,17,5.710,1.050,1.368,6,0.657,0.000,0.000,24,1.384,0.000,0.000,8,4.986,1.000,1.000,12,3.551,1.000,0.000
44,313,103.990,15.389,12.513,270,112.842,25.176,21.159,90,40.450,9.782,6.000,60,25.251,4.370,4.368,67,29.759,8.503,4.000,43,17.878,5.135,4.000,50,24.105,5.000,4.004,30,15.020,4.135,2.000,29,2.408,1.000,0.000,26,8.672,1.000,2.000,15,1.001,0.553,0.000,19,6.997,1.050,0.000,2,0.142,0.000,0.000,28,2.375,0.000,0.000,6,4.559,2.000,0.000,19,7.008,0.000,0.000
45,301,115.153,21.523,14.058,273,107.603,23.633,16.905,124,43.057,12.386,4.009,75,27.342,4.274,4.019,78,30.513,10.418,3.000,57,24.258,7.000,3.000,46,27.042,9.000,1.004,55,21.180,5.135,2.025,25,5.281,0.000,3.000,27,17.493,4.135,3.000,28,7.863,0.000,1.671,19,12.025,4.002,2.000,2,0.000,0.000,0.000,20,2.749,1.000,0.000,17,14.211,4.000,1.000,18,5.099,0.000,0.000
46,273,90.212,20.105,8.424,287,103.644,18.241,15.105,98,42.306,11.277,4.136,96,54.992,15.375,8.553,140,60.266,19.601,2.000,53,16.581,5.000,2.000,61,24.431,3.000,5.004,33,11.175,4.000,0.405,58,8.225,1.000,3.000,40,17.706,4.005,1.018,14,4.350,2.000,0.000,18,7.508,2.135,1.000,3,0.000,0.000,0.000,11,0.000,0.000,0.000,5,2.461,1.000,0.000,15,5.088,0.000,0.000
47,289,103.072,22.154,16.260,264,99.869,18.766,19.003,152,67.006,23.763,6.018,163,79.334,23.007,7.908,187,86.711,26.375,8.000,53,17.334,8.000,1.000,86,41.503,5.000,8.553,31,15.061,4.135,1.368,51,9.574,1.000,2.000,44,23.835,6.381,4.386,26,8.446,0.000,3.000,22,9.199,1.000,1.000,13,3.981,1.000,1.000,5,4.166,0.000,2.000,17,8.698,3.418,1.000,13,4.294,0.000,0.000
48,271,62.368,13.142,6.100,326,119.281,28.199,16.882,159,59.312,18.738,5.138,182,86.788,21.328,6.647,147,50.603,9.510,7.639,77,21.645,3.000,3.000,65,31.873,8.368,4.004,32,8.999,1.018,1.000,50,8.355,2.000,2.000,56,13.607,3.368,3.368,42,10.415,2.202,1.001,16,12.454,3.018,3.000,15,6.247,1.000,2.000,10,0.568,0.000,0.000,7,4.753,2.000,0.000,10,3.255,0.000,0.000
49,308,65.846,13.769,8.001,326,121.649,27.791,12.420,179,58.488,11.506,9.372,178,87.822,17.612,23.006,121,57.792,14.000,8.000,77,31.677,6.104,7.000,65,38.544,10.375,6.000,19,13.320,5.000,1.000,67,7.344,1.000,2.000,49,20.954,5.271,3.019,26,13.420,1.074,4.000,12,6.665,0.002,1.000,35,11.011,3.000,2.000,20,3.887,2.000,0.000,20,6.847,2.000,0.000,13,7.311,1.000,2.000
50,338,55.720,6.635,4.516,366,131.738,31.446,21.059,152,42.134,5.138,10.014,161,74.973,21.882,11.745,100,34.876,7.472,6.000,57,21.124,8.000,2.000,85,43.876,10.871,9.037,27,11.535,3.000,2.018,42,1.445,0.000,0.000,43,13.019,3.135,3.000,40,10.187,0.000,3.670,17,7.935,3.154,1.000,32,4.240,0.000,2.000,60,14.998,4.000,2.000,12,10.040,3.000,2.000,9,3.654,0.000,0.000
51,233,49.152,3.334,8.419,299,80.564,16.685,12.410,158,46.966,11.029,3.102,129,49.829,8.757,9.695,41,11.849,5.000,0.000,46,22.004,5.000,3.000,56,13.719,2.386,0.553,19,16.297,2.000,7.000,59,2.191,0.000,1.000,24,4.624,0.018,0.000,27,8.195,0.000,2.000,12,5.692,1.135,2.000,50,2.995,1.000,0.000,54,4.903,3.000,0.000,16,15.641,3.000,3.000,12,6.253,2.000,0.000
52,206,45.064,5.590,10.007,272,100.615,18.293,21.543,116,28.781,4.136,3.015,103,42.294,10.630,2.737,31,14.208,6.000,0.000,18,8.927,3.000,0.000,33,5.832,0.000,0.004,13,6.687,2.135,1.000,69,1.516,0.000,0.000,14,3.064,1.000,0.000,49,6.581,1.000,0.000,12,6.698,1.000,1.007,46,8.287,0.000,3.904,29,6.982,2.000,2.000,15,5.431,1.000,0.000,10,2.769,0.000,0.000
53,137,27.486,3.505,3.425,202,64.150,7.517,12.068,65,19.731,5.506,2.885,86,20.921,5.471,1.298,15,0.988,0.000,0.000,9,1.497,0.000,0.000,14,4.740,0.001,1.000,6,3.284,0.000,1.000,25,4.538,1.000,1.000,7,2.272,1.000,0.000,29,7.615,1.000,3.091,11,1.982,0.000,0.000,39,6.960,2.000,1.301,18,2.827,2.000,0.000,0,0.000,0.000,0.000,6,1.670,0.000,0.000
54,85,13.431,1.000,1.368,98,35.789,3.137,10.745,48,16.478,3.736,5.000,43,11.533,2.000,1.271,10,0.398,0.000,0.149,2,0.000,0.000,0.000,15,5.939,1.003,0.000,1,1.218,1.000,0.000,9,1.044,0.000,0.000,8,1.640,0.000,0.000,22,5.044,2.000,1.000,7,1.191,0.018,0.000,16,2.055,0.000,0.000,23,5.014,3.000,0.000,3,0.284,0.000,0.000,13,4.283,0.000,0.000
55,70,14.201,2.000,3.000,57,12.649,0.386,2.000,23,0.943,0.002,0.018,30,7.565,1.003,1.000,7,1.028,0.135,0.000,1,1.094,1.000,0.000,5,0.201,0.000,0.000,3,2.223,1.000,0.000,4,0.799,0.000,0.000,3,1.059,0.018,0.000,4,1.601,1.000,0.000,6,2.141,0.000,1.000,7,2.103,0.000,1.000,5,0.000,0.000,0.000,1,0.142,0.000,0.000,8,2.431,0.000,0.000
56,68,16.895,0.000,3.000,32,5.165,0.000,0.503,13,2.810,0.000,1.018,8,1.250,0.000,0.000,8,0.204,0.000,0.050,8,0.000,0.000,0.000,5,2.644,1.018,0.000,0,0.000,0.000,0.000,0,0.000,0.000,0.000,2,0.508,0.000,0.000,5,0.660,0.000,0.000,1,0.515,0.000,0.000,4,0.043,0.000,0.000,1,0.000,0.000,0.000,0,0.000,0.000,0.000,8,2.077,0.000,0.000
57,38,5.917,0.000,0.000,24,13.730,2.000,3.368,10,0.838,0.000,0.000,10,2.091,1.000,0.000,5,0.284,0.000,0.000,4,0.000,0.000,0.000,3,0.793,0.135,0.000,1,0.353,0.000,0.000,2,0.000,0.000,0.000,1,0.841,0.000,0.000,4,0.686,0.000,0.000,0,0.000,0.000,0.000,2,1.605,0.000,1.000,0,0.000,0.000,0.000,0,0.000,0.000,0.000,12,3.374,0.000,0.000
58,68,17.199,2.000,2.000,18,5.335,1.000,0.000,14,5.217,1.000,0.000,7,2.352,0.000,0.000,3,0.142,0.000,0.000,20,0.540,0.000,0.000,10,4.889,2.368,0.000,0,0.000,0.000,0.000,1,0.000,0.000,0.000,2,1.094,1.000,0.000,3,2.969,0.000,1.000,2,2.216,1.000,0.000,3,0.000,0.000,0.000,0,0.000,0.000,0.000,2,0.284,0.000,0.000,11,3.125,0.000,0.000
59,151,50.515,8.443,7.103,51,24.134,2.406,6.203,30,8.402,1.000,2.118,17,15.211,3.104,5.002,9,4.570,0.000,2.000,18,1.665,1.000,0.000,18,11.006,2.889,1.202,6,2.712,1.000,0.000,0,0.000,0.000,0.000,6,1.668,0.000,1.018,6,2.760,0.000,1.000,4,3.984,1.000,1.000,4,0.000,0.000,0.000,0,0.000,0.000,0.000,3,2.838,0.000,2.000,12,4.572,0.000,0.000
60,253,81.728,14.643,8.063,89,38.208,4.504,9.188,44,13.429,2.008,1.135,36,16.618,5.050,2.368,21,3.357,0.503,0.000,20,2.141,1.000,0.000,21,8.299,1.000,2.004,14,7.585,2.000,0.000,9,0.142,0.000,0.000,11,3.761,1.000,0.018,12,4.094,1.000,1.000,8,2.304,0.000,0.000,4,3.058,0.000,1.000,3,2.791,0.000,1.000,13,6.203,2.000,2.000,11,3.297,0.000,0.000
61,301,96.832,16.299,11.392,153,60.267,10.434,8.053,56,14.188,2.007,1.736,68,15.780,1.009,4.000,16,6.299,1.000,1.000,34,7.298,2.000,2.000,31,20.892,5.008,2.202,16,4.890,2.000,0.000,13,2.571,0.000,1.000,7,2.753,0.135,1.000,12,3.208,1.000,0.000,15,3.770,1.000,0.000,8,2.870,0.000,1.000,0,0.000,0.000,0.000,28,11.484,1.736,3.000,10,2.660,0.000,0.000
62,332,115.597,27.438,11.426,236,108.766,21.698,12.558,59,22.764,7.368,2.908,84,39.069,9.611,3.418,22,7.447,1.000,1.000,43,9.034,3.000,1.368,39,20.943,5.370,4.000,21,13.224,5.000,1.000,21,1.591,0.000,1.000,8,2.469,0.000,0.135,20,8.654,1.000,2.000,22,15.319,6.000,2.000,22,4.017,1.000,1.000,10,1.133,1.000,0.000,15,5.237,2.000,1.000,8,3.042,0.000,0.000
63,373,124.417,26.182,13.288,263,126.870,27.642,27.873,74,20.129,5.156,3.055,86,32.767,7.664,5.922,54,13.895,4.000,1.000,55,8.669,1.736,1.000,42,17.145,5.000,2.001,21,9.950,3.050,1.000,16,4.756,1.000,2.000,17,4.529,1.037,1.000,13,3.155,0.000,0.001,21,6.870,1.271,0.007,8,5.667,1.000,1.000,14,2.883,1.000,0.000,32,22.414,8.271,3.001,19,4.781,0.000,0.000
64,376,132.613,27.897,13.090,264,108.339,17.759,19.464,102,38.801,9.738,2.154,85,27.103,7.066,3.022,30,10.306,1.368,3.000,44,11.196,5.000,0.368,48,15.219,0.368,2.206,41,15.562,3.368,1.007,26,2.866,1.000,1.000,15,9.369,2.135,3.000,14,6.615,1.027,0.000,31,11.300,1.135,3.503,13,2.247,1.000,0.000,22,4.993,3.000,0.000,31,13.409,2.000,2.002,18,7.851,1.000,0.000
65,360,135.449,27.942,19.058,285,107.926,21.391,21.141,105,37.101,10.641,3.050,87,25.666,4.757,3.508,22,6.498,2.000,0.000,42,8.527,2.000,0.135,38,12.253,4.271,1.055,47,29.179,9.050,3.000,15,1.814,1.000,0.000,23,5.852,2.000,0.000,8,3.765,0.000,0.670,36,17.674,3.503,2.503,2,0.142,0.000,0.000,14,2.141,1.000,0.000,18,7.061,4.100,0.135,10,3.742,0.000,0.000
66,348,121.315,20.518,21.366,290,125.224,24.578,21.518,89,22.996,3.890,5.000,86,45.531,9.135,9.000,34,10.610,2.000,1.000,35,8.379,1.368,0.000,32,11.090,2.000,1.000,38,15.734,4.467,0.000,17,8.114,3.000,1.000,21,6.516,0.000,1.000,7,1.477,0.004,0.000,36,19.773,5.018,1.000,4,0.000,0.000,0.000,20,3.419,1.000,0.000,9,3.143,1.000,0.002,15,6.342,1.000,0.000
67,363,111.764,24.902,12.822,274,93.165,18.120,14.760,107,35.841,8.664,2.071,80,29.352,5.738,4.872,59,16.674,7.000,0.000,49,9.029,3.000,1.135,44,22.242,4.000,5.000,22,8.503,1.000,2.368,20,1.800,0.000,1.000,27,7.255,0.050,1.000,4,1.578,0.000,0.000,26,10.361,2.000,1.000,6,3.739,1.000,1.000,18,4.094,2.000,0.000,14,12.370,3.000,2.000,8,2.899,0.000,0.000
68,354,115.056,21.739,8.305,296,120.961,16.775,26.484,114,31.581,8.640,6.001,80,32.913,8.160,5.002,42,15.580,4.472,3.368,49,9.341,0.368,2.135,56,20.395,5.001,2.027,27,8.746,3.000,0.007,36,7.948,2.000,1.000,34,12.594,1.000,3.375,10,6.280,1.000,1.000,28,13.780,4.002,2.368,6,0.228,0.000,0.000,12,0.568,0.000,0.000,14,9.073,2.000,3.000,11,4.800,0.000,1.000
69,346,129.400,22.406,16.024,275,96.848,20.150,17.387,137,48.444,11.610,8.368,113,43.936,13.393,4.698,60,24.602,6.368,0.000,58,14.234,3.000,1.000,52,20.648,5.032,0.000,39,13.224,4.000,1.000,32,11.654,2.000,1.000,44,15.087,3.368,0.786,22,5.276,1.000,1.000,27,9.929,3.000,1.000,8,2.987,0.000,2.000,18,1.165,0.000,1.000,10,6.735,3.000,1.002,6,1.965,0.000,0.000
70,284,101.456,21.786,12.661,270,109.845,29.482,15.498,161,57.854,14.553,8.340,161,76.780,18.753,7.745,135,43.911,13.386,3.000,48,19.703,4.000,6.135,45,21.343,4.368,4.623,35,19.913,5.185,3.000,43,6.952,1.000,2.000,48,11.733,1.000,3.013,14,1.500,0.000,0.001,20,11.698,3.000,0.000,5,1.104,1.000,0.000,16,4.907,2.000,0.000,9,7.726,3.000,1.000,12,4.153,0.000,0.000
71,283,110.232,23.793,12.923,301,107.251,22.026,18.759,149,55.507,11.508,10.161,231,123.082,38.210,15.691,241,97.186,30.503,6.368,49,16.985,3.368,2.000,65,16.002,2.002,2.129,46,27.316,10.135,3.001,31,6.689,2.000,1.000,36,17.426,3.000,4.000,26,14.387,4.549,2.671,17,5.684,1.370,1.368,9,0.760,0.000,0.000,20,4.605,1.000,0.000,13,6.071,3.000,1.000,14,5.595,0.000,0.000
72,245,99.136,23.018,11.401,269,87.823,16.639,14.112,148,52.256,7.369,7.368,226,125.401,32.762,17.154,190,85.931,22.018,13.000,35,9.940,1.368,2.000,77,19.319,3.135,1.576,46,27.665,9.467,3.368,46,0.426,0.000,0.000,44,22.365,6.000,4.000,23,11.978,1.000,2.670,16,10.330,1.000,3.135,3,0.000,0.000,0.000,35,2.967,1.000,0.000,15,6.996,0.000,1.368,15,4.795,1.000,0.000
73,236,76.283,13.264,10.291,322,121.798,21.349,24.253,171,71.131,16.021,9.112,224,108.165,28.836,15.135,211,118.316,35.314,16.104,56,23.255,7.000,1.000,82,34.307,5.473,6.751,26,17.936,3.000,3.736,40,7.330,1.000,1.000,47,19.197,2.436,3.018,22,6.037,0.000,1.587,19,8.982,0.000,2.000,8,2.980,0.000,1.000,18,2.914,1.000,0.000,16,10.532,2.000,2.135,15,4.588,0.000,0.000
74,240,77.488,22.122,7.747,306,109.108,18.296,20.813,188,85.938,17.007,17.813,169,100.888,29.309,16.377,101,40.834,12.123,6.000,50,15.520,4.368,2.000,69,24.788,7.371,1.212,42,23.140,9.000,1.000,38,2.025,0.000,1.000,41,13.751,2.368,2.000,45,7.646,0.027,0.247,15,9.592,3.000,1.000,16,0.107,0.000,0.000,54,17.404,7.000,0.000,16,9.509,2.000,3.368,11,5.116,1.000,0.000
75,198,64.958,16.389,10.074,282,96.536,17.451,16.509,174,65.072,14.473,14.125,136,61.777,14.522,7.374,38,10.769,5.000,0.000,21,6.212,2.000,0.000,48,11.626,4.503,0.001,21,15.181,7.002,0.368,42,5.665,1.000,1.000,22,3.952,2.000,0.000,41,13.940,4.004,0.917,15,10.277,3.000,1.000,39,2.049,1.000,0.000,30,7.878,2.000,0.000,14,7.300,2.000,2.368,11,2.917,0.000,0.000
76,177,45.668,7.377,7.050,261,93.952,19.195,16.824,124,42.789,12.439,4.577,109,49.482,13.739,7.368,39,9.208,3.000,2.000,17,8.321,3.000,1.000,29,14.975,2.000,2.280,14,10.516,2.000,2.736,64,5.933,1.000,2.000,14,2.781,0.000,1.000,11,0.579,0.004,0.000,13,6.143,1.000,1.368,56,4.559,1.000,1.602,31,8.767,3.000,0.000,9,6.389,1.000,1.000,9,2.910,0.000,0.000
77,133,28.497,2.019,7.014,180,55.344,9.978,10.273,80,29.683,5.272,6.019,64,17.449,3.368,3.000,18,4.023,0.000,1.000,9,2.659,1.000,0.000,25,9.435,3.002,2.230,8,3.721,0.000,1.000,31,2.141,0.000,0.000,11,1.001,0.000,0.000,27,5.959,0.000,1.917,6,1.208,1.000,0.000,55,2.393,0.000,1.301,34,2.145,0.000,1.000,3,0.442,0.000,0.000,11,1.793,0.000,0.000
78,97,19.413,1.387,1.000,94,38.000,7.375,6.736,48,7.577,0.368,1.000,37,8.389,2.427,1.369,10,1.316,0.000,1.000,7,1.257,1.000,0.000,9,4.272,0.001,2.001,3,1.104,0.000,0.000,12,1.172,0.000,0.000,1,2.589,0.000,1.000,13,6.420,0.000,1.247,10,2.452,0.000,1.000,47,6.908,1.000,3.000,14,1.491,1.000,0.000,2,2.259,0.000,1.000,14,4.465,0.000,0.000
79,74,25.726,4.018,4.007,37,11.564,2.007,2.375,22,2.752,0.000,0.000,21,6.833,1.000,2.018,6,0.284,0.000,0.000,0,0.000,0.000,0.000,9,5.572,0.000,2.000,2,0.194,0.000,0.000,5,0.000,0.000,0.000,4,0.000,0.000,0.000,9,2.659,1.000,0.001,6,3.623,1.000,1.000,15,0.000,0.000,0.000,5,0.025,0.000,0.000,2,0.284,0.000,0.000,14,3.381,0.000,0.000
80,49,7.831,0.135,2.001,25,5.983,0.000,1.000,28,4.205,0.000,1.000,8,1.768,0.000,1.000,1,0.000,0.000,0.000,1,0.561,0.000,0.000,7,5.438,2.001,0.000,0,0.000,0.000,0.000,3,0.000,0.000,0.000,1,0.589,0.000,0.000,7,0.792,0.000,0.000,5,3.842,0.000,2.000,2,0.142,0.000,0.000,0,0.000,0.000,0.000,1,2.053,0.000,1.000,18,6.986,0.000,1.000
81,66,16.500,2.000,3.000,17,5.943,1.000,1.001,10,1.172,0.000,0.000,9,2.078,1.135,0.002,5,0.284,0.000,0.000,1,0.000,0.000,0.000,4,1.097,0.000,0.000,0,0.000,0.000,0.000,1,0.000,0.000,0.000,1,2.340,1.000,0.000,0,0.000,0.000,0.000,1,0.000,0.000,0.000,0,0.000,0.000,0.000,0,0.000,0.000,0.000,2,0.284,0.000,0.000,17,6.374,0.000,0.000
82,73,12.728,0.000,1.000,27,10.775,1.007,2.368,16,4.664,1.050,0.000,6,5.653,0.000,2.000,6,1.318,0.000,0.000,24,1.882,1.000,0.000,15,2.102,0.000,0.000,2,1.044,0.000,0.000,0,0.000,0.000,0.000,4,0.426,0.000,0.000,4,2.092,0.000,1.000,1,0.142,0.000,0.000,0,0.000,0.000,0.000,1,0.319,0.000,0.000,3,0.603,0.000,0.000,15,5.406,0.000,0.000
83,161,44.516,11.397,3.419,61,26.753,6.368,5.203,22,7.322,2.000,0.000,18,4.806,0.000,1.368,8,0.426,0.000,0.000,21,1.971,0.000,1.000,24,15.317,5.503,3.000,8,1.767,0.002,0.000,4,0.284,0.000,0.000,5,1.135,0.007,0.000,4,0.555,0.202,0.000,0,0.000,0.000,0.000,9,0.142,0.000,0.000,0,0.000,0.000,0.000,9,1.188,0.000,0.002,11,2.795,0.000,0.000
84,243,70.494,10.260,11.033,84,36.236,6.418,6.000,37,11.998,3.788,2.005,46,13.272,2.369,2.050,20,9.258,2.135,2.000,16,3.930,1.000,0.000,20,10.591,2.002,1.000,11,3.099,0.000,1.368,4,0.142,0.000,0.000,14,3.104,1.018,0.000,8,0.535,0.000,0.000,2,0.284,0.000,0.000,6,1.570,1.000,0.000,3,0.142,0.000,0.000,10,2.851,1.000,0.000,11,3.119,0.000,0.000
85,309,106.201,18.855,14.577,180,63.994,14.154,10.193,52,17.522,4.000,2.000,60,21.313,3.001,6.271,17,7.956,3.000,0.368,42,9.457,2.736,1.000,22,9.998,2.000,2.202,15,5.063,1.368,1.000,6,1.168,0.000,0.000,13,4.586,1.106,0.135,12,3.429,1.000,0.000,15,3.770,1.018,0.000,2,1.960,1.000,0.000,7,1.849,0.000,0.000,24,8.043,0.000,2.000,10,3.318,0.000,0.000
86,287,99.552,21.286,15.754,207,87.776,15.734,16.418,59,20.782,4.742,5.368,69,21.314,2.506,2.136,34,6.976,1.736,0.000,67,15.069,2.368,3.000,43,10.995,3.138,1.004,19,10.131,2.154,1.000,7,0.880,0.000,0.000,9,4.323,2.000,0.000,12,3.970,0.000,0.000,15,7.996,1.002,2.000,7,1.960,1.000,0.000,2,1.381,1.000,0.000,24,13.153,4.050,1.000,13,5.090,0.000,0.000
87,343,118.140,24.758,15.721,287,102.530,14.812,18.765,63,27.296,2.005,4.553,99,32.045,3.691,7.791,39,11.732,1.000,3.000,58,14.951,3.000,2.000,53,23.942,6.052,4.007,37,21.405,10.050,0.000,9,1.815,0.000,1.000,21,7.682,1.007,0.406,9,2.321,0.074,0.000,27,7.769,0.021,1.000,6,1.151,1.000,0.000,2,1.765,1.000,0.000,26,6.729,1.000,0.002,10,2.778,0.000,0.000
88,380,124.905,28.560,12.166,283,123.424,24.655,19.161,73,25.474,6.056,3.000,99,52.951,10.156,9.504,42,11.250,3.000,1.000,32,15.604,5.368,2.000,50,22.161,3.003,6.207,39,14.927,4.368,0.000,15,0.813,0.000,0.000,18,8.403,0.000,2.000,11,2.493,0.000,0.000,30,12.098,2.000,1.736,13,2.081,1.000,0.000,2,0.000,0.000,0.000,32,8.650,1.135,2.000,14,7.058,0.000,1.000
89,357,117.644,27.714,9.142,323,148.793,23.712,25.716,93,32.933,7.424,6.000,99,30.065,5.774,3.135,46,10.136,2.736,0.135,47,9.104,2.000,2.000,51,22.871,6.004,2.754,57,29.895,9.503,2.000,25,0.532,0.000,0.000,16,6.043,3.000,0.149,12,6.128,0.000,3.000,42,20.082,4.185,4.000,15,1.441,1.000,0.000,5,1.988,1.000,0.000,20,4.261,1.000,0.000,16,5.026,0.000,0.000
90,358,123.561,25.425,10.938,306,110.444,19.605,16.692,102,27.808,6.522,6.368,105,45.612,9.160,6.370,52,20.437,3.000,3.000,29,5.756,1.000,1.000,55,21.865,4.135,3.000,35,12.741,4.000,2.000,23,7.507,1.000,3.000,19,8.701,2.000,1.000,13,2.658,0.000,0.001,26,10.669,1.386,1.736,20,3.039,0.000,1.000,8,1.960,0.000,1.000,9,7.061,4.000,0.000,13,6.987,1.000,0.000
91,343,111.447,18.389,15.104,266,103.233,20.426,16.019,86,28.093,4.135,4.037,88,37.261,8.050,3.053,63,24.430,8.000,2.000,41,10.961,2.000,1.000,58,21.626,5.411,2.000,28,13.741,5.000,0.000,31,7.355,0.000,3.000,31,7.893,2.368,0.000,18,8.124,1.078,1.247,24,10.128,0.368,2.000,23,3.870,2.000,1.000,12,1.640,1.000,0.000,5,3.668,1.000,1.000,10,3.986,0.000,0.000
92,352,116.979,24.006,14.793,318,135.978,23.320,26.059,87,33.345,8.059,2.000,103,42.543,6.506,8.000,63,28.709,8.000,4.000,47,12.251,5.000,0.000,47,24.436,1.000,9.000,32,14.699,5.418,1.007,29,8.613,1.000,3.000,32,9.726,3.050,2.375,20,8.922,3.202,1.000,31,15.400,3.050,3.000,7,0.575,0.000,0.000,11,2.727,1.000,0.000,9,8.271,3.000,2.000,15,4.824,0.000,0.000
93,351,131.621,27.693,20.206,286,121.655,21.425,20.162,105,35.567,6.002,5.240,114,45.740,14.277,3.556,75,27.624,6.418,3.000,42,15.060,4.000,2.000,48,29.109,6.000,6.202,29,15.918,4.000,2.000,27,3.367,0.000,0.000,31,12.676,3.050,2.018,18,7.324,2.000,1.000,24,16.577,4.000,1.368,16,1.222,0.000,1.000,12,2.741,1.000,0.000,11,3.420,1.000,0.000,17,7.373,1.000,0.000
94,314,125.749,24.555,17.057,260,103.843,27.431,12.456,121,34.151,6.571,4.203,101,50.692,16.050,4.025,186,64.300,20.204,5.154,48,20.954,3.000,5.000,43,18.479,4.368,3.000,33,13.792,1.368,3.000,21,1.119,0.000,0.000,43,25.141,6.000,4.000,27,10.870,3.027,1.671,16,7.816,2.000,1.000,6,0.284,0.000,0.000,16,0.142,0.000,0.000,14,9.925,2.000,1.000,14,5.806,1.000,0.000
95,297,94.867,19.923,11.468,263,95.901,22.382,11.050,146,59.531,17.267,3.370,188,90.243,22.527,9.370,302,119.724,28.375,9.436,53,15.415,4.000,1.000,74,33.916,11.003,4.549,40,16.616,5.000,3.000,24,2.617,0.000,1.000,51,16.889,4.007,4.000,16,4.330,0.549,0.000,30,7.484,1.289,0.368,9,1.861,1.000,0.000,17,7.101,3.000,0.000,13,9.255,4.000,0.368,10,4.020,0.000,0.000
96,297,100.329,25.008,13.617,351,127.798,21.533,27.569,154,60.075,16.072,10.370,228,123.591,34.647,14.871,276,138.197,39.368,14.000,59,20.322,2.368,4.000,70,36.556,13.142,3.014,50,30.448,9.153,4.000,34,8.235,2.000,1.000,41,12.265,2.368,2.000,19,3.497,1.000,0.000,19,4.751,1.271,0.000,15,4.049,0.000,2.000,37,0.841,0.000,0.000,12,7.488,3.000,0.000,14,6.630,2.000,0.000
97,290,80.730,16.518,9.018,332,120.102,14.790,23.423,168,59.874,14.419,7.188,189,94.203,28.527,12.162,216,96.677,29.702,8.571,60,21.020,7.000,4.000,81,26.814,5.368,2.160,38,11.431,2.104,1.007,26,0.000,0.000,0.000,48,17.142,5.000,4.000,28,6.629,1.000,1.672,17,6.278,0.736,1.000,14,6.331,3.000,0.000,37,4.027,1.000,1.000,12,5.126,1.000,0.000,16,4.623,0.000,0.000
98,308,80.029,19.007,11.032,375,153.074,26.097,28.785,222,79.888,18.527,13.054,179,94.836,27.143,13.014,189,88.213,19.374,16.922,49,13.689,4.368,2.000,71,24.607,2.003,3.604,40,18.289,6.000,1.000,89,8.192,0.000,3.000,68,18.037,4.375,1.000,38,13.093,2.000,3.000,14,8.325,2.000,2.000,38,5.298,1.000,1.000,29,7.819,4.000,0.000,14,6.306,3.000,0.000,13,3.418,0.000,0.000
99,259,65.586,9.812,10.000,337,99.305,17.025,20.398,159,59.512,16.136,10.751,155,64.951,15.021,11.782,123,57.582,14.878,8.185,22,8.153,2.368,1.000,58,18.650,0.693,5.580,23,8.719,1.135,1.000,74,11.194,0.000,4.000,34,9.992,1.000,2.000,34,18.495,4.202,2.000,10,7.976,1.000,3.000,39,1.218,0.000,0.000,19,4.592,1.000,1.000,13,7.889,2.000,2.135,12,3.653,0.000,0.000
100,209,56.296,13.503,3.142,270,103.131,15.716,21.878,182,53.229,12.150,8.437,87,32.318,11.448,3.529,56,18.035,3.000,2.000,18,7.399,5.000,0.000,32,13.378,4.001,1.004,13,4.112,0.000,1.000,49,2.053,0.000,1.000,15,5.494,1.000,2.000,32,8.364,1.082,1.000,6,2.852,0.000,1.000,80,10.647,1.000,4.000,19,4.680,2.000,0.000,4,2.311,1.000,0.000,12,3.370,0.000,0.000
101,148,32.663,5.622,3.555,177,56.538,14.549,7.534,109,30.211,10.789,3.000,73,28.134,6.241,4.890,24,5.826,1.050,0.000,10,3.384,2.000,0.000,26,6.409,2.005,0.014,5,0.710,0.000,0.000,32,3.359,1.000,1.000,15,4.075,1.000,0.000,27,7.449,0.027,2.341,8,8.118,3.000,1.000,58,2.933,0.000,1.000,12,2.095,0.000,1.000,5,4.704,3.000,0.000,12,2.347,0.000,0.000
102,100,26.326,4.002,6.050,98,40.147,6.386,8.871,63,20.154,5.005,3.370,33,15.534,2.000,4.000,12,1.143,0.368,0.000,5,0.142,0.000,0.000,26,1.870,0.002,0.030,3,0.426,0.000,0.000,29,4.841,0.000,2.000,8,0.196,0.000,0.000,9,4.473,2.000,0.918,9,4.900,0.018,1.000,29,0.142,0.000,0.000,10,0.142,0.000,0.000,2,1.392,1.000,0.000,15,4.390,0.000,0.000
103,68,9.007,1.000,0.000,59,16.865,3.443,3.135,33,7.946,2.000,1.375,17,7.407,0.368,2.000,8,0.927,0.000,0.000,0,0.000,0.000,0.000,16,5.276,1.000,2.202,4,2.298,1.000,0.000,18,0.000,0.000,0.000,4,0.000,0.000,0.000,2,3.001,0.202,1.000,11,3.828,0.000,1.000,15,3.387,0.000,1.000,0,0.000,0.000,0.000,1,1.254,0.000,1.000,16,4.458,0.000,0.000
104,65,9.279,1.018,0.057,25,8.387,2.000,2.000,17,3.485,0.008,2.018,7,1.522,1.000,0.000,6,2.042,0.000,1.000,3,0.000,0.000,0.000,3,0.468,0.000,0.000,2,2.471,0.368,1.000,2,0.000,0.000,0.000,1,0.000,0.000,0.000,4,1.778,1.000,0.000,4,0.788,0.000,0.135,0,0.000,0.000,0.000,3,0.561,0.000,0.000,1,1.417,0.000,1.000,5,1.339,0.000,0.000
105,58,8.416,0.135,1.050,12,6.360,1.000,1.000,15,0.868,0.050,0.000,6,2.021,0.000,0.368,4,0.000,0.000,0.000,1,1.960,1.000,0.000,8,7.894,0.000,2.000,2,2.087,2.000,0.000,0,0.000,0.000,0.000,2,1.073,0.000,0.000,1,1.015,1.000,0.000,0,0.000,0.000,0.000,4,0.000,0.000,0.000,0,0.000,0.000,0.000,4,3.124,1.000,0.000,13,4.181,0.000,0.000
106,76,14.463,1.000,1.000,27,6.407,1.000,1.000,8,2.847,1.000,0.000,7,0.701,0.000,0.000,4,1.477,1.000,0.000,16,0.142,0.000,0.000,9,5.079,1.000,1.549,6,2.936,1.000,0.000,1,2.465,0.000,1.000,2,0.934,0.000,0.000,5,0.877,0.000,0.000,2,0.422,0.000,0.000,3,0.142,0.000,0.000,0,0.000,0.000,0.000,3,0.757,0.000,0.000,12,3.969,0.000,0.000
107,158,48.964,6.303,10.135,44,20.233,4.000,2.000,36,11.636,2.135,2.050,18,5.821,1.007,0.000,14,2.770,0.003,1.000,19,1.502,0.000,0.000,31,14.944,3.050,1.020,14,6.463,1.050,0.000,1,0.000,0.000,0.000,1,0.721,0.000,0.000,1,0.142,0.000,0.000,5,5.437,1.000,1.000,5,0.252,0.000,0.000,1,0.000,0.000,0.000,12,1.044,0.000,0.001,12,4.063,0.000,0.000
108,277,93.777,13.292,13.211,98,43.640,8.503,8.057,35,13.784,4.386,1.000,36,16.379,3.000,4.000,19,9.348,2.000,2.368,25,6.565,1.000,1.000,26,10.696,3.068,1.000,10,2.229,1.050,0.000,12,0.899,0.000,0.000,10,2.118,0.007,0.000,9,2.521,0.000,0.000,7,7.370,1.000,2.000,3,0.142,0.000,0.000,0,0.000,0.000,0.000,24,13.153,4.368,1.001,12,3.133,0.000,0.000
109,331,109.642,26.220,8.402,167,60.833,8.087,14.001,60,15.076,3.396,1.000,56,22.025,2.774,2.051,35,11.467,3.368,0.000,43,12.347,4.368,1.000,31,10.193,2.154,0.000,18,9.353,2.000,1.000,5,0.000,0.000,0.000,14,4.336,0.007,2.018,17,7.585,2.000,2.000,10,8.561,2.002,2.000,3,1.040,0.000,0.000,3,1.807,0.000,0.000,25,12.317,3.000,4.000,8,1.866,0.000,0.000
110,434,119.352,19.151,16.084,251,95.130,24.356,12.177,67,29.640,6.003,6.001,66,36.146,9.135,4.503,44,17.372,7.000,1.000,49,13.571,4.368,3.368,45,16.227,3.406,3.004,25,6.865,0.135,0.000,8,0.866,0.000,0.000,11,4.171,0.000,1.000,11,2.137,1.000,0.000,27,15.247,3.406,3.000,11,0.142,0.000,0.000,10,1.995,1.000,0.000,29,10.407,2.000,0.135,12,3.547,0.000,0.000
111,429,153.362,31.240,14.513,285,130.797,20.364,31.341,63,18.482,3.138,1.000,79,31.147,3.391,5.271,39,8.333,2.135,0.000,37,10.070,3.736,0.000,36,19.705,6.135,1.616,33,17.034,3.104,3.000,8,1.196,0.000,0.000,11,1.434,0.050,0.386,15,3.767,1.000,1.000,29,15.178,3.000,1.000,12,5.671,2.000,1.000,9,0.142,0.000,0.000,28,10.846,3.000,1.136,12,4.244,0.000,0.000
112,384,135.783,28.602,18.406,343,143.342,28.186,24.423,107,41.948,11.376,3.069,104,49.408,11.000,9.007,55,23.236,4.000,4.000,36,11.484,2.000,0.368,60,26.233,6.007,5.000,29,12.026,4.000,0.007,7,1.193,0.000,0.000,28,10.913,2.007,4.050,14,4.274,1.000,0.001,42,16.611,5.138,0.639,8,1.374,0.000,0.000,8,0.934,0.000,0.000,33,9.801,3.000,1.001,19,8.036,1.000,0.000
113,400,141.006,27.609,18.869,337,134.278,27.953,17.200,105,37.291,5.623,7.387,88,41.589,4.377,10.369,53,20.180,5.000,2.000,47,9.747,1.000,2.000,48,21.176,3.747,3.010,31,11.667,2.000,0.368,15,3.991,1.000,1.000,40,15.742,4.503,2.185,18,6.808,2.000,0.247,48,24.243,2.368,6.135,18,4.960,1.000,1.000,10,2.634,1.000,0.000,26,7.572,3.000,0.001,16,6.548,0.000,0.000
114,407,149.742,30.022,22.483,339,128.140,13.557,31.347,90,34.614,11.763,2.339,104,39.788,8.503,5.000,59,24.085,5.135,4.000,29,1.519,0.000,0.000,54,18.588,3.420,4.000,35,17.621,3.037,4.000,6,0.618,0.000,0.000,29,6.531,2.000,1.000,14,4.914,1.000,0.000,41,21.704,3.018,3.510,14,0.803,0.000,0.000,14,5.117,2.000,1.000,19,10.941,3.000,1.000,17,5.972,0.000,0.000
115,392,129.610,24.977,14.249,340,139.166,23.764,26.505,104,39.046,8.312,4.020,101,38.244,6.199,9.271,59,25.102,7.000,2.000,49,13.778,4.000,3.000,55,20.603,4.503,2.004,43,9.863,2.000,0.135,34,19.834,5.000,2.000,37,13.443,2.237,2.375,17,9.640,2.000,1.000,42,19.844,5.018,3.736,11,0.000,0.000,0.000,13,0.000,0.000,0.000,23,11.764,2.000,2.368,12,5.364,1.000,0.000
116,342,143.511,28.106,18.235,294,121.090,29.382,20.242,122,37.099,6.052,5.493,102,38.206,6.156,7.419,58,15.925,4.000,3.000,46,8.937,2.000,2.000,43,15.475,3.529,2.000,29,13.700,3.000,2.000,39,8.206,2.000,2.000,30,14.393,3.368,2.000,15,7.536,0.000,3.000,20,6.199,1.368,0.368,12,4.101,0.000,1.000,14,3.621,2.000,0.000,15,10.098,2.368,2.000,12,4.804,0.000,0.000
117,347,116.153,21.850,15.142,272,105.624,21.654,19.070,127,57.131,14.605,9.390,102,30.516,3.057,7.137,62,19.639,4.000,2.000,82,31.436,9.000,4.000,43,15.672,3.021,2.234,43,16.020,4.000,2.000,29,1.697,0.000,1.000,22,8.995,2.000,1.000,23,10.580,1.000,3.341,18,7.452,1.050,1.000,4,1.161,0.000,0.000,11,2.134,1.000,0.000,16,8.687,1.000,3.000,10,3.788,0.000,0.000
118,296,95.679,21.704,9.114,279,119.399,25.597,20.677,142,66.924,13.781,7.163,155,67.313,11.192,15.019,109,45.889,11.736,6.000,92,34.120,6.135,4.368,79,35.842,9.390,3.206,42,14.210,4.135,0.000,24,7.095,3.000,1.000,40,12.316,2.010,1.000,11,5.288,1.000,2.000,18,8.567,2.522,1.000,7,1.605,0.000,1.000,25,5.854,2.000,0.000,14,5.969,1.000,1.000,14,5.220,0.000,0.000
119,300,110.560,30.122,9.395,300,96.974,17.034,16.186,170,75.822,22.573,12.000,244,135.212,47.364,15.241,159,65.465,20.135,4.503,179,75.737,21.007,9.000,64,31.666,6.423,8.000,53,18.749,6.368,2.000,47,1.889,0.000,1.000,41,19.316,6.000,1.368,15,6.212,1.000,1.000,13,8.840,2.000,2.000,6,3.086,0.000,1.000,20,4.364,2.000,0.000,18,14.125,4.000,1.000,13,4.011,0.000,0.000
120,334,113.628,26.138,11.419,264,92.957,19.254,13.186,159,64.042,22.559,11.053,241,136.716,40.560,16.508,149,63.283,18.804,7.289,210,92.389,25.874,8.368,79,37.883,9.019,5.755,41,12.128,4.503,1.000,36,2.316,1.000,0.000,53,15.245,4.014,2.368,25,13.303,2.027,1.671,30,4.870,0.368,0.000,7,5.723,2.000,0.000,22,0.000,0.000,0.000,16,10.568,3.000,0.000,13,3.243,0.000,0.000
121,304,102.591,16.142,14.375,317,110.375,18.540,15.427,185,62.921,17.671,3.874,234,121.736,32.176,15.533,103,42.579,9.037,9.000,160,47.360,13.368,7.000,62,24.802,6.154,4.074,72,26.509,8.472,0.756,30,2.656,0.000,1.000,58,22.295,4.021,3.736,29,9.172,2.004,2.341,12,8.500,3.368,1.007,18,5.632,1.000,1.000,28,5.609,2.000,1.000,32,17.230,4.000,1.000,16,3.723,0.000,0.000
122,298,86.599,16.284,9.136,328,120.853,20.592,22.387,229,97.591,24.427,12.768,139,71.439,21.743,8.754,96,42.647,15.000,3.000,136,45.801,12.000,3.000,52,23.783,2.000,5.000,41,20.774,5.052,4.375,29,0.000,0.000,0.000,40,20.008,7.018,2.000,31,13.689,1.300,5.493,7,1.847,0.368,0.000,14,3.781,1.000,0.301,42,5.500,2.000,0.000,18,12.942,3.000,2.000,15,4.581,0.000,0.000
123,261,72.614,10.611,12.087,300,114.211,23.996,16.522,208,93.101,17.548,15.529,103,37.819,8.303,6.161,55,17.715,6.006,2.000,69,33.042,10.368,5.000,45,23.279,4.000,5.004,52,33.463,7.271,8.000,52,4.428,1.000,1.000,27,3.922,1.000,0.001,37,19.632,4.000,2.000,12,1.777,0.000,0.135,48,2.791,1.000,0.000,51,11.964,3.000,2.000,12,3.526,0.000,0.000,11,2.042,0.000,0.000
124,182,55.705,11.315,6.276,316,108.999,28.800,14.342,175,66.255,16.104,12.003,73,20.948,3.242,4.000,34,11.334,2.000,2.000,32,10.240,3.000,1.000,33,11.048,2.021,3.202,45,23.126,7.000,2.000,21,0.568,0.000,0.000,27,3.946,0.000,1.000,39,15.822,4.000,2.493,10,3.391,0.018,1.000,47,5.544,0.000,3.000,38,3.196,0.000,1.000,7,4.503,1.368,1.000,8,1.692,0.000,0.000
125,157,44.408,8.472,4.007,204,65.150,12.126,7.210,120,48.874,17.289,7.000,73,17.181,6.167,1.386,21,3.499,1.000,0.135,30,11.412,4.368,1.000,25,11.491,4.738,1.004,36,20.132,4.000,3.368,23,0.000,0.000,0.000,5,4.536,0.135,2.000,16,4.514,0.000,1.000,9,2.544,0.368,1.007,15,5.543,0.000,2.000,12,1.243,0.000,1.000,12,11.610,1.000,4.000,15,4.294,0.000,0.000
126,122,29.778,5.376,3.000,121,40.604,6.100,9.795,69,20.249,6.143,3.418,47,14.934,4.368,2.000,13,2.891,1.368,0.000,11,1.299,0.000,0.000,17,6.740,3.002,0.004,17,15.172,3.000,2.000,16,0.856,0.000,0.000,5,0.000,0.000,0.000,17,6.086,2.000,1.000,7,2.300,0.000,0.503,8,0.021,0.000,0.000,12,1.839,1.000,0.000,4,5.056,2.000,0.000,10,2.703,0.000,0.000
127,68,17.215,2.155,2.000,67,29.221,5.528,7.007,29,5.689,0.000,2.000,21,4.801,1.018,0.368,4,0.142,0.000,0.000,2,1.470,0.000,0.000,13,6.566,0.001,3.000,8,5.575,2.000,1.000,7,1.183,0.000,1.000,2,3.083,0.000,1.000,8,2.709,0.000,0.670,4,0.427,0.000,0.000,2,0.142,0.000,0.000,6,0.000,0.000,0.000,0,0.000,0.000,0.000,7,1.446,0.000,0.000
128,43,12.709,1.000,1.000,29,9.419,2.000,2.553,26,4.045,2.000,1.018,7,0.314,0.018,0.000,2,0.984,0.000,0.000,1,0.870,0.000,0.000,5,0.707,0.018,0.000,2,1.342,0.000,1.000,3,0.000,0.000,0.000,2,0.015,0.000,0.000,1,0.000,0.000,0.000,1,2.759,0.000,1.000,0,0.000,0.000,0.000,2,1.488,0.000,1.000,1,0.366,0.000,0.000,12,2.553,0.000,0.000
129,46,11.505,0.000,2.001,7,2.408,0.000,1.000,28,1.072,0.149,0.000,7,4.616,0.000,2.000,5,1.062,0.000,1.000,5,3.582,2.000,0.000,2,1.349,1.000,0.000,0,0.000,0.000,0.000,1,0.000,0.000,0.000,0,0.000,0.000,0.000,2,0.000,0.000,0.000,1,0.224,0.000,0.000,1,0.000,0.000,0.000,0,0.000,0.000,0.000,2,3.601,1.000,1.000,9,1.350,0.000,0.000
130,112,31.038,6.736,2.050,27,11.050,5.018,0.000,20,5.351,1.368,0.000,4,5.003,3.000,0.000,5,1.351,1.001,0.000,25,5.220,1.000,2.000,9,5.269,2.000,0.000,0,0.000,0.000,0.000,0,0.000,0.000,0.000,5,1.967,0.000,0.000,2,0.142,0.000,0.000,0,0.000,0.000,0.000,4,0.185,0.000,0.000,3,1.676,1.000,0.000,4,1.015,0.000,0.368,9,2.179,0.000,0.000
131,146,41.136,5.001,6.001,52,20.557,4.000,4.050,25,10.466,3.517,1.000,20,7.345,1.000,2.368,6,3.808,0.000,1.000,18,3.049,1.000,0.000,23,10.734,3.185,1.000,10,2.558,0.000,0.368,12,0.596,0.000,0.000,6,1.435,0.000,1.000,5,0.426,0.000,0.000,4,0.575,0.000,0.000,10,0.142,0.000,0.000,1,0.000,0.000,0.000,12,7.001,3.000,1.000,10,2.358,0.000,0.000
132,274,96.197,15.520,7.305,93,35.338,8.068,5.151,51,17.802,3.001,4.107,35,21.560,4.068,5.000,17,4.501,1.000,1.000,13,6.190,2.368,0.000,43,27.126,5.135,5.000,10,2.687,1.002,0.000,15,0.809,0.000,0.000,6,0.388,0.007,0.000,7,3.256,0.000,0.247,7,9.288,2.000,1.000,8,0.000,0.000,0.000,2,0.142,0.000,0.000,25,7.322,3.000,1.138,14,3.601,0.000,0.000
133,290,111.092,26.886,13.204,143,69.774,15.389,11.375,69,22.847,5.072,2.871,73,28.811,7.339,3.289,21,4.752,1.000,1.135,34,6.320,1.000,1.000,45,18.710,3.418,3.031,22,8.081,3.000,0.000,15,1.988,1.000,0.000,9,1.397,0.000,0.000,1,0.142,0.000,0.000,9,2.769,1.018,0.000,9,0.277,0.000,0.000,2,0.000,0.000,0.000,19,5.760,0.000,1.002,11,3.357,0.000,0.000
134,328,117.661,29.662,14.387,226,99.166,18.437,13.376,81,24.457,7.515,4.138,100,47.964,8.211,7.408,25,9.323,5.000,0.000,50,19.326,6.368,2.000,49,24.361,8.186,1.503,29,9.746,4.050,0.007,7,0.000,0.000,0.000,9,1.928,0.135,1.000,12,9.934,3.000,1.000,26,11.475,2.503,1.000,11,0.404,0.000,0.301,1,0.000,0.000,0.000,31,10.533,4.368,0.001,9,3.465,0.000,0.000
135,339,134.326,21.904,23.958,291,119.741,19.892,22.726,77,35.926,8.003,6.754,100,34.898,8.441,3.003,33,15.273,2.000,3.000,61,22.574,2.000,3.368,33,12.380,3.371,2.549,56,29.295,6.104,5.000,12,1.377,0.000,0.000,13,3.488,0.000,1.000,23,11.496,5.027,1.670,26,15.585,4.000,4.000,10,0.000,0.000,0.000,15,6.682,4.000,0.000,23,9.186,1.368,2.001,12,4.262,0.000,0.000
136,412,172.712,31.485,29.296,285,112.052,23.315,18.712,90,30.411,9.467,1.000,95,35.010,2.237,8.000,49,12.684,2.050,1.271,42,17.273,4.000,4.000,57,28.329,6.185,5.028,56,32.963,9.368,4.000,6,0.337,0.000,0.000,25,11.680,1.370,1.000,25,13.309,4.202,1.247,25,11.556,2.135,3.000,6,2.276,1.000,0.000,5,1.246,1.000,0.000,15,8.273,3.000,1.000,14,4.592,0.000,0.000
137,341,129.303,25.804,15.110,312,120.868,21.797,20.025,104,36.325,10.871,4.135,105,41.936,8.763,9.376,29,12.317,4.000,1.368,55,24.878,10.000,2.000,60,20.589,3.743,3.202,57,33.143,12.050,4.368,13,0.426,0.000,0.000,25,6.742,1.368,1.000,18,4.273,1.202,1.000,24,14.068,4.000,2.000,16,3.423,0.000,1.000,9,3.629,1.000,0.000,14,9.365,3.000,1.000,16,5.559,0.000,0.000
138,370,140.781,31.434,18.371,285,89.416,16.439,9.154,109,39.011,9.014,3.426,94,29.760,6.145,3.505,39,18.026,3.368,2.000,50,13.489,1.000,2.000,43,24.073,3.003,5.004,44,23.633,9.005,2.000,11,1.783,0.000,0.000,22,6.437,2.000,0.000,12,3.467,1.202,1.000,27,12.227,3.135,0.000,4,0.142,0.000,0.000,12,1.488,0.000,0.000,16,9.466,1.000,2.000,13,5.784,1.000,0.000
139,368,130.542,22.868,16.252,230,103.792,26.000,15.900,101,40.638,9.436,3.143,93,38.993,12.389,4.371,48,17.252,5.368,1.018,49,13.878,3.000,1.000,57,23.120,4.736,3.000,49,26.810,8.368,4.368,25,2.859,0.000,2.000,27,9.006,2.368,1.000,20,5.015,1.000,0.000,20,9.778,1.000,1.000,5,0.000,0.000,0.000,17,0.000,0.000,0.000,14,6.991,3.000,0.000,15,3.466,0.000,0.000
140,381,153.418,32.178,18.612,233,112.667,30.598,22.142,96,34.564,7.142,4.386,88,35.141,13.271,2.738,62,22.636,9.000,0.368,57,30.578,9.000,6.000,47,20.144,7.386,1.004,48,18.676,1.000,2.368,20,3.082,2.000,0.000,37,14.150,1.050,3.000,16,10.513,1.000,3.000,16,5.634,1.135,0.000,3,3.608,0.000,1.000,14,0.000,0.000,0.000,13,12.986,5.000,1.000,12,3.918,1.000,0.000
141,357,131.670,32.170,13.186,178,62.176,12.686,5.000,125,60.748,17.503,7.019,73,29.716,10.512,0.368,130,52.881,12.548,8.368,65,14.434,5.000,0.000,58,23.200,5.000,1.553,38,15.834,3.135,1.000,31,2.123,0.000,1.000,41,11.060,2.135,1.000,23,7.055,1.000,0.248,10,5.596,1.368,1.000,6,0.451,0.000,0.000,9,0.142,0.000,0.000,23,13.229,2.000,3.368,13,4.452,0.000,0.000
142,296,110.355,22.716,9.206,175,64.597,13.168,10.019,138,75.631,27.504,8.000,109,48.951,9.639,5.368,242,108.930,35.375,7.736,63,33.150,8.135,6.000,67,37.715,14.736,1.553,52,17.067,2.021,1.135,30,2.517,1.000,0.000,68,35.464,6.002,7.000,9,5.278,0.027,2.671,11,4.817,2.000,0.368,5,4.044,2.000,0.000,7,2.996,1.000,0.000,23,12.042,4.000,1.002,12,3.929,1.000,0.000
143,347,125.182,35.065,8.168,221,109.684,25.503,19.676,167,74.835,17.683,11.000,132,72.381,14.662,12.000,331,135.145,35.543,14.368,75,33.260,10.000,5.000,82,31.018,7.405,3.000,46,22.192,8.000,3.000,30,7.674,3.000,1.000,54,21.214,3.000,1.522,13,5.089,1.000,2.000,26,13.836,4.000,0.368,5,3.239,1.000,1.000,14,5.990,3.000,0.000,30,19.578,6.000,0.000,16,3.599,0.000,0.000
144,413,165.512,49.288,12.736,216,86.890,18.793,12.185,167,86.692,21.787,14.138,160,92.545,25.034,11.639,269,128.537,42.210,10.104,88,29.764,7.000,3.000,53,21.625,5.138,1.202,52,31.943,10.368,3.000,31,4.261,2.000,0.000,79,38.123,9.368,4.503,18,5.518,1.000,2.000,35,16.639,4.000,0.000,5,2.482,0.000,1.000,2,2.486,1.000,0.000,26,18.701,7.000,2.000,15,4.845,0.000,0.000
145,337,113.539,33.477,12.009,271,101.195,26.310,11.398,177,83.778,22.395,10.050,174,102.202,32.689,10.135,223,99.947,26.320,11.135,74,31.396,9.368,3.736,47,16.142,2.370,3.000,55,38.406,10.368,6.368,36,2.489,1.000,1.000,43,25.765,7.000,4.000,27,9.059,2.074,1.432,28,13.276,4.368,1.000,13,1.030,0.000,0.000,7,2.823,0.000,1.000,27,20.565,5.368,2.000,11,3.007,0.000,0.000
146,382,118.819,27.303,12.621,308,120.882,25.771,22.478,207,107.300,24.842,19.303,123,77.806,18.000,9.643,200,103.154,30.780,11.104,76,31.200,6.000,5.736,61,22.132,6.056,0.000,42,27.447,7.000,4.000,43,2.905,0.000,1.000,44,18.938,4.149,5.000,29,12.601,2.000,2.670,28,18.898,3.503,4.000,10,2.266,0.000,1.301,19,0.919,0.000,0.000,36,22.337,6.736,2.000,13,4.502,0.000,0.000
147,286,108.194,26.282,12.185,291,140.410,27.340,29.937,235,116.846,25.269,18.781,88,35.799,10.037,1.368,84,38.948,9.136,8.000,52,28.470,9.000,6.000,43,21.971,3.050,6.404,45,23.987,7.050,3.736,26,0.568,0.000,0.000,29,15.357,4.000,1.135,30,4.185,1.000,0.000,17,9.033,1.018,1.000,23,0.679,0.000,0.000,34,5.234,1.000,1.000,31,20.239,4.368,5.000,9,1.642,0.000,0.000
148,203,64.751,14.524,7.405,259,131.218,33.572,16.728,239,137.831,27.553,28.001,72,35.326,9.754,4.000,48,12.928,4.135,1.000,34,12.652,6.368,1.000,58,29.705,6.737,5.405,49,24.142,4.000,3.000,27,2.024,0.000,1.000,28,13.739,4.000,3.000,24,9.215,3.202,1.091,14,6.907,2.000,1.000,21,1.551,1.000,0.000,42,0.305,0.000,0.000,27,19.077,4.000,4.000,15,5.331,0.000,0.000
149,154,51.975,11.723,4.436,218,86.785,13.138,18.761,201,110.099,22.470,19.736,62,21.966,3.050,2.019,28,8.843,4.000,0.000,14,9.261,4.000,0.000,35,21.891,4.050,3.549,35,24.470,5.000,5.368,44,0.079,0.000,0.000,14,6.312,0.135,1.000,20,4.633,1.000,0.000,6,3.227,2.002,0.000,24,0.000,0.000,0.000,30,6.345,2.000,0.000,10,9.515,4.000,1.000,10,2.114,0.000,0.000
150,108,31.481,7.640,4.002,148,62.031,12.174,7.924,131,53.647,9.035,12.108,43,20.689,4.018,4.057,19,2.964,2.000,0.000,10,3.898,2.000,0.000,17,5.712,2.018,0.004,12,9.941,5.000,0.000,15,2.763,1.000,1.000,2,1.118,1.000,0.000,11,8.209,3.000,1.247,8,1.085,0.005,0.368,26,7.567,1.000,4.000,18,2.919,2.000,0.000,9,7.563,3.000,0.000,9,3.400,0.000,0.000
151,81,28.313,4.138,6.000,113,59.575,14.437,9.001,44,17.630,5.000,3.019,36,17.396,3.153,6.002,11,1.520,1.000,0.000,2,0.142,0.000,0.000,21,5.514,1.138,1.000,4,1.839,1.000,0.000,19,0.000,0.000,0.000,2,0.955,0.000,0.000,11,2.445,0.000,0.247,2,1.818,1.000,0.000,8,0.142,0.000,0.000,6,0.000,0.000,0.000,0,0.000,0.000,0.000,7,1.918,0.000,0.000
152,70,10.916,1.018,1.000,43,10.139,0.000,2.100,10,2.696,0.000,0.368,19,3.162,1.018,0.014,3,2.134,1.000,0.000,1,0.000,0.000,0.000,6,1.974,0.000,0.553,2,0.194,0.000,0.000,17,0.408,0.000,0.000,1,0.355,0.000,0.000,4,0.790,0.000,0.000,4,0.993,0.000,0.503,3,0.000,0.000,0.000,1,0.142,0.000,0.000,1,1.168,1.000,0.000,13,3.077,0.000,0.000
153,76,18.033,4.135,2.000,22,12.105,3.018,2.000,10,2.862,1.000,0.000,11,1.508,1.000,0.000,7,1.829,1.000,0.000,6,2.443,0.000,1.000,2,0.277,0.135,0.000,2,0.284,0.000,0.000,5,0.000,0.000,0.000,1,2.297,1.000,0.000,2,1.719,0.000,1.000,0,0.000,0.000,0.000,3,0.000,0.000,0.000,0,0.000,0.000,0.000,1,1.175,1.000,0.000,11,2.676,0.000,0.000
154,61,18.606,5.000,1.000,17,9.135,4.000,1.000,10,2.305,0.000,0.000,5,3.473,1.000,1.000,5,4.364,1.000,1.000,10,1.810,0.000,1.000,8,2.895,0.000,2.000,2,1.129,0.000,0.000,0,0.000,0.000,0.000,4,4.707,0.000,2.368,1,0.000,0.000,0.000,0,0.000,0.000,0.000,0,0.000,0.000,0.000,0,0.000,0.000,0.000,1,1.214,1.000,0.000,13,4.241,0.000,0.000
155,108,30.099,5.032,3.000,33,15.354,5.000,4.000,24,10.112,3.104,2.000,5,3.123,0.000,1.368,16,6.458,0.000,1.000,22,3.955,1.000,0.000,12,2.934,0.135,0.000,3,1.051,0.000,0.000,0,0.000,0.000,0.000,2,0.614,0.000,0.000,9,1.107,0.202,0.000,2,0.910,0.000,0.000,1,0.142,0.000,0.000,1,0.000,0.000,0.000,3,1.527,0.000,1.000,10,2.893,0.000,0.000
156,158,43.870,8.149,2.025,57,20.375,4.185,1.000,38,13.904,2.749,2.000,19,9.950,4.000,0.050,16,5.401,1.000,0.000,22,5.845,2.135,0.000,26,9.619,1.522,2.549,13,5.350,2.368,0.000,5,0.699,0.000,0.000,4,0.859,0.000,0.000,5,1.452,1.000,0.000,4,3.387,2.000,0.000,0,0.000,0.000,0.000,2,1.325,0.000,1.000,8,4.864,1.000,0.000,12,4.517,0.000,0.000
157,179,66.603,14.736,10.000,109,57.606,11.553,7.000,67,25.268,6.381,4.018,39,15.297,2.138,2.050,18,13.490,3.368,3.000,42,10.126,3.000,1.000,36,11.169,0.413,0.000,30,17.928,4.000,1.000,18,0.923,0.000,0.000,10,5.166,2.000,0.368,10,1.793,0.000,0.000,5,2.663,1.000,0.000,12,0.228,0.000,0.000,1,0.000,0.000,0.000,16,9.009,3.368,0.000,9,3.835,1.000,0.000
158,260,89.993,28.154,5.021,120,55.237,13.000,10.000,102,41.437,9.019,6.405,55,28.585,9.454,4.368,34,15.799,4.000,3.000,47,23.615,10.135,3.000,41,16.179,4.007,1.549,50,21.553,7.472,2.000,33,1.264,0.000,0.000,12,4.857,3.000,0.000,17,5.298,1.000,0.091,10,4.754,0.000,2.000,16,2.210,0.000,1.000,2,0.000,0.000,0.000,19,12.627,3.000,2.000,11,3.018,0.000,0.000
159,286,113.525,26.621,13.000,214,102.961,21.475,15.142,130,46.931,12.167,7.197,61,35.342,13.470,4.000,43,26.065,8.000,2.000,86,36.658,8.368,5.000,55,29.707,9.007,3.000,70,36.668,10.871,2.000,33,3.600,2.000,0.000,26,9.761,2.368,1.000,25,3.271,1.074,0.000,13,8.710,4.000,0.000,18,0.000,0.000,0.000,18,2.723,0.000,1.000,14,13.401,5.000,2.000,18,6.530,1.000,0.000
160,329,123.494,34.346,9.743,237,106.173,32.257,8.470,148,57.697,15.034,6.553,78,33.591,8.772,5.135,47,20.931,6.001,1.000,114,49.322,13.368,4.000,58,27.191,6.002,4.010,71,28.719,9.503,3.000,16,0.142,0.000,0.000,35,18.637,4.135,2.000,15,8.058,0.549,3.000,21,6.194,0.000,0.000,24,2.120,1.000,0.000,18,7.769,3.000,1.000,30,18.395,11.000,0.000,16,5.397,0.000,0.000
161,298,108.199,24.003,11.285,259,117.488,29.114,18.061,159,79.106,23.150,8.289,84,43.409,14.240,5.369,50,25.252,8.000,1.000,123,48.343,12.736,4.368,68,26.099,4.135,3.027,88,44.473,11.368,5.736,34,0.142,0.000,0.000,43,23.229,0.000,6.136,31,15.461,3.202,2.761,28,16.092,5.000,3.736,11,1.840,0.000,1.000,12,0.724,0.000,0.000,29,15.421,4.000,1.002,17,6.363,1.000,0.000
162,362,145.665,27.363,19.050,252,115.073,20.290,24.420,150,63.524,18.000,8.013,123,57.360,18.389,6.418,56,30.980,10.368,2.135,90,45.455,17.373,3.000,74,32.003,6.739,9.267,73,38.155,11.000,5.007,29,1.942,0.000,1.000,48,23.415,4.603,3.000,23,8.096,1.004,1.091,24,14.717,3.135,2.000,7,1.058,1.000,0.000,19,1.719,0.000,0.000,16,6.506,1.368,0.000,8,2.491,0.000,0.000
163,305,134.060,29.387,16.130,270,120.181,31.007,15.162,153,76.688,23.551,11.571,154,87.711,28.037,13.154,149,79.232,22.424,7.000,101,46.911,11.002,3.368,78,47.360,11.522,9.000,72,27.703,9.368,1.136,21,2.009,1.000,0.000,44,26.843,3.000,6.000,13,4.102,1.000,0.000,21,11.132,3.418,1.007,13,4.662,1.000,1.000,15,2.496,1.000,0.000,26,15.450,7.418,0.000,12,5.334,0.000,1.000
164,310,118.185,25.953,13.053,224,100.364,28.520,10.016,159,77.012,23.060,5.468,127,61.078,16.368,8.007,187,107.939,36.418,7.104,154,78.677,21.370,9.368,63,27.190,8.186,1.031,64,31.552,6.736,4.413,24,1.733,0.000,1.000,49,27.321,11.000,1.503,17,8.648,2.074,1.000,27,10.353,2.368,0.000,9,7.297,1.000,2.000,14,1.069,0.000,1.000,29,13.957,5.000,0.002,13,5.538,1.000,0.000
165,317,134.351,33.450,17.395,241,89.612,18.196,13.317,138,57.241,10.094,7.375,105,66.018,12.320,15.000,180,74.622,24.889,9.018,140,62.174,16.000,6.000,55,20.696,4.386,3.033,45,19.598,5.368,2.000,28,2.109,0.000,1.000,41,16.765,6.736,2.050,32,9.036,0.202,2.000,17,8.990,2.135,1.000,4,1.225,0.000,1.000,12,2.137,1.000,0.000,23,16.722,4.000,4.000,14,4.530,0.000,0.000
166,286,117.665,32.260,9.390,222,86.181,19.611,8.382,166,60.583,13.739,6.051,154,90.176,28.691,9.019,241,116.283,34.222,13.374,139,78.248,26.503,11.000,59,24.622,6.022,3.000,60,34.279,9.368,7.504,10,1.683,1.000,0.000,35,25.250,2.368,5.050,8,2.386,0.004,1.000,20,6.271,0.368,0.000,5,2.297,1.000,0.000,6,3.810,1.000,0.000,28,19.712,6.000,3.000,13,5.031,0.000,0.000
167,306,114.739,27.922,12.503,240,91.836,19.856,15.179,173,87.884,27.788,11.000,213,111.677,38.977,11.155,281,126.782,35.326,14.000,137,80.998,23.000,11.000,70,32.647,8.001,5.176,47,21.499,6.000,2.000,32,0.604,0.000,0.000,48,22.003,6.018,3.000,24,8.235,1.000,1.670,20,7.004,0.000,0.000,7,0.000,0.000,0.000,15,3.803,2.000,0.000,27,20.544,6.000,2.000,14,5.177,1.000,0.000
