,cluster0,,,,cluster1,,,,cluster2,,,,cluster3,,,,cluster4,,,,cluster5,,,,cluster6,,,,cluster7,,,,cluster8,,,,cluster9,,,,cluster10,,,,cluster11,,,,cluster12,,,,cluster13,,,,cluster14,,,,cluster15,,,
how,n,senti,pos_n,neg_n,n,senti,pos_n,neg_n,n,senti,pos_n,neg_n,n,senti,pos_n,neg_n,n,senti,pos_n,neg_n,n,senti,pos_n,neg_n,n,senti,pos_n,neg_n,n,senti,pos_n,neg_n,n,senti,pos_n,neg_n,n,senti,pos_n,neg_n,n,senti,pos_n,neg_n,n,senti,pos_n,neg_n,n,senti,pos_n,neg_n,n,senti,pos_n,neg_n,n,senti,pos_n,neg_n,n,senti,pos_n,neg_n
0,347,32.591,29.257,13.369,268,-1.970,23.735,17.010,189,1.741,22.018,15.007,200,35.817,30.130,10.101,190,33.116,28.264,10.142,128,26.622,21.104,3.000,70,10.385,10.738,2.152,59,-1.184,3.000,3.018,54,-1.641,0.000,1.000,46,-1.409,8.002,8.135,25,-3.447,1.000,3.341,24,4.014,4.503,1.000,3,-0.338,0.000,0.000,19,-2.198,1.000,1.000,31,9.785,8.050,1.000,23,-3.526,1.000,0.000
1,344,52.224,42.964,10.386,277,6.067,24.522,20.641,207,21.919,29.183,15.094,219,37.149,37.517,12.161,153,2.987,9.528,5.050,110,20.848,19.239,7.000,66,-0.626,8.000,5.550,50,3.884,4.368,2.368,27,-0.920,0.000,0.000,43,-0.218,4.000,4.000,27,-1.921,2.055,2.000,16,7.417,4.368,0.000,5,-0.426,0.000,0.000,9,2.219,1.000,0.000,23,2.476,4.000,3.000,18,-3.436,1.000,0.000
2,291,49.073,43.610,14.486,304,5.526,29.871,18.574,262,-8.306,31.052,28.018,165,0.012,20.414,18.386,159,39.153,29.418,12.135,78,2.448,11.000,8.000,57,0.864,4.057,2.000,55,4.965,6.135,5.000,46,-0.142,0.000,0.000,40,9.701,7.000,3.018,17,1.558,1.000,0.000,14,-0.802,2.000,2.000,14,0.312,1.000,1.000,13,0.980,0.000,0.000,27,5.047,10.368,5.135,8,-2.804,0.000,0.000
3,240,35.014,36.212,16.050,298,25.049,36.076,12.443,306,18.385,40.692,28.335,102,17.688,22.291,13.007,92,14.656,15.871,6.000,83,1.061,11.000,6.000,55,-11.433,1.405,5.035,42,6.618,6.368,1.000,55,1.047,1.000,0.000,28,5.337,5.000,2.000,23,-5.615,1.000,3.091,16,-2.060,1.037,1.000,16,-1.391,0.000,1.301,28,1.721,1.000,0.000,21,-0.875,1.000,0.000,15,1.562,2.000,0.000
4,206,36.732,30.278,5.046,299,23.853,40.954,23.563,330,13.755,40.197,22.326,72,14.626,15.373,7.050,49,15.115,8.135,1.135,47,12.634,11.000,3.000,41,-7.437,1.000,2.031,48,7.529,8.368,3.018,60,-4.386,0.000,1.000,22,-0.799,2.000,2.000,29,11.320,7.004,1.000,9,-1.410,0.000,0.503,31,-3.970,0.000,2.000,26,4.988,1.000,0.000,24,-1.331,5.368,3.000,15,-2.361,0.000,0.000
5,166,-6.972,10.091,10.370,209,4.426,20.578,21.247,262,-23.077,19.792,27.475,42,-4.279,3.000,4.368,33,-0.095,6.000,3.000,24,5.863,4.000,2.000,44,-2.694,3.003,3.778,49,5.129,8.000,3.000,31,0.121,1.000,1.000,11,0.516,1.000,1.000,15,3.772,2.000,1.000,13,3.124,2.368,1.000,43,2.915,1.000,0.000,22,2.520,2.000,0.000,16,-5.607,0.368,3.000,12,-3.799,0.000,0.000
6,144,-2.734,9.554,10.068,173,-4.561,17.567,18.189,154,-1.039,12.188,13.389,35,-4.982,2.021,3.018,16,2.246,2.000,0.050,7,1.910,2.000,0.000,21,-3.362,2.000,3.580,12,-2.041,0.368,1.368,9,-0.284,0.000,0.000,5,-0.284,0.000,0.000,18,0.751,1.074,1.000,7,1.378,1.000,0.007,25,-0.362,0.000,0.000,26,0.089,0.000,0.000,4,-2.327,0.000,1.000,10,-2.193,0.000,0.000
7,98,1.362,6.104,7.135,132,-1.608,14.896,15.188,66,-8.555,3.138,6.054,35,10.105,6.418,1.050,4,0.331,1.000,1.104,6,2.770,2.000,0.000,14,-1.575,1.135,2.549,3,-0.259,1.000,1.000,3,-1.222,0.000,1.000,3,1.160,1.000,0.000,16,0.555,2.000,1.000,5,-0.374,0.000,0.000,18,1.960,1.000,0.000,9,0.461,1.000,2.000,3,0.451,0.000,0.000,12,-2.732,0.000,0.000
8,73,-7.434,0.007,2.000,44,-9.953,3.135,6.277,35,-3.372,3.005,4.003,14,-0.570,1.000,1.001,2,-0.689,0.000,0.000,0,0.000,0.000,0.000,7,-1.851,0.000,1.000,3,-2.319,0.000,2.000,7,0.973,1.000,0.000,3,-1.599,0.000,0.000,10,2.755,2.000,0.000,5,0.904,1.000,1.000,5,0.000,0.000,0.000,0,0.000,0.000,0.000,1,-0.142,0.000,0.000,11,-2.144,0.000,0.000
9,68,-3.793,3.368,2.000,34,-3.213,3.000,3.002,19,3.624,2.000,0.000,9,1.103,0.000,0.000,5,0.426,0.000,0.000,0,0.000,0.000,0.000,3,-2.088,0.018,1.000,0,0.000,0.000,0.000,1,-0.451,0.000,0.000,0,0.000,0.000,0.000,6,2.777,1.000,0.000,0,0.000,0.000,0.000,4,-1.012,0.000,0.000,0,0.000,0.000,0.000,0,0.000,0.000,0.000,8,-1.596,0.000,0.000
10,52,0.367,2.000,3.000,24,-6.300,1.136,4.000,9,4.627,2.000,0.135,9,-2.103,0.000,1.000,1,-0.142,0.000,0.000,10,0.018,0.000,0.000,3,0.180,0.000,0.000,3,-0.426,0.000,0.000,0,0.000,0.000,0.000,1,2.496,1.000,0.000,1,-0.000,0.000,0.000,2,-1.179,0.000,1.000,5,-1.545,0.000,1.000,1,1.960,1.000,0.000,1,-0.142,0.000,0.000,14,-3.498,0.000,0.000
11,125,-0.194,3.368,0.001,23,-3.643,2.000,4.000,11,-1.552,0.000,1.000,16,-1.408,3.000,4.002,4,-0.313,0.000,0.000,17,1.310,0.000,0.000,8,-1.654,0.018,1.000,2,0.582,0.000,0.000,1,-0.000,0.000,0.000,0,0.000,0.000,0.000,2,-0.084,0.000,0.000,1,0.003,0.002,0.000,2,1.186,1.000,0.000,0,0.000,0.000,0.000,5,-1.189,1.050,1.000,15,-3.664,0.000,1.000
12,162,6.370,7.504,2.000,44,5.177,7.050,2.373,30,11.421,8.000,0.386,18,6.870,4.000,0.000,12,-2.720,0.000,1.000,27,4.676,3.000,1.000,17,2.114,1.025,0.005,12,3.844,2.368,0.000,7,-2.926,0.000,1.000,14,1.561,1.368,0.000,6,0.017,0.000,0.000,0,0.000,0.000,0.000,1,1.612,1.000,0.000,0,0.000,0.000,0.000,7,1.662,1.050,0.000,10,-2.879,0.000,0.000
13,172,-5.897,11.386,8.000,73,2.279,8.050,4.000,52,5.931,1.018,0.000,26,11.987,8.368,1.000,27,8.241,6.000,1.368,49,5.790,6.000,2.000,24,6.324,3.375,1.000,21,0.261,1.104,1.000,6,-0.142,0.000,0.000,6,0.501,0.000,0.000,20,-0.728,1.202,1.000,5,-0.005,1.000,1.000,5,-0.142,0.000,0.000,0,0.000,0.000,0.000,10,8.457,5.000,0.000,15,-2.909,0.000,0.000
14,189,16.494,15.576,5.002,133,8.748,15.871,5.000,76,3.237,7.000,5.135,58,7.723,8.609,3.007,46,14.665,10.368,0.000,68,13.102,7.135,1.000,37,4.071,3.742,2.000,51,2.861,2.503,0.368,25,0.330,0.000,0.000,7,-0.927,0.000,0.000,8,-2.791,0.202,1.000,26,17.500,12.002,0.000,11,-0.042,0.000,0.000,1,-0.000,0.000,0.000,9,2.809,1.000,0.000,15,-3.690,0.000,0.000
15,267,20.181,25.824,8.018,204,-10.516,9.028,19.757,108,14.680,22.871,7.804,68,18.598,9.272,3.000,54,6.466,7.472,3.368,88,11.304,11.135,0.000,38,3.319,4.000,1.000,50,10.168,8.736,1.368,25,-0.142,0.000,0.000,26,8.844,3.000,0.000,20,2.634,3.000,1.247,15,6.226,4.000,0.000,26,-3.165,0.000,2.000,9,0.128,0.000,0.000,18,9.175,6.000,0.000,13,-0.165,0.000,0.000
16,287,6.322,23.542,15.006,231,10.165,18.743,10.029,137,11.671,15.105,4.001,112,20.465,14.895,5.001,111,16.498,15.607,1.000,111,8.794,10.000,4.000,52,-0.608,6.139,4.549,74,20.214,10.959,2.000,34,-2.206,1.000,2.000,25,0.164,2.000,1.000,27,0.120,2.055,2.000,14,6.136,3.368,0.000,15,1.444,1.000,0.000,9,-0.224,0.000,0.000,16,2.150,4.000,1.000,13,-2.286,1.000,0.000
17,266,6.040,20.639,11.000,295,16.680,27.063,19.050,152,11.817,21.260,11.343,125,13.072,18.333,11.272,213,35.567,32.639,8.000,143,12.738,13.000,6.000,64,-1.509,6.001,3.927,73,11.322,5.050,0.007,13,-0.267,0.000,0.000,30,1.330,2.000,3.000,20,0.808,1.000,0.091,19,5.071,3.000,2.000,15,3.661,2.000,0.000,18,6.934,2.000,0.000,15,8.170,4.000,0.000,16,-3.098,1.000,0.000
18,261,44.142,28.007,6.001,258,11.437,24.943,15.369,140,-0.998,9.278,6.418,122,-0.108,13.271,10.736,178,24.977,24.374,9.050,147,34.123,20.736,2.000,60,5.209,5.757,4.206,40,5.216,4.889,1.368,28,0.703,0.000,0.000,28,-3.763,2.000,2.018,26,-7.219,1.000,4.001,16,-3.383,1.000,2.000,11,-0.753,0.000,0.000,27,-0.071,0.000,0.000,26,7.389,4.000,0.002,11,-1.775,0.000,0.000
19,277,-0.375,21.515,16.786,265,3.012,24.175,21.411,145,9.869,14.154,7.057,79,-10.908,8.749,12.414,167,13.999,25.406,13.000,134,18.142,16.368,5.104,53,-1.502,2.369,3.001,43,4.742,6.000,5.000,23,-0.142,0.000,0.000,36,20.295,10.000,0.000,23,-0.850,2.000,2.000,41,12.035,8.000,2.368,14,1.225,1.000,0.000,24,0.962,0.000,0.000,23,-1.209,3.000,1.000,13,-2.297,1.000,0.000
20,281,31.474,33.838,9.019,234,12.670,25.856,14.371,121,2.984,11.002,3.387,76,-2.468,9.201,6.172,139,1.257,17.368,13.135,145,15.440,13.239,6.000,52,-1.572,5.002,5.000,42,10.369,7.736,3.000,27,0.319,0.000,0.000,22,-3.771,4.000,6.000,32,6.035,2.074,0.000,25,4.441,4.018,1.000,15,1.309,2.000,1.000,7,-0.000,0.000,0.000,20,3.558,6.100,2.000,17,-3.236,0.000,0.000
21,234,24.017,21.086,8.507,253,-3.918,17.687,16.143,140,7.974,11.208,5.407,99,2.652,8.425,6.369,97,4.484,6.792,3.000,128,9.158,11.368,3.000,55,-1.699,7.000,7.239,14,-3.493,0.050,2.000,20,-0.142,0.000,0.000,22,5.607,3.000,0.000,28,-2.664,2.000,3.000,15,-3.038,2.368,3.368,6,2.525,2.000,0.000,17,2.230,1.000,0.000,16,4.486,3.000,1.002,13,-2.552,0.000,0.000
22,251,20.614,23.423,9.468,222,16.342,20.162,13.206,126,2.416,10.016,6.145,95,11.810,12.849,6.271,95,10.420,10.000,3.000,115,14.644,16.000,3.000,57,-6.898,2.018,5.027,37,5.236,5.135,1.000,31,-0.245,1.000,1.000,19,-0.610,1.154,1.000,26,-2.826,3.751,3.341,6,-1.159,0.000,0.007,16,3.970,1.000,0.000,15,-0.104,0.000,0.000,13,0.724,2.000,1.368,14,-0.667,1.000,0.000
23,268,32.793,27.073,6.003,308,-10.703,18.931,19.610,159,27.118,22.368,6.055,152,25.699,21.037,7.000,96,26.809,20.871,3.000,101,18.561,14.000,3.000,69,4.910,7.003,5.000,25,6.003,5.050,1.368,25,0.511,0.000,0.000,32,7.154,4.000,0.000,44,2.072,4.549,3.670,17,10.758,5.000,0.000,17,-0.824,0.000,1.301,11,0.938,0.000,0.000,14,3.980,4.000,1.000,12,-2.286,0.000,0.000
24,307,10.882,16.386,8.086,263,10.740,16.806,8.874,165,0.722,18.511,15.061,148,3.261,14.380,11.369,84,16.407,14.657,1.000,101,-0.935,7.736,4.000,78,9.190,11.038,3.237,30,-0.630,4.000,2.000,40,0.234,0.000,0.000,32,-0.128,3.368,3.000,30,3.988,4.000,0.000,9,-2.487,1.018,2.000,18,2.601,2.000,1.000,30,0.984,1.000,1.000,21,-6.284,3.000,5.135,7,-1.842,0.000,0.000
25,341,21.793,22.264,9.284,438,-14.213,27.753,27.540,177,13.353,17.667,9.026,174,2.956,17.516,13.649,69,0.389,4.000,5.000,93,9.585,11.000,3.000,90,9.404,13.022,4.196,23,6.162,4.050,0.000,39,-0.309,1.000,1.000,35,1.230,3.368,2.000,51,-5.757,2.000,4.091,15,-5.195,0.386,4.000,49,-1.847,3.000,4.000,31,9.260,7.000,0.000,14,6.081,3.000,1.000,12,-0.586,1.000,0.000
26,301,-0.813,16.014,14.874,362,-0.637,30.039,32.142,179,-7.050,10.376,11.104,169,0.918,19.817,14.789,46,8.707,6.736,3.000,93,-3.505,8.000,7.000,73,-3.436,6.022,7.415,22,2.588,4.002,2.000,43,1.005,1.000,0.000,23,2.568,1.871,0.135,65,-0.785,5.000,4.000,19,-2.225,1.368,2.007,41,-0.245,0.000,0.000,33,9.054,4.000,0.000,17,2.847,4.000,1.000,20,-2.370,1.000,0.000
27,258,-3.334,15.794,13.385,373,-18.264,22.899,33.265,148,3.718,10.385,7.059,146,3.419,14.848,11.156,50,6.741,6.804,1.000,59,8.823,11.000,4.000,62,9.023,6.140,2.549,25,6.728,5.000,0.000,40,-0.977,1.000,1.000,27,5.701,2.000,0.000,56,-2.238,6.078,6.670,11,6.040,2.641,0.000,52,1.808,0.000,0.000,49,14.651,6.000,0.000,10,0.089,1.000,0.000,16,-3.387,0.000,0.000
28,210,0.695,11.380,6.747,265,14.066,21.548,15.062,124,-7.699,5.394,7.739,94,-11.212,3.806,8.504,33,-1.564,3.000,3.000,39,14.746,8.368,1.000,39,-7.693,3.002,4.407,15,4.064,4.000,0.000,45,-2.589,0.000,1.000,11,1.645,1.018,0.000,41,-4.994,2.000,2.671,8,-0.004,0.368,0.000,39,0.859,1.000,1.000,30,-0.092,0.000,0.000,4,-1.553,0.000,1.000,9,-1.400,0.000,0.000
29,140,2.607,10.288,3.075,169,1.481,11.384,9.193,88,4.833,13.386,6.210,65,-2.270,3.104,6.664,19,-2.075,1.000,2.000,16,7.210,3.368,0.000,21,2.302,2.021,1.000,9,-2.681,0.000,2.000,35,-2.039,0.000,1.000,10,-0.288,1.000,1.000,31,5.214,2.004,0.091,7,-1.158,0.002,2.000,46,-0.764,0.000,0.000,32,-1.549,0.000,1.000,1,0.376,0.000,0.000,16,-2.913,0.000,0.000
30,109,-0.715,5.376,3.002,93,6.016,5.375,4.057,28,-0.963,3.000,3.000,33,-4.828,0.039,4.271,12,-0.287,0.000,0.000,4,2.254,1.000,0.000,9,-1.378,0.001,1.000,2,-0.284,0.000,0.000,10,0.447,0.000,0.000,5,-0.142,0.000,0.000,21,0.360,1.000,1.000,3,-1.982,0.000,1.000,22,-0.454,0.000,1.000,7,-0.000,0.000,0.000,1,-0.142,0.000,0.000,12,-3.315,0.000,0.000
31,96,2.421,6.007,2.000,52,2.797,4.368,1.792,8,-1.637,1.000,1.000,28,1.320,2.100,2.368,8,-0.578,0.000,0.000,3,-0.142,0.000,0.000,15,-1.993,1.386,2.000,0,0.000,0.000,0.000,7,-0.284,0.000,0.000,3,0.062,0.018,0.000,8,0.458,0.000,0.000,10,-1.969,2.000,2.000,2,0.607,0.000,0.000,1,-0.142,0.000,0.000,1,1.097,1.000,0.000,8,-0.538,0.000,0.000
32,65,-6.244,0.000,1.000,22,3.825,2.013,1.050,15,-1.263,0.000,0.000,12,5.919,3.000,0.002,2,-0.000,0.000,0.000,5,-0.000,0.000,0.000,4,0.598,1.000,1.000,1,1.864,1.000,0.000,2,-0.000,0.000,0.000,1,-0.142,0.000,0.000,11,0.121,0.000,0.000,2,0.699,0.000,0.000,3,-1.225,0.000,1.000,0,0.000,0.000,0.000,1,-0.142,0.000,0.000,10,-1.317,0.000,0.000
33,57,-7.228,0.000,2.018,12,3.305,1.000,0.000,15,3.299,2.000,0.000,10,-2.372,0.000,1.000,1,0.000,0.000,0.000,3,-0.000,0.000,0.000,6,4.680,3.000,0.000,1,-0.142,0.000,0.000,3,-0.000,0.000,0.000,4,0.476,0.000,0.000,3,-2.554,0.000,1.000,0,0.000,0.000,0.000,2,-0.000,0.000,0.000,0,0.000,0.000,0.000,1,-1.772,0.000,1.000,11,-1.924,0.000,0.000
34,75,-9.163,3.871,7.000,16,3.771,4.000,1.000,5,-0.059,0.001,0.050,8,1.437,2.000,2.000,5,0.043,1.000,0.000,12,-0.000,0.000,0.000,9,3.802,3.000,1.000,3,1.743,1.000,0.000,3,-1.676,0.000,1.000,1,-0.142,0.000,0.000,2,0.444,0.000,0.000,0,0.000,0.000,0.000,0,0.000,0.000,0.000,0,0.000,0.000,0.000,4,1.656,2.000,0.368,10,-2.592,0.000,0.000
35,147,-8.745,5.000,3.368,34,0.994,3.000,3.420,24,-4.796,0.050,1.000,11,-2.253,0.000,0.000,10,-3.176,2.000,2.000,14,0.607,0.000,0.000,14,-1.346,1.002,1.004,5,-2.248,0.000,1.000,3,0.000,0.000,0.000,1,-0.142,0.000,0.000,3,-1.566,0.000,1.000,1,-0.052,0.000,0.000,4,-0.142,0.000,0.000,0,0.000,0.000,0.000,6,2.432,2.000,0.000,11,-2.271,0.000,0.000
36,250,-9.391,15.382,16.154,87,6.543,10.106,5.050,37,3.083,5.136,1.000,33,-4.204,3.050,4.000,12,3.656,4.000,0.000,28,-3.326,2.000,4.000,30,-2.079,1.012,1.000,13,2.590,1.100,1.000,1,0.394,0.000,0.000,8,0.485,0.000,0.000,6,-0.213,1.000,1.000,8,-2.007,1.000,2.000,5,0.003,0.000,0.000,5,-2.103,0.000,1.000,5,0.451,0.000,0.000,10,-0.341,0.000,0.000
37,264,-6.416,11.687,9.163,141,1.490,17.321,15.522,36,5.153,5.118,1.368,60,2.572,5.256,3.436,29,-0.491,1.001,1.000,38,0.355,2.000,1.000,22,-4.950,2.368,5.004,16,0.099,1.050,0.000,9,1.676,1.000,0.000,10,0.898,0.000,0.000,16,0.083,2.202,2.000,14,-0.240,0.000,0.736,6,-3.417,0.000,1.000,0,0.000,0.000,0.000,10,2.962,1.000,0.000,8,-2.196,0.000,0.000
38,303,-6.072,16.291,17.053,206,2.174,16.893,13.141,58,3.910,8.014,6.000,76,4.603,7.209,3.071,32,5.666,4.000,1.135,46,5.150,3.000,0.000,29,0.278,2.368,1.000,16,5.517,3.000,0.000,10,-0.142,0.000,0.000,14,1.762,1.000,1.000,12,-2.731,0.000,0.917,18,2.094,2.000,1.000,7,-0.043,0.000,0.000,4,-0.000,0.000,0.000,10,2.172,1.000,0.000,13,-2.749,0.000,0.000
39,326,4.072,21.005,16.256,226,-14.835,17.856,24.068,75,-0.106,3.418,5.369,81,13.259,9.023,1.185,38,0.173,1.000,1.000,59,8.304,9.135,4.368,37,-0.099,5.000,3.549,22,1.459,1.000,0.000,16,2.280,1.000,0.000,10,1.316,1.000,0.000,25,-3.196,0.000,1.091,24,2.560,3.002,1.000,23,0.536,0.000,0.000,9,-0.000,0.000,0.000,10,5.464,2.000,0.000,11,-0.230,1.000,0.000
40,347,7.390,22.423,12.522,264,-12.248,15.438,23.115,61,3.136,4.100,2.503,73,-5.991,5.207,5.001,63,5.869,4.871,3.000,38,4.619,4.000,0.000,39,2.962,3.142,3.000,34,11.782,8.774,1.135,14,-0.867,0.000,0.000,17,-0.543,2.000,2.000,30,2.121,2.000,1.000,30,-3.070,4.018,4.368,12,0.000,0.000,0.000,8,-0.000,0.000,0.000,20,-6.229,1.000,2.001,15,-1.157,0.000,0.000
41,350,14.143,21.851,11.343,327,1.223,26.964,20.010,91,8.850,7.037,2.136,80,2.687,11.745,7.000,49,1.425,5.018,5.000,47,-0.236,2.000,1.000,34,1.750,3.135,1.074,37,0.221,4.418,3.000,18,-1.691,0.000,0.000,19,4.055,3.018,1.000,19,2.677,3.000,0.247,21,-1.151,1.876,2.000,12,-0.142,0.000,0.000,16,0.269,1.000,1.000,7,0.521,1.135,1.000,13,-0.690,1.000,0.000
42,310,-16.510,16.172,10.394,269,13.042,23.111,14.393,125,12.938,8.375,4.104,94,2.317,6.373,4.368,48,7.785,5.000,2.368,46,5.368,4.000,0.000,33,-3.409,2.018,3.549,29,-3.416,2.000,1.368,10,4.009,2.000,0.000,18,0.628,1.000,1.000,15,-5.640,0.000,3.670,33,-1.557,2.639,2.000,8,-0.430,0.000,1.000,18,-0.000,0.000,0.000,9,2.930,2.000,0.000,8,-2.062,0.000,0.000
43,351,-0.307,18.349,14.224,294,7.979,25.494,17.190,88,-4.061,4.038,4.019,85,-11.366,2.051,4.639,53,-2.948,4.018,5.000,58,1.042,3.000,2.000,51,-7.191,4.386,8.004,22,-1.392,1.000,1.000,24,-8.286,1.000,3.000,27,3.881,4.000,1.639,21,1.765,1.202,0.000,17,-1.387,1.050,1.368,6,0.373,0.000,0.000,24,0.454,0.000,0.000,8,0.128,1.000,1.000,12,0.181,1.000,0.000
44,313,3.223,15.389,12.513,270,5.581,25.176,21.159,90,2.688,9.782,6.000,60,4.952,4.370,4.368,67,4.307,8.503,4.000,43,5.070,5.135,4.000,50,-1.901,5.000,4.004,30,5.726,4.135,2.000,29,0.916,1.000,0.000,26,-1.314,1.000,2.000,15,0.758,0.553,0.000,19,2.245,1.050,0.000,2,-0.142,0.000,0.000,28,2.375,0.000,0.000,6,3.991,2.000,0.000,19,-4.596,0.000,0.000
45,301,8.240,21.523,14.058,273,6.181,23.633,16.905,124,8.842,12.386,4.009,75,-0.521,4.274,4.019,78,8.071,10.418,3.000,57,3.940,7.000,3.000,46,13.518,9.000,1.004,55,0.834,5.135,2.025,25,-5.281,0.000,3.000,27,-0.285,4.135,3.000,28,-3.815,0.000,1.671,19,4.779,4.002,2.000,2,-0.000,0.000,0.000,20,2.201,1.000,0.000,17,6.745,4.000,1.000,18,-3.617,0.000,0.000
46,273,17.295,20.105,8.424,287,5.634,18.241,15.105,98,13.905,11.277,4.136,96,4.664,15.375,8.553,140,28.541,19.601,2.000,53,5.013,5.000,2.000,61,-2.731,3.000,5.004,33,5.722,4.000,0.405,58,-5.285,1.000,3.000,40,4.741,4.005,1.018,14,3.100,2.000,0.000,18,0.136,2.135,1.000,3,-0.000,0.000,0.000,11,-0.000,0.000,0.000,5,1.395,1.000,0.000,15,-2.800,0.000,0.000
47,289,-3.729,22.154,16.260,264,-9.299,18.766,19.003,152,29.636,23.763,6.018,163,24.454,23.007,7.908,187,28.367,26.375,8.000,53,6.880,8.000,1.000,86,-10.882,5.000,8.553,31,4.337,4.135,1.368,51,-5.448,1.000,2.000,44,3.570,6.381,4.386,26,-3.492,0.000,3.000,22,2.342,1.000,1.000,13,0.437,1.000,1.000,5,-4.166,0.000,2.000,17,2.893,3.418,1.000,13,-1.172,0.000,0.000
48,271,4.475,13.142,6.100,326,15.200,28.199,16.882,159,15.572,18.738,5.138,182,25.017,21.328,6.647,147,-9.002,9.510,7.639,77,-0.819,3.000,3.000,65,6.266,8.368,4.004,32,-0.905,1.018,1.000,50,-0.765,2.000,2.000,56,-0.660,3.368,3.368,42,-2.971,2.202,1.001,16,1.012,3.018,3.000,15,-2.953,1.000,2.000,10,-0.568,0.000,0.000,7,3.901,2.000,0.000,10,-2.631,0.000,0.000
49,308,2.889,13.769,8.001,326,20.581,27.791,12.420,179,4.302,11.506,9.372,178,-14.246,17.612,23.006,121,8.389,14.000,8.000,77,-4.835,6.104,7.000,65,0.902,10.375,6.000,19,8.311,5.000,1.000,67,-3.260,1.000,2.000,49,5.024,5.271,3.019,26,-2.324,1.074,4.000,12,-1.596,0.002,1.000,35,1.039,3.000,2.000,20,3.887,2.000,0.000,20,1.705,2.000,0.000,13,-4.655,1.000,2.000
50,338,-0.840,6.635,4.516,366,6.061,31.446,21.059,152,-8.219,5.138,10.014,161,13.833,21.882,11.745,100,5.955,7.472,6.000,57,7.950,8.000,2.000,85,-0.869,10.871,9.037,27,3.565,3.000,2.018,42,0.373,0.000,0.000,43,-2.108,3.135,3.000,40,-5.861,0.000,3.670,17,2.060,3.154,1.000,32,-4.240,0.000,2.000,60,6.284,4.000,2.000,12,1.380,3.000,2.000,9,-3.548,0.000,0.000
51,233,-16.631,3.334,8.419,299,-7.227,16.685,12.410,158,15.767,11.029,3.102,129,-0.549,8.757,9.695,41,7.851,5.000,0.000,46,0.954,5.000,3.000,56,-2.033,2.386,0.553,19,-8.199,2.000,7.000,59,-2.191,0.000,1.000,24,2.636,0.018,0.000,27,-3.849,0.000,2.000,12,-2.982,1.135,2.000,50,2.035,1.000,0.000,54,3.625,3.000,0.000,16,1.799,3.000,3.000,12,-1.409,2.000,0.000
52,206,-8.882,5.590,10.007,272,-9.520,18.293,21.543,116,8.130,4.136,3.015,103,15.717,10.630,2.737,31,10.010,6.000,0.000,18,3.003,3.000,0.000,33,0.082,0.000,0.004,13,0.292,2.135,1.000,69,-0.714,0.000,0.000,14,2.212,1.000,0.000,49,-1.335,1.000,0.000,12,-0.099,1.000,1.007,46,-8.285,0.000,3.904,29,1.306,2.000,2.000,15,0.031,1.000,0.000,10,-1.401,0.000,0.000
53,137,-6.190,3.505,3.425,202,-9.393,7.517,12.068,65,-0.102,5.506,2.885,86,4.673,5.471,1.298,15,0.749,0.000,0.000,9,-0.443,0.000,0.000,14,-3.127,0.001,1.000,6,-1.424,0.000,1.000,25,2.094,1.000,1.000,7,0.128,1.000,0.000,29,-3.891,1.000,3.091,11,-1.979,0.000,0.000,39,2.399,2.000,1.301,18,2.543,2.000,0.000,0,0.000,0.000,0.000,6,-1.046,0.000,0.000
54,85,-6.239,1.000,1.368,98,-11.608,3.137,10.745,48,-4.563,3.736,5.000,43,0.116,2.000,1.271,10,-0.398,0.000,0.149,2,-0.000,0.000,0.000,15,2.793,1.003,0.000,1,1.218,1.000,0.000,9,0.760,0.000,0.000,8,-0.334,0.000,0.000,22,0.884,2.000,1.000,7,-0.898,0.018,0.000,16,-0.281,0.000,0.000,23,4.730,3.000,0.000,3,-0.284,0.000,0.000,13,-2.347,0.000,0.000
55,70,-6.816,2.000,3.000,57,-3.639,0.386,2.000,23,0.037,0.002,0.018,30,-0.511,1.003,1.000,7,1.015,0.135,0.000,1,1.094,1.000,0.000,5,-0.201,0.000,0.000,3,1.939,1.000,0.000,4,0.799,0.000,0.000,3,-0.297,0.018,0.000,4,1.317,1.000,0.000,6,-1.583,0.000,1.000,7,-2.103,0.000,1.000,5,-0.000,0.000,0.000,1,-0.142,0.000,0.000,8,-2.431,0.000,0.000
56,68,-8.851,0.000,3.000,32,-4.377,0.000,0.503,13,-0.836,0.000,1.018,8,0.398,0.000,0.000,8,-0.204,0.000,0.050,8,-0.000,0.000,0.000,5,2.076,1.018,0.000,0,0.000,0.000,0.000,0,0.000,0.000,0.000,2,0.224,0.000,0.000,5,0.092,0.000,0.000,1,0.515,0.000,0.000,4,-0.042,0.000,0.000,1,0.000,0.000,0.000,0,0.000,0.000,0.000,8,-0.879,0.000,0.000
57,38,-2.979,0.000,0.000,24,-3.303,2.000,3.368,10,-0.788,0.000,0.000,10,1.590,1.000,0.000,5,-0.284,0.000,0.000,4,-0.000,0.000,0.000,3,0.509,0.135,0.000,1,-0.353,0.000,0.000,2,0.000,0.000,0.000,1,0.841,0.000,0.000,4,-0.686,0.000,0.000,0,0.000,0.000,0.000,2,-1.605,0.000,1.000,0,0.000,0.000,0.000,0,0.000,0.000,0.000,12,-1.510,0.000,0.000
58,68,-6.889,2.000,2.000,18,-1.315,1.000,0.000,14,0.363,1.000,0.000,7,0.970,0.000,0.000,3,-0.142,0.000,0.000,20,-0.540,0.000,0.000,10,3.419,2.368,0.000,0,0.000,0.000,0.000,1,-0.000,0.000,0.000,2,1.094,1.000,0.000,3,-2.969,0.000,1.000,2,0.384,1.000,0.000,3,-0.000,0.000,0.000,0,0.000,0.000,0.000,2,-0.284,0.000,0.000,11,-1.679,0.000,0.000
59,151,2.446,8.443,7.103,51,-9.585,2.406,6.203,30,-5.484,1.000,2.118,17,-2.844,3.104,5.002,9,-2.120,0.000,2.000,18,0.671,1.000,0.000,18,2.012,2.889,1.202,6,1.576,1.000,0.000,0,0.000,0.000,0.000,6,-1.668,0.000,1.018,6,-2.063,0.000,1.000,4,0.226,1.000,1.000,4,0.000,0.000,0.000,0,0.000,0.000,0.000,3,-2.838,0.000,2.000,12,-3.814,0.000,0.000
60,253,3.845,14.643,8.063,89,-8.698,4.504,9.188,44,0.961,2.008,1.135,36,2.621,5.050,2.368,21,2.157,0.503,0.000,20,1.573,1.000,0.000,21,-0.429,1.000,2.004,14,6.165,2.000,0.000,9,-0.142,0.000,0.000,11,1.668,1.000,0.018,12,-0.104,1.000,1.000,8,-0.048,0.000,0.000,4,-3.058,0.000,1.000,3,-2.791,0.000,1.000,13,0.185,2.000,2.000,11,-1.863,0.000,0.000
61,301,13.888,16.299,11.392,153,-4.272,10.434,8.053,56,-4.270,2.007,1.736,68,-3.470,1.009,4.000,16,-2.103,1.000,1.000,34,-0.196,2.000,2.000,31,11.142,5.008,2.202,16,2.329,2.000,0.000,13,-0.717,0.000,1.000,7,-2.291,0.135,1.000,12,1.074,1.000,0.000,15,0.702,1.000,0.000,8,-2.870,0.000,1.000,0,0.000,0.000,0.000,28,-1.902,1.736,3.000,10,-1.392,0.000,0.000
62,332,6.990,27.438,11.426,236,12.939,21.698,12.558,59,5.250,7.368,2.908,84,8.763,9.611,3.418,22,-3.036,1.000,1.000,43,3.466,3.000,1.368,39,2.973,5.370,4.000,21,7.022,5.000,1.000,21,-1.591,0.000,1.000,8,0.777,0.000,0.135,20,-3.005,1.000,2.000,22,5.476,6.000,2.000,22,-0.787,1.000,1.000,10,1.133,1.000,0.000,15,1.125,2.000,1.000,8,-2.418,0.000,0.000
63,373,13.989,26.182,13.288,263,-1.032,27.642,27.873,74,2.987,5.156,3.055,86,0.444,7.664,5.922,54,4.675,4.000,1.000,55,0.565,1.736,1.000,42,5.864,5.000,2.001,21,-0.419,3.050,1.000,16,-0.828,1.000,2.000,17,-0.771,1.037,1.000,13,-3.155,0.000,0.001,21,3.207,1.271,0.007,8,-0.207,1.000,1.000,14,2.883,1.000,0.000,32,7.148,8.271,3.001,19,-3.385,0.000,0.000
64,376,13.008,27.897,13.090,264,-6.169,17.759,19.464,102,13.840,9.738,2.154,85,5.006,7.066,3.022,30,-1.422,1.368,3.000,44,6.876,5.000,0.368,48,-0.871,0.368,2.206,41,4.011,3.368,1.007,26,-0.118,1.000,1.000,15,-1.215,2.135,3.000,14,2.687,1.027,0.000,31,-2.711,1.135,3.503,13,2.247,1.000,0.000,22,4.993,3.000,0.000,31,2.795,2.000,2.002,18,-3.189,1.000,0.000
65,360,2.747,27.942,19.058,285,1.205,21.391,21.141,105,15.159,10.641,3.050,87,3.343,4.757,3.508,22,1.218,2.000,0.000,42,3.141,2.000,0.135,38,3.746,4.271,1.055,47,12.527,9.050,3.000,15,1.814,1.000,0.000,23,2.772,2.000,0.000,8,-1.095,0.000,0.670,36,-0.346,3.503,2.503,2,-0.142,0.000,0.000,14,2.141,1.000,0.000,18,4.024,4.100,0.135,10,-3.742,0.000,0.000
66,348,-11.745,20.518,21.366,290,-3.041,24.578,21.518,89,-4.826,3.890,5.000,86,1.455,9.135,9.000,34,2.874,2.000,1.000,35,0.125,1.368,0.000,32,1.628,2.000,1.000,38,10.843,4.467,0.000,17,1.756,3.000,1.000,21,1.422,0.000,1.000,7,0.449,0.004,0.000,36,5.947,5.018,1.000,4,-0.000,0.000,0.000,20,3.419,1.000,0.000,9,0.059,1.000,0.002,15,-3.296,1.000,0.000
67,363,5.567,24.902,12.822,274,0.178,18.120,14.760,107,12.365,8.664,2.071,80,-1.555,5.738,4.872,59,9.560,7.000,0.000,49,2.809,3.000,1.135,44,-1.777,4.000,5.000,22,-0.417,1.000,2.368,20,-0.558,0.000,1.000,27,2.585,0.050,1.000,4,-1.578,0.000,0.000,26,2.057,2.000,1.000,6,-1.559,1.000,1.000,18,4.094,2.000,0.000,14,7.130,3.000,2.000,8,-2.899,0.000,0.000
68,354,26.970,21.739,8.305,296,-25.555,16.775,26.484,114,2.444,8.640,6.001,80,8.230,8.160,5.002,42,-1.299,4.472,3.368,49,-3.363,0.368,2.135,56,4.012,5.001,2.027,27,2.095,3.000,0.007,36,1.078,2.000,1.000,34,-2.821,1.000,3.375,10,2.766,1.000,1.000,28,2.677,4.002,2.368,6,-0.056,0.000,0.000,12,0.568,0.000,0.000,14,-1.319,2.000,3.000,11,-4.040,0.000,1.000
69,346,6.562,22.406,16.024,275,-0.313,20.150,17.387,137,4.332,11.610,8.368,113,12.430,13.393,4.698,60,14.023,6.368,0.000,58,3.904,3.000,1.000,52,7.073,5.032,0.000,39,1.336,4.000,1.000,32,1.140,2.000,1.000,44,7.929,3.368,0.786,22,-1.027,1.000,1.000,27,0.850,3.000,1.000,8,-2.987,0.000,2.000,18,-1.165,0.000,1.000,10,3.383,3.000,1.002,6,-1.391,0.000,0.000
70,284,9.766,21.786,12.661,270,17.526,29.482,15.498,161,10.471,14.553,8.340,161,27.978,18.753,7.745,135,6.479,13.386,3.000,48,-4.471,4.000,6.135,45,-1.157,4.368,4.623,35,4.415,5.185,3.000,43,-1.132,1.000,2.000,48,-3.949,1.000,3.013,14,-0.170,0.000,0.001,20,6.530,3.000,0.000,5,1.104,1.000,0.000,16,4.623,2.000,0.000,9,3.160,3.000,1.000,12,-4.153,0.000,0.000
71,283,20.831,23.793,12.923,301,0.522,22.026,18.759,149,-0.192,11.508,10.161,231,27.363,38.210,15.691,241,29.612,30.503,6.368,49,4.433,3.368,2.000,65,-5.858,2.002,2.129,46,10.967,10.135,3.001,31,3.621,2.000,1.000,36,-4.752,3.000,4.000,26,2.896,4.549,2.671,17,0.195,1.370,1.368,9,0.192,0.000,0.000,20,4.605,1.000,0.000,13,0.993,3.000,1.000,14,-5.595,0.000,0.000
72,245,22.407,23.018,11.401,269,6.173,16.639,14.112,148,0.636,7.369,7.368,226,28.948,32.762,17.154,190,-7.197,22.018,13.000,35,-1.059,1.368,2.000,77,0.299,3.135,1.576,46,5.402,9.467,3.368,46,-0.426,0.000,0.000,44,7.788,6.000,4.000,23,-0.830,1.000,2.670,16,-5.410,1.000,3.135,3,0.000,0.000,0.000,35,2.967,1.000,0.000,15,-3.416,0.000,1.368,15,-1.507,1.000,0.000
73,236,-8.991,13.264,10.291,322,-7.984,21.349,24.253,171,6.164,16.021,9.112,224,14.180,28.836,15.135,211,25.125,35.314,16.104,56,9.703,7.000,1.000,82,-8.125,5.473,6.751,26,-2.132,3.000,3.736,40,0.894,1.000,1.000,47,1.066,2.436,3.018,22,-3.673,0.000,1.587,19,-1.339,0.000,2.000,8,-2.980,0.000,1.000,18,2.914,1.000,0.000,16,2.696,2.000,2.135,15,-4.474,0.000,0.000
74,240,10.995,22.122,7.747,306,-13.841,18.296,20.813,188,-5.726,17.007,17.813,169,18.580,29.309,16.377,101,5.092,12.123,6.000,50,2.089,4.368,2.000,69,9.358,7.371,1.212,42,10.680,9.000,1.000,38,-2.025,0.000,1.000,41,2.659,2.368,2.000,45,-4.515,0.027,0.247,15,0.206,3.000,1.000,16,0.021,0.000,0.000,54,17.404,7.000,0.000,16,-1.761,2.000,3.368,11,-2.312,1.000,0.000
75,198,3.902,16.389,10.074,282,0.054,17.451,16.509,174,1.375,14.473,14.125,136,15.086,14.522,7.374,38,6.011,5.000,0.000,21,3.372,2.000,0.000,48,4.415,4.503,0.001,21,10.313,7.002,0.368,42,-2.015,1.000,1.000,22,2.560,2.000,0.000,41,4.220,4.004,0.917,15,5.575,3.000,1.000,39,1.765,1.000,0.000,30,7.594,2.000,0.000,14,-1.398,2.000,2.368,11,-2.187,0.000,0.000
76,177,-8.522,7.377,7.050,261,-8.116,19.195,16.824,124,16.999,12.439,4.577,109,13.395,13.739,7.368,39,0.100,3.000,2.000,17,3.383,3.000,1.000,29,-2.487,2.000,2.280,14,0.404,2.000,2.736,64,-0.141,1.000,2.000,14,-2.781,0.000,1.000,11,-0.464,0.004,0.000,13,-0.437,1.000,1.368,56,-0.014,1.000,1.602,31,8.767,3.000,0.000,9,-3.265,1.000,1.000,9,-2.910,0.000,0.000
77,133,-13.251,2.019,7.014,180,-2.532,9.978,10.273,80,1.766,5.272,6.019,64,-2.028,3.368,3.000,18,0.897,0.000,1.000,9,0.671,1.000,0.000,25,1.395,3.002,2.230,8,-2.685,0.000,1.000,31,1.857,0.000,0.000,11,1.001,0.000,0.000,27,-3.239,0.000,1.917,6,1.170,1.000,0.000,55,-2.393,0.000,1.301,34,-2.145,0.000,1.000,3,-0.442,0.000,0.000,11,-1.007,0.000,0.000
78,97,-10.698,1.387,1.000,94,-1.279,7.375,6.736,48,-3.001,0.368,1.000,37,-0.064,2.427,1.369,10,-1.316,0.000,1.000,7,1.257,1.000,0.000,9,-3.260,0.001,2.001,3,0.536,0.000,0.000,12,-1.172,0.000,0.000,1,-2.589,0.000,1.000,13,-3.922,0.000,1.247,10,-2.236,0.000,1.000,47,-2.392,1.000,3.000,14,1.491,1.000,0.000,2,-2.259,0.000,1.000,14,-3.145,0.000,0.000
79,74,-6.583,4.018,4.007,37,-3.322,2.007,2.375,22,0.302,0.000,0.000,21,-3.581,1.000,2.018,6,-0.284,0.000,0.000,0,0.000,0.000,0.000,9,-3.804,0.000,2.000,2,-0.194,0.000,0.000,5,0.000,0.000,0.000,4,0.000,0.000,0.000,9,1.589,1.000,0.001,6,-0.271,1.000,1.000,15,0.000,0.000,0.000,5,0.025,0.000,0.000,2,-0.284,0.000,0.000,14,-2.027,0.000,0.000
80,49,-6.143,0.135,2.001,25,-3.357,0.000,1.000,28,0.630,0.000,1.000,8,-1.130,0.000,1.000,1,-0.000,0.000,0.000,1,0.561,0.000,0.000,7,5.154,2.001,0.000,0,0.000,0.000,0.000,3,0.000,0.000,0.000,1,0.589,0.000,0.000,7,-0.636,0.000,0.000,5,-3.198,0.000,2.000,2,-0.142,0.000,0.000,0,0.000,0.000,0.000,1,-2.053,0.000,1.000,18,-6.412,0.000,1.000
81,66,-5.479,2.000,3.000,17,2.052,1.000,1.001,10,-0.228,0.000,0.000,9,1.777,1.135,0.002,5,-0.284,0.000,0.000,1,0.000,0.000,0.000,4,-0.459,0.000,0.000,0,0.000,0.000,0.000,1,-0.000,0.000,0.000,1,2.340,1.000,0.000,0,0.000,0.000,0.000,1,-0.000,0.000,0.000,0,0.000,0.000,0.000,0,0.000,0.000,0.000,2,-0.284,0.000,0.000,17,-5.800,0.000,0.000
82,73,-5.390,0.000,1.000,27,-3.753,1.007,2.368,16,2.398,1.050,0.000,6,-4.567,0.000,2.000,6,-1.318,0.000,0.000,24,1.598,1.000,0.000,15,-0.214,0.000,0.000,2,0.078,0.000,0.000,0,0.000,0.000,0.000,4,-0.426,0.000,0.000,4,-2.092,0.000,1.000,1,-0.142,0.000,0.000,0,0.000,0.000,0.000,1,0.319,0.000,0.000,3,0.035,0.000,0.000,15,-5.336,0.000,0.000
83,161,7.936,11.397,3.419,61,-0.432,6.368,5.203,22,4.836,2.000,0.000,18,-1.122,0.000,1.368,8,-0.426,0.000,0.000,21,-0.317,0.000,1.000,24,2.500,5.503,3.000,8,0.063,0.002,0.000,4,-0.284,0.000,0.000,5,0.463,0.007,0.000,4,0.080,0.202,0.000,0,0.000,0.000,0.000,9,-0.142,0.000,0.000,0,0.000,0.000,0.000,9,0.466,0.000,0.002,11,-2.031,0.000,0.000
84,243,-2.269,10.260,11.033,84,-0.746,6.418,6.000,37,2.901,3.788,2.005,46,-2.176,2.369,2.050,20,-1.992,2.135,2.000,16,3.078,1.000,0.000,20,3.997,2.002,1.000,11,-3.020,0.000,1.368,4,-0.142,0.000,0.000,14,1.793,1.018,0.000,8,-0.534,0.000,0.000,2,-0.284,0.000,0.000,6,0.632,1.000,0.000,3,-0.142,0.000,0.000,10,2.311,1.000,0.000,11,-2.325,0.000,0.000
85,309,11.435,18.855,14.577,180,0.370,14.154,10.193,52,7.003,4.000,2.000,60,-5.888,3.001,6.271,17,4.542,3.000,0.368,42,0.311,2.736,1.000,22,0.887,2.000,2.202,15,-1.457,1.368,1.000,6,-1.168,0.000,0.000,13,3.238,1.106,0.135,12,0.784,1.000,0.000,15,1.776,1.018,0.000,2,1.676,1.000,0.000,7,1.565,0.000,0.000,24,-3.947,0.000,2.000,10,-3.318,0.000,0.000
86,287,8.657,21.286,15.754,207,-5.063,15.734,16.418,59,-3.361,4.742,5.368,69,-6.711,2.506,2.136,34,-0.913,1.736,0.000,67,-0.026,2.368,3.000,43,0.811,3.138,1.004,19,1.413,2.154,1.000,7,0.596,0.000,0.000,9,3.471,2.000,0.000,12,-0.754,0.000,0.000,15,-0.599,1.002,2.000,7,1.960,1.000,0.000,2,1.381,1.000,0.000,24,2.656,4.050,1.000,13,-3.942,0.000,0.000
87,343,-1.840,24.758,15.721,287,-7.220,14.812,18.765,63,-5.557,2.005,4.553,99,-7.012,3.691,7.791,39,-2.424,1.000,3.000,58,0.915,3.000,2.000,53,-0.582,6.052,4.007,37,14.979,10.050,0.000,9,-0.679,0.000,1.000,21,-0.191,1.007,0.406,9,-1.617,0.074,0.000,27,-1.850,0.021,1.000,6,1.065,1.000,0.000,2,1.481,1.000,0.000,26,1.778,1.000,0.002,10,-1.968,0.000,0.000
88,380,16.287,28.560,12.166,283,3.914,24.655,19.161,73,2.095,6.056,3.000,99,-2.877,10.156,9.504,42,5.434,3.000,1.000,32,5.846,5.368,2.000,50,-3.934,3.003,6.207,39,6.545,4.368,0.000,15,0.195,0.000,0.000,18,-1.685,0.000,2.000,11,0.367,0.000,0.000,30,-2.886,2.000,1.736,13,0.475,1.000,0.000,2,-0.000,0.000,0.000,32,1.503,1.135,2.000,14,-5.468,0.000,1.000
89,357,37.864,27.714,9.142,323,-16.701,23.712,25.716,93,3.545,7.424,6.000,99,-6.884,5.774,3.135,46,3.196,2.736,0.135,47,-0.102,2.000,2.000,51,5.814,6.004,2.754,57,10.804,9.503,2.000,25,0.532,0.000,0.000,16,4.021,3.000,0.149,12,-3.366,0.000,3.000,42,1.230,4.185,4.000,15,0.589,1.000,0.000,5,1.988,1.000,0.000,20,3.125,1.000,0.000,16,-2.316,0.000,0.000
90,358,15.803,25.425,10.938,306,-5.825,19.605,16.692,102,1.684,6.522,6.368,105,0.550,9.160,6.370,52,-0.131,3.000,3.000,29,-1.106,1.000,1.000,55,-2.009,4.135,3.000,35,2.093,4.000,2.000,23,-3.843,1.000,3.000,19,-1.067,2.000,1.000,13,-1.697,0.000,0.001,26,-1.028,1.386,1.736,20,-1.861,0.000,1.000,8,-1.960,0.000,1.000,9,5.813,4.000,0.000,13,-2.421,1.000,0.000
91,343,7.032,18.389,15.104,266,1.775,20.426,16.019,86,2.249,4.135,4.037,88,0.940,8.050,3.053,63,9.422,8.000,2.000,41,3.249,2.000,1.000,58,6.074,5.411,2.000,28,11.349,5.000,0.000,31,-7.135,0.000,3.000,31,4.959,2.368,0.000,18,-2.529,1.078,1.247,24,-2.629,0.368,2.000,23,0.660,2.000,1.000,12,1.640,1.000,0.000,5,-0.210,1.000,1.000,10,-3.916,0.000,0.000
92,352,4.912,24.006,14.793,318,-7.571,23.320,26.059,87,12.130,8.059,2.000,103,-4.253,6.506,8.000,63,1.925,8.000,4.000,47,7.513,5.000,0.000,47,-16.243,1.000,9.000,32,9.409,5.418,1.007,29,-4.607,1.000,3.000,32,0.664,3.050,2.375,20,1.659,3.202,1.000,31,-0.920,3.050,3.000,7,-0.575,0.000,0.000,11,2.727,1.000,0.000,9,1.153,3.000,2.000,15,-4.824,0.000,0.000
93,351,11.331,27.693,20.206,286,-3.981,21.425,20.162,105,0.795,6.002,5.240,114,14.786,14.277,3.556,75,1.332,6.418,3.000,42,3.146,4.000,2.000,48,-2.607,6.000,6.202,29,3.092,4.000,2.000,27,1.001,0.000,0.000,31,2.945,3.050,2.018,18,2.567,2.000,1.000,24,5.735,4.000,1.368,16,-1.222,0.000,1.000,12,0.909,1.000,0.000,11,-0.494,1.000,0.000,17,-4.811,1.000,0.000
94,314,-1.904,24.555,17.057,260,7.054,27.431,12.456,121,6.887,6.571,4.203,101,24.763,16.050,4.025,186,15.935,20.204,5.154,48,-1.626,3.000,5.000,43,-2.577,4.368,3.000,33,-0.274,1.368,3.000,21,0.309,0.000,0.000,43,-1.173,6.000,4.000,27,0.834,3.027,1.671,16,3.265,2.000,1.000,6,-0.284,0.000,0.000,16,-0.142,0.000,0.000,14,1.337,2.000,1.000,14,-1.766,1.000,0.000
95,297,17.163,19.923,11.468,263,5.254,22.382,11.050,146,24.860,17.267,3.370,188,31.455,22.527,9.370,302,19.892,28.375,9.436,53,5.057,4.000,1.000,74,8.464,11.003,4.549,40,-0.558,5.000,3.000,24,-2.617,0.000,1.000,51,1.325,4.007,4.000,16,-0.080,0.549,0.000,30,-0.161,1.289,0.368,9,1.577,1.000,0.000,17,7.101,3.000,0.000,13,5.735,4.000,0.368,10,-3.956,0.000,0.000
96,297,4.356,25.008,13.617,351,-14.667,21.533,27.569,154,-0.446,16.072,10.370,228,31.586,34.647,14.871,276,32.796,39.368,14.000,59,-7.420,2.368,4.000,70,16.102,13.142,3.014,50,4.881,9.153,4.000,34,0.527,2.000,1.000,41,1.970,2.368,2.000,19,1.979,1.000,0.000,19,-0.301,1.271,0.000,15,-2.657,0.000,2.000,37,0.841,0.000,0.000,12,4.988,3.000,0.000,14,2.166,2.000,0.000
97,290,11.551,16.518,9.018,332,-28.046,14.790,23.423,168,14.917,14.419,7.188,189,22.657,28.527,12.162,216,13.618,29.702,8.571,60,2.912,7.000,4.000,81,-0.267,5.368,2.160,38,2.132,2.104,1.007,26,0.000,0.000,0.000,48,-3.194,5.000,4.000,28,-1.645,1.000,1.672,17,0.360,0.736,1.000,14,4.911,3.000,0.000,37,0.859,1.000,1.000,12,3.138,1.000,0.000,16,-3.749,0.000,0.000
98,308,6.361,19.007,11.032,375,-27.985,26.097,28.785,222,3.801,18.527,13.054,179,25.643,27.143,13.014,189,0.557,19.374,16.922,49,0.257,4.368,2.000,71,-0.576,2.003,3.604,40,3.776,6.000,1.000,89,-7.348,0.000,3.000,68,7.583,4.375,1.000,38,-3.933,2.000,3.000,14,-1.869,2.000,2.000,38,0.228,1.000,1.000,29,7.819,4.000,0.000,14,4.394,3.000,0.000,13,-3.284,0.000,0.000
99,259,-1.560,9.812,10.000,337,-12.157,17.025,20.398,159,5.569,16.136,10.751,155,4.273,15.021,11.782,123,14.790,14.878,8.185,22,2.095,2.368,1.000,58,-8.990,0.693,5.580,23,0.549,1.135,1.000,74,-10.058,0.000,4.000,34,-0.652,1.000,2.000,34,7.284,4.202,2.000,10,-3.268,1.000,3.000,39,-0.394,0.000,0.000,19,2.226,1.000,1.000,13,-1.263,2.000,2.135,12,-2.623,0.000,0.000
100,209,12.605,13.503,3.142,270,-18.333,15.716,21.878,182,1.066,12.150,8.437,87,7.762,11.448,3.529,56,5.409,3.000,2.000,18,5.411,5.000,0.000,32,3.335,4.001,1.004,13,-2.572,0.000,1.000,49,-2.053,0.000,1.000,15,-1.978,1.000,2.000,32,-2.427,1.082,1.000,6,-2.852,0.000,1.000,80,-6.791,1.000,4.000,19,4.396,2.000,0.000,4,1.743,1.000,0.000,12,-2.562,0.000,0.000
101,148,2.101,5.622,3.555,177,5.129,14.549,7.534,109,12.982,10.789,3.000,73,4.946,6.241,4.890,24,3.134,1.050,0.000,10,2.532,2.000,0.000,26,4.556,2.005,0.014,5,-0.710,0.000,0.000,32,0.709,1.000,1.000,15,1.353,1.000,0.000,27,-6.094,0.027,2.341,8,3.968,3.000,1.000,58,-2.521,0.000,1.000,12,-0.661,0.000,1.000,5,4.136,3.000,0.000,12,-1.773,0.000,0.000
102,100,-7.818,4.002,6.050,98,-5.959,6.386,8.871,63,2.946,5.005,3.370,33,-4.341,2.000,4.000,12,-0.240,0.368,0.000,5,-0.142,0.000,0.000,26,-0.478,0.002,0.030,3,-0.426,0.000,0.000,29,-4.841,0.000,2.000,8,-0.192,0.000,0.000,9,1.677,2.000,0.918,9,-4.429,0.018,1.000,29,-0.142,0.000,0.000,10,-0.142,0.000,0.000,2,1.200,1.000,0.000,15,-3.242,0.000,0.000
103,68,0.173,1.000,0.000,59,-2.556,3.443,3.135,33,0.164,2.000,1.375,17,-6.614,0.368,2.000,8,0.927,0.000,0.000,0,0.000,0.000,0.000,16,-1.215,1.000,2.202,4,1.268,1.000,0.000,18,0.000,0.000,0.000,4,0.000,0.000,0.000,2,-2.411,0.202,1.000,11,-0.709,0.000,1.000,15,-2.891,0.000,1.000,0,0.000,0.000,0.000,1,-1.254,0.000,1.000,16,-3.430,0.000,0.000
104,65,-3.422,1.018,0.057,25,-3.709,2.000,2.000,17,-3.449,0.008,2.018,7,1.522,1.000,0.000,6,-2.042,0.000,1.000,3,0.000,0.000,0.000,3,0.127,0.000,0.000,2,-1.535,0.368,1.000,2,-0.000,0.000,0.000,1,0.000,0.000,0.000,4,1.210,1.000,0.000,4,-0.788,0.000,0.135,0,0.000,0.000,0.000,3,0.561,0.000,0.000,1,-1.417,0.000,1.000,5,-1.339,0.000,0.000
105,58,-3.823,0.135,1.050,12,0.169,1.000,1.000,15,-0.744,0.050,0.000,6,-2.021,0.000,0.368,4,-0.000,0.000,0.000,1,1.960,1.000,0.000,8,-7.710,0.000,2.000,2,2.087,2.000,0.000,0,0.000,0.000,0.000,2,-1.073,0.000,0.000,1,1.015,1.000,0.000,0,0.000,0.000,0.000,4,-0.000,0.000,0.000,0,0.000,0.000,0.000,4,2.556,1.000,0.000,13,-3.571,0.000,0.000
106,76,-4.547,1.000,1.000,27,1.735,1.000,1.000,8,2.273,1.000,0.000,7,-0.360,0.000,0.000,4,1.193,1.000,0.000,16,-0.142,0.000,0.000,9,-2.203,1.000,1.549,6,2.084,1.000,0.000,1,-2.465,0.000,1.000,2,0.650,0.000,0.000,5,-0.877,0.000,0.000,2,0.138,0.000,0.000,3,-0.142,0.000,0.000,0,0.000,0.000,0.000,3,0.471,0.000,0.000,12,-3.969,0.000,0.000
107,158,-8.080,6.303,10.135,44,3.329,4.000,2.000,36,2.048,2.135,2.050,18,0.371,1.007,0.000,14,-0.981,0.003,1.000,19,-0.146,0.000,0.000,31,4.006,3.050,1.020,14,-0.168,1.050,0.000,1,0.000,0.000,0.000,1,-0.721,0.000,0.000,1,-0.142,0.000,0.000,5,-0.175,1.000,1.000,5,-0.032,0.000,0.000,1,-0.000,0.000,0.000,12,-0.590,0.000,0.001,12,-3.355,0.000,0.000
108,277,-0.578,13.292,13.211,98,-3.935,8.503,8.057,35,3.575,4.386,1.000,36,-4.052,3.000,4.000,19,-0.706,2.000,2.368,25,0.785,1.000,1.000,26,-0.577,3.068,1.000,10,0.241,1.050,0.000,12,-0.899,0.000,0.000,10,0.043,0.007,0.000,9,-1.499,0.000,0.000,7,-0.054,1.000,2.000,3,-0.142,0.000,0.000,0,0.000,0.000,0.000,24,7.553,4.368,1.001,12,-2.027,0.000,0.000
109,331,29.480,26.220,8.402,167,-7.881,8.087,14.001,60,2.298,3.396,1.000,56,-0.564,2.774,2.051,35,7.271,3.368,0.000,43,3.033,4.368,1.000,31,6.500,2.154,0.000,18,0.703,2.000,1.000,5,-0.000,0.000,0.000,14,-2.896,0.007,2.018,17,-1.157,2.000,2.000,10,1.309,2.002,2.000,3,0.756,0.000,0.000,3,-0.139,0.000,0.000,25,-2.519,3.000,4.000,8,-1.626,0.000,0.000
110,434,3.438,19.151,16.084,251,17.038,24.356,12.177,67,1.270,6.003,6.001,66,10.399,9.135,4.503,44,9.438,7.000,1.000,49,1.952,4.368,3.368,45,-3.350,3.406,3.004,25,0.388,0.135,0.000,8,0.582,0.000,0.000,11,-3.440,0.000,1.000,11,0.872,1.000,0.000,27,-2.508,3.406,3.000,11,-0.142,0.000,0.000,10,0.753,1.000,0.000,29,1.323,2.000,0.135,12,-2.923,0.000,0.000
111,429,19.207,31.240,14.513,285,-11.540,20.364,31.341,63,4.692,3.138,1.000,79,-2.368,3.391,5.271,39,-0.363,2.135,0.000,37,7.058,3.736,0.000,36,10.394,6.135,1.616,33,-3.570,3.104,3.000,8,0.344,0.000,0.000,11,-1.250,0.050,0.386,15,-0.003,1.000,1.000,29,2.255,3.000,1.000,12,1.131,2.000,1.000,9,-0.142,0.000,0.000,28,2.091,3.000,1.136,12,-3.540,0.000,0.000
112,384,1.289,28.602,18.406,343,3.889,28.186,24.423,107,19.888,11.376,3.069,104,1.625,11.000,9.007,55,1.304,4.000,4.000,36,3.779,2.000,0.368,60,3.141,6.007,5.000,29,4.066,4.000,0.007,7,0.625,0.000,0.000,28,-1.485,2.007,4.050,14,2.946,1.000,0.001,42,6.335,5.138,0.639,8,1.374,0.000,0.000,8,0.366,0.000,0.000,33,2.099,3.000,1.001,19,-4.868,1.000,0.000
113,400,15.783,27.609,18.869,337,11.204,27.953,17.200,105,-12.361,5.623,7.387,88,-12.301,4.377,10.369,53,2.351,5.000,2.000,47,-3.847,1.000,2.000,48,-5.731,3.747,3.010,31,3.527,2.000,0.368,15,-0.987,1.000,1.000,40,0.849,4.503,2.185,18,1.876,2.000,0.247,48,-1.252,2.368,6.135,18,-2.106,1.000,1.000,10,2.634,1.000,0.000,26,2.409,3.000,0.001,16,-5.860,0.000,0.000
114,407,-2.846,30.022,22.483,339,-34.799,13.557,31.347,90,16.413,11.763,2.339,104,-3.358,8.503,5.000,59,2.309,5.135,4.000,29,-0.277,0.000,0.000,54,-2.278,3.420,4.000,35,-2.749,3.037,4.000,6,0.334,0.000,0.000,29,0.413,2.000,1.000,14,1.648,1.000,0.000,41,-4.190,3.018,3.510,14,-0.803,0.000,0.000,14,2.319,2.000,1.000,19,3.517,3.000,1.000,17,-5.972,0.000,0.000
115,392,14.205,24.977,14.249,340,-11.284,23.764,26.505,104,12.313,8.312,4.020,101,-12.523,6.199,9.271,59,5.292,7.000,2.000,49,-1.288,4.000,3.000,55,2.417,4.503,2.004,43,1.233,2.000,0.135,34,5.446,5.000,2.000,37,-1.279,2.237,2.375,17,2.832,2.000,1.000,42,2.022,5.018,3.736,11,0.000,0.000,0.000,13,-0.000,0.000,0.000,23,-3.486,2.000,2.368,12,-3.298,1.000,0.000
116,342,-2.416,28.106,18.235,294,5.105,29.382,20.242,122,-2.965,6.052,5.493,102,-0.845,6.156,7.419,58,-0.095,4.000,3.000,46,0.095,2.000,2.000,43,1.640,3.529,2.000,29,-1.116,3.000,2.000,39,1.154,2.000,2.000,30,-0.436,3.368,2.000,15,-5.434,0.000,3.000,20,1.010,1.368,0.368,12,0.451,0.000,1.000,14,3.621,2.000,0.000,15,1.602,2.368,2.000,12,-4.230,0.000,0.000
117,347,0.428,21.850,15.142,272,-10.868,21.654,19.070,127,14.624,14.605,9.390,102,-6.847,3.057,7.137,62,5.084,4.000,2.000,82,5.128,9.000,4.000,43,0.904,3.021,2.234,43,2.853,4.000,2.000,29,-1.037,0.000,1.000,22,2.833,2.000,1.000,23,-2.310,1.000,3.341,18,-0.154,1.050,1.000,4,-1.161,0.000,0.000,11,2.134,1.000,0.000,16,-4.219,1.000,3.000,10,-1.856,0.000,0.000
118,296,12.046,21.704,9.114,279,2.600,25.597,20.677,142,21.565,13.781,7.163,155,5.165,11.192,15.019,109,5.052,11.736,6.000,92,3.455,6.135,4.368,79,13.056,9.390,3.206,42,6.900,4.135,0.000,24,2.777,3.000,1.000,40,0.468,2.010,1.000,11,-2.746,1.000,2.000,18,0.927,2.522,1.000,7,-1.073,0.000,1.000,25,5.854,2.000,0.000,14,-2.795,1.000,1.000,14,-5.220,0.000,0.000
119,300,24.824,30.122,9.395,300,3.497,17.034,16.186,170,17.411,22.573,12.000,244,49.148,47.364,15.241,159,16.953,20.135,4.503,179,16.690,21.007,9.000,64,-2.879,6.423,8.000,53,2.203,6.368,2.000,47,-1.889,0.000,1.000,41,6.418,6.000,1.368,15,0.270,1.000,1.000,13,0.304,2.000,2.000,6,-1.638,0.000,1.000,20,1.906,2.000,0.000,18,6.759,4.000,1.000,13,-0.667,0.000,0.000
120,334,28.570,26.138,11.419,264,8.427,19.254,13.186,159,12.815,22.559,11.053,241,33.086,40.560,16.508,149,19.954,18.804,7.289,210,23.152,25.874,8.368,79,0.286,9.019,5.755,41,2.074,4.503,1.000,36,1.200,1.000,0.000,53,0.628,4.014,2.368,25,2.329,2.027,1.671,30,-3.552,0.368,0.000,7,4.495,2.000,0.000,22,-0.000,0.000,0.000,16,7.678,3.000,0.000,13,-1.981,0.000,0.000
121,304,-16.406,16.142,14.375,317,3.015,18.540,15.427,185,17.282,17.671,3.874,234,26.457,32.176,15.533,103,-5.256,9.037,9.000,160,-3.302,13.368,7.000,62,2.423,6.154,4.074,72,14.477,8.472,0.756,30,-2.656,0.000,1.000,58,-0.192,4.021,3.736,29,-0.250,2.004,2.341,12,3.320,3.368,1.007,18,-1.662,1.000,1.000,28,2.981,2.000,1.000,32,5.320,4.000,1.000,16,-3.723,0.000,0.000
122,298,1.791,16.284,9.136,328,-10.500,20.592,22.387,229,7.769,24.427,12.768,139,13.529,21.743,8.754,96,18.863,15.000,3.000,136,6.327,12.000,3.000,52,-3.589,2.000,5.000,41,1.078,5.052,4.375,29,-0.000,0.000,0.000,40,13.510,7.018,2.000,31,-4.556,1.300,5.493,7,0.711,0.368,0.000,14,2.113,1.000,0.301,42,4.704,2.000,0.000,18,0.322,3.000,2.000,15,-3.821,0.000,0.000
123,261,-3.366,10.611,12.087,300,13.405,23.996,16.522,208,-1.610,17.548,15.529,103,7.950,8.303,6.161,55,6.097,6.006,2.000,69,6.016,10.368,5.000,45,-6.500,4.000,5.004,52,-2.192,7.271,8.000,52,-0.146,1.000,1.000,27,-0.662,1.000,0.001,37,6.154,4.000,2.000,12,-0.243,0.000,0.135,48,2.791,1.000,0.000,51,0.670,3.000,2.000,12,-0.324,0.000,0.000,11,-1.908,0.000,0.000
124,182,-8.280,11.315,6.276,316,15.716,28.800,14.342,175,6.127,16.104,12.003,73,-2.148,3.242,4.000,34,-4.777,2.000,2.000,32,2.546,3.000,1.000,33,-1.884,2.021,3.202,45,9.249,7.000,2.000,21,-0.568,0.000,0.000,27,-3.946,0.000,1.000,39,1.561,4.000,2.493,10,0.513,0.018,1.000,47,-4.934,0.000,3.000,38,-1.974,0.000,1.000,7,0.767,1.368,1.000,8,-1.692,0.000,0.000
125,157,4.898,8.472,4.007,204,8.960,12.126,7.210,120,3.287,17.289,7.000,73,5.266,6.167,1.386,21,0.229,1.000,0.135,30,5.020,4.368,1.000,25,3.895,4.738,1.004,36,-4.472,4.000,3.368,23,0.000,0.000,0.000,5,-3.860,0.135,2.000,16,-0.494,0.000,1.000,9,-0.199,0.368,1.007,15,-3.569,0.000,2.000,12,-1.243,0.000,1.000,12,-6.504,1.000,4.000,15,-3.018,0.000,0.000
126,122,0.964,5.376,3.000,121,-3.665,6.100,9.795,69,2.878,6.143,3.418,47,-1.221,4.368,2.000,13,2.607,1.368,0.000,11,1.299,0.000,0.000,17,5.817,3.002,0.004,17,5.932,3.000,2.000,16,0.856,0.000,0.000,5,-0.000,0.000,0.000,17,3.961,2.000,1.000,7,0.166,0.000,0.503,8,0.021,0.000,0.000,12,1.839,1.000,0.000,4,5.056,2.000,0.000,10,-1.391,0.000,0.000
127,68,-4.224,2.155,2.000,67,1.122,5.528,7.007,29,-5.566,0.000,2.000,21,-0.077,1.018,0.368,4,-0.142,0.000,0.000,2,-0.178,0.000,0.000,13,-4.960,0.001,3.000,8,1.171,2.000,1.000,7,-1.183,0.000,1.000,2,-3.083,0.000,1.000,8,-1.359,0.000,0.670,4,-0.427,0.000,0.000,2,-0.142,0.000,0.000,6,-0.000,0.000,0.000,0,0.000,0.000,0.000,7,-0.822,0.000,0.000
128,43,0.294,1.000,1.000,29,-4.035,2.000,2.553,26,1.387,2.000,1.018,7,-0.254,0.018,0.000,2,-0.984,0.000,0.000,1,0.870,0.000,0.000,5,0.707,0.018,0.000,2,-1.342,0.000,1.000,3,0.000,0.000,0.000,2,0.015,0.000,0.000,1,0.000,0.000,0.000,1,-2.759,0.000,1.000,0,0.000,0.000,0.000,2,-1.488,0.000,1.000,1,-0.366,0.000,0.000,12,-0.597,0.000,0.000
129,46,-3.519,0.000,2.001,7,-1.308,0.000,1.000,28,0.504,0.149,0.000,7,-4.616,0.000,2.000,5,-1.062,0.000,1.000,5,3.298,2.000,0.000,2,1.349,1.000,0.000,0,0.000,0.000,0.000,1,-0.000,0.000,0.000,0,0.000,0.000,0.000,2,-0.000,0.000,0.000,1,0.224,0.000,0.000,1,-0.000,0.000,0.000,0,0.000,0.000,0.000,2,1.349,1.000,1.000,9,-1.130,0.000,0.000
130,112,0.817,6.736,2.050,27,7.189,5.018,0.000,20,2.010,1.368,0.000,4,4.719,3.000,0.000,5,1.351,1.001,0.000,25,-2.748,1.000,2.000,9,1.525,2.000,0.000,0,0.000,0.000,0.000,0,0.000,0.000,0.000,5,-0.767,0.000,0.000,2,-0.142,0.000,0.000,0,0.000,0.000,0.000,4,-0.185,0.000,0.000,3,1.676,1.000,0.000,4,-0.553,0.000,0.368,9,-2.179,0.000,0.000
131,146,-5.558,5.001,6.001,52,1.111,4.000,4.050,25,4.893,3.517,1.000,20,-2.210,1.000,2.368,6,-2.870,0.000,1.000,18,1.629,1.000,0.000,23,3.787,3.185,1.000,10,-0.242,0.000,0.368,12,0.028,0.000,0.000,6,-1.435,0.000,1.000,5,-0.426,0.000,0.000,4,-0.575,0.000,0.000,10,-0.142,0.000,0.000,1,0.000,0.000,0.000,12,1.583,3.000,1.000,10,-1.132,0.000,0.000
132,274,20.448,15.520,7.305,93,0.107,8.068,5.151,51,-0.418,3.001,4.107,35,0.799,4.068,5.000,17,0.379,1.000,1.000,13,5.054,2.368,0.000,43,-1.153,5.135,5.000,10,2.109,1.002,0.000,15,0.241,0.000,0.000,6,-0.371,0.007,0.000,7,-1.304,0.000,0.247,7,2.442,2.000,1.000,8,0.000,0.000,0.000,2,-0.142,0.000,0.000,25,1.602,3.000,1.138,14,-2.921,0.000,0.000
133,290,11.131,26.886,13.204,143,5.620,15.389,11.375,69,8.131,5.072,2.871,73,6.558,7.339,3.289,21,-0.874,1.000,1.135,34,-0.336,1.000,1.000,45,3.171,3.418,3.031,22,5.139,3.000,0.000,15,1.704,1.000,0.000,9,-0.169,0.000,0.000,1,-0.142,0.000,0.000,9,1.245,1.018,0.000,9,0.277,0.000,0.000,2,0.000,0.000,0.000,19,-0.086,0.000,1.002,11,-2.783,0.000,0.000
134,328,11.430,29.662,14.387,226,13.205,18.437,13.376,81,3.882,7.515,4.138,100,4.147,8.211,7.408,25,6.035,5.000,0.000,50,5.662,6.368,2.000,49,14.448,8.186,1.503,29,2.714,4.050,0.007,7,-0.000,0.000,0.000,9,-1.579,0.135,1.000,12,5.442,3.000,1.000,26,-1.310,2.503,1.000,11,-0.404,0.000,0.301,1,-0.000,0.000,0.000,31,4.862,4.368,0.001,9,-2.115,0.000,0.000
135,339,-2.789,21.904,23.958,291,-13.831,19.892,22.726,77,6.738,8.003,6.754,100,8.626,8.441,3.003,33,-1.661,2.000,3.000,61,-2.184,2.000,3.368,33,2.628,3.371,2.549,56,3.730,6.104,5.000,12,-0.121,0.000,0.000,13,-2.040,0.000,1.000,23,3.129,5.027,1.670,26,0.248,4.000,4.000,10,0.000,0.000,0.000,15,6.348,4.000,0.000,23,-2.022,1.368,2.001,12,-4.022,0.000,0.000
136,412,-0.084,31.485,29.296,285,1.092,23.315,18.712,90,12.493,9.467,1.000,95,-8.421,2.237,8.000,49,-0.680,2.050,1.271,42,-2.201,4.000,4.000,57,1.313,6.185,5.028,56,8.414,9.368,4.000,6,0.337,0.000,0.000,25,4.196,1.370,1.000,25,4.042,4.202,1.247,25,0.200,2.135,3.000,6,0.898,1.000,0.000,5,0.962,1.000,0.000,15,3.393,3.000,1.000,14,-3.968,0.000,0.000
137,341,25.470,25.804,15.110,312,-7.921,21.797,20.025,104,8.665,10.871,4.135,105,0.315,8.763,9.376,29,3.966,4.000,1.368,55,10.928,10.000,2.000,60,-0.746,3.743,3.202,57,10.068,12.050,4.368,13,-0.426,0.000,0.000,25,0.995,1.368,1.000,18,-0.661,1.202,1.000,24,2.650,4.000,2.000,16,-2.011,0.000,1.000,9,3.629,1.000,0.000,14,3.537,3.000,1.000,16,-5.517,0.000,0.000
138,370,13.624,31.434,18.371,285,12.020,16.439,9.154,109,4.808,9.014,3.426,94,3.373,6.145,3.505,39,3.417,3.368,2.000,50,-2.613,1.000,2.000,43,-7.251,3.003,5.004,44,9.585,9.005,2.000,11,-1.783,0.000,0.000,22,1.971,2.000,0.000,12,-0.192,1.202,1.000,27,6.684,3.135,0.000,4,-0.142,0.000,0.000,12,1.488,0.000,0.000,16,-4.398,1.000,2.000,13,-2.930,1.000,0.000
139,368,7.477,22.868,16.252,230,1.866,26.000,15.900,101,7.919,9.436,3.143,93,11.675,12.389,4.371,48,6.153,5.368,1.018,49,1.498,3.000,1.000,57,-0.343,4.736,3.000,49,6.324,8.368,4.368,25,-2.859,0.000,2.000,27,-1.653,2.368,1.000,20,1.979,1.000,0.000,20,0.368,1.000,1.000,5,0.000,0.000,0.000,17,-0.000,0.000,0.000,14,3.475,3.000,0.000,15,-0.820,0.000,0.000
140,381,10.118,32.178,18.612,233,17.568,30.598,22.142,96,0.303,7.142,4.386,88,14.156,13.271,2.738,62,8.371,9.000,0.368,57,9.716,9.000,6.000,47,9.810,7.386,1.004,48,-1.316,1.000,2.368,20,2.230,2.000,0.000,37,-2.219,1.050,3.000,16,-4.522,1.000,3.000,16,4.096,1.135,0.000,3,-2.124,0.000,1.000,14,-0.000,0.000,0.000,13,4.534,5.000,1.000,12,-1.064,1.000,0.000
141,357,18.817,32.170,13.186,178,16.657,12.686,5.000,125,10.806,17.503,7.019,73,14.460,10.512,0.368,130,2.507,12.548,8.368,65,4.534,5.000,0.000,58,6.605,5.000,1.553,38,1.012,3.135,1.000,31,-2.039,0.000,1.000,41,-0.148,2.135,1.000,23,0.537,1.000,0.248,10,-1.183,1.368,1.000,6,-0.451,0.000,0.000,9,-0.142,0.000,0.000,23,-4.071,2.000,3.368,13,-2.024,0.000,0.000
142,296,23.829,22.716,9.206,175,2.633,13.168,10.019,138,26.330,27.504,8.000,109,9.854,9.639,5.368,242,33.090,35.375,7.736,63,3.006,8.135,6.000,67,20.650,14.736,1.553,52,3.784,2.021,1.135,30,1.175,1.000,0.000,68,-5.240,6.002,7.000,9,-5.220,0.027,2.671,11,1.985,2.000,0.368,5,3.760,2.000,0.000,7,2.996,1.000,0.000,23,3.684,4.000,1.002,12,-1.217,1.000,0.000
143,347,31.050,35.065,8.168,221,6.698,25.503,19.676,167,10.523,17.683,11.000,132,10.087,14.662,12.000,331,15.265,35.543,14.368,75,4.972,10.000,5.000,82,9.447,7.405,3.000,46,8.758,8.000,3.000,30,2.176,3.000,1.000,54,3.354,3.000,1.522,13,-2.079,1.000,2.000,26,5.914,4.000,0.368,5,-0.291,1.000,1.000,14,5.706,3.000,0.000,30,15.318,6.000,0.000,16,-2.769,0.000,0.000
144,413,53.510,49.288,12.736,216,4.968,18.793,12.185,167,9.675,21.787,14.138,160,17.783,25.034,11.639,269,47.777,42.210,10.104,88,6.354,7.000,3.000,53,6.208,5.138,1.202,52,14.630,10.368,3.000,31,2.435,2.000,0.000,79,1.870,9.368,4.503,18,-2.222,1.000,2.000,35,7.181,4.000,0.000,5,-2.482,0.000,1.000,2,2.486,1.000,0.000,26,8.393,7.000,2.000,15,-2.829,0.000,0.000
145,337,17.871,33.477,12.009,271,24.011,26.310,11.398,177,14.636,22.395,10.050,174,28.641,32.689,10.135,223,18.276,26.320,11.135,74,11.298,9.368,3.736,47,-0.586,2.370,3.000,55,6.045,10.368,6.368,36,-0.281,1.000,1.000,43,5.359,7.000,4.000,27,0.025,2.074,1.432,28,3.356,4.368,1.000,13,0.106,0.000,0.000,7,-1.283,0.000,1.000,27,6.827,5.368,2.000,11,-0.347,0.000,0.000
146,382,18.081,27.303,12.621,308,-7.784,25.771,22.478,207,1.782,24.842,19.303,123,16.534,18.000,9.643,200,26.333,30.780,11.104,76,0.986,6.000,5.736,61,13.732,6.056,0.000,42,5.954,7.000,4.000,43,-2.905,0.000,1.000,44,1.713,4.149,5.000,29,-1.133,2.000,2.670,28,-1.186,3.503,4.000,10,-2.266,0.000,1.301,19,0.635,0.000,0.000,36,3.859,6.736,2.000,13,-1.854,0.000,0.000
147,286,19.554,26.282,12.185,291,-13.746,27.340,29.937,235,5.659,25.269,18.781,88,12.142,10.037,1.368,84,-1.564,9.136,8.000,52,6.068,9.000,6.000,43,-8.407,3.050,6.404,45,3.118,7.050,3.736,26,-0.568,0.000,0.000,29,5.763,4.000,1.135,30,-0.293,1.000,0.000,17,-6.812,1.018,1.000,23,-0.677,0.000,0.000,34,2.194,1.000,1.000,31,0.825,4.368,5.000,9,-1.110,0.000,0.000
148,203,6.654,14.524,7.405,259,18.740,33.572,16.728,239,-9.785,27.553,28.001,72,11.946,9.754,4.000,48,2.928,4.135,1.000,34,6.563,6.368,1.000,58,3.419,6.737,5.405,49,-1.172,4.000,3.000,27,-1.122,0.000,1.000,28,1.201,4.000,3.000,24,1.693,3.202,1.091,14,1.740,2.000,1.000,21,1.133,1.000,0.000,42,0.305,0.000,0.000,27,-1.489,4.000,4.000,15,-5.331,0.000,0.000
149,154,9.725,11.723,4.436,218,-14.104,13.138,18.761,201,-1.873,22.470,19.736,62,-1.091,3.050,2.019,28,5.997,4.000,0.000,14,6.831,4.000,0.000,35,1.180,4.050,3.549,35,-5.878,5.000,5.368,44,-0.078,0.000,0.000,14,-1.572,0.135,1.000,20,1.712,1.000,0.000,6,2.942,2.002,0.000,24,0.000,0.000,0.000,30,4.513,2.000,0.000,10,6.241,4.000,1.000,10,-1.582,0.000,0.000
150,108,-4.531,7.640,4.002,148,-0.437,12.174,7.924,131,-9.401,9.035,12.108,43,1.233,4.018,4.057,19,1.538,2.000,0.000,10,3.330,2.000,0.000,17,1.942,2.018,0.004,12,8.521,5.000,0.000,15,-0.057,1.000,1.000,2,1.118,1.000,0.000,11,4.709,3.000,1.247,8,-1.035,0.005,0.368,26,-3.811,1.000,4.000,18,2.919,2.000,0.000,9,5.859,3.000,0.000,9,-2.868,0.000,0.000
151,81,-8.333,4.138,6.000,113,6.186,14.437,9.001,44,-1.939,5.000,3.019,36,-5.635,3.153,6.002,11,1.236,1.000,0.000,2,-0.142,0.000,0.000,21,-0.786,1.138,1.000,4,1.271,1.000,0.000,19,0.000,0.000,0.000,2,0.955,0.000,0.000,11,-0.287,0.000,0.247,2,1.534,1.000,0.000,8,-0.142,0.000,0.000,6,-0.000,0.000,0.000,0,0.000,0.000,0.000,7,-1.918,0.000,0.000
152,70,-4.056,1.018,1.000,43,-5.764,0.000,2.100,10,-2.696,0.000,0.368,19,1.689,1.018,0.014,3,0.472,1.000,0.000,1,0.000,0.000,0.000,6,-1.971,0.000,0.553,2,-0.194,0.000,0.000,17,0.408,0.000,0.000,1,0.355,0.000,0.000,4,-0.790,0.000,0.000,4,-0.659,0.000,0.503,3,-0.000,0.000,0.000,1,-0.142,0.000,0.000,1,1.168,1.000,0.000,13,-1.313,0.000,0.000
153,76,1.029,4.135,2.000,22,-0.681,3.018,2.000,10,0.220,1.000,0.000,11,0.934,1.000,0.000,7,0.813,1.000,0.000,6,-2.443,0.000,1.000,2,0.219,0.135,0.000,2,-0.284,0.000,0.000,5,-0.000,0.000,0.000,1,2.297,1.000,0.000,2,-1.719,0.000,1.000,0,0.000,0.000,0.000,3,-0.000,0.000,0.000,0,0.000,0.000,0.000,1,1.175,1.000,0.000,11,-1.408,0.000,0.000
154,61,3.248,5.000,1.000,17,5.940,4.000,1.000,10,-0.031,0.000,0.000,5,0.163,1.000,1.000,5,-1.006,1.000,1.000,10,-1.810,0.000,1.000,8,-2.895,0.000,2.000,2,0.845,0.000,0.000,0,0.000,0.000,0.000,4,-4.707,0.000,2.368,1,0.000,0.000,0.000,0,0.000,0.000,0.000,0,0.000,0.000,0.000,0,0.000,0.000,0.000,1,1.214,1.000,0.000,13,-3.667,0.000,0.000
155,108,-1.597,5.032,3.000,33,1.370,5.000,4.000,24,1.058,3.104,2.000,5,-3.123,0.000,1.368,16,1.032,0.000,1.000,22,2.791,1.000,0.000,12,1.642,0.135,0.000,3,0.483,0.000,0.000,0,0.000,0.000,0.000,2,-0.614,0.000,0.000,9,-0.354,0.202,0.000,2,0.908,0.000,0.000,1,-0.142,0.000,0.000,1,-0.000,0.000,0.000,3,-1.527,0.000,1.000,10,-1.675,0.000,0.000
156,158,8.394,8.149,2.025,57,0.957,4.185,1.000,38,-0.719,2.749,2.000,19,8.116,4.000,0.050,16,-0.245,1.000,0.000,22,4.113,2.135,0.000,26,-1.495,1.522,2.549,13,2.744,2.368,0.000,5,0.699,0.000,0.000,4,0.291,0.000,0.000,5,0.600,1.000,0.000,4,3.103,2.000,0.000,0,0.000,0.000,0.000,2,-1.325,0.000,1.000,8,4.012,1.000,0.000,12,-3.447,0.000,0.000
157,179,9.118,14.736,10.000,109,6.364,11.553,7.000,67,-3.792,6.381,4.018,39,0.189,2.138,2.050,18,-0.448,3.368,3.000,42,1.946,3.000,1.000,36,5.663,0.413,0.000,30,5.898,4.000,1.000,18,0.923,0.000,0.000,10,0.764,2.000,0.368,10,0.423,0.000,0.000,5,0.881,1.000,0.000,12,-0.228,0.000,0.000,1,-0.000,0.000,0.000,16,5.095,3.368,0.000,9,-0.571,1.000,0.000
158,260,29.040,28.154,5.021,120,0.264,13.000,10.000,102,2.122,9.019,6.405,55,-0.360,9.454,4.368,34,0.073,4.000,3.000,47,10.803,10.135,3.000,41,4.365,4.007,1.549,50,5.851,7.472,2.000,33,0.006,0.000,0.000,12,2.585,3.000,0.000,17,2.896,1.000,0.091,10,-1.780,0.000,2.000,16,-2.210,0.000,1.000,2,-0.000,0.000,0.000,19,4.481,3.000,2.000,11,-2.260,0.000,0.000
159,286,20.074,26.621,13.000,214,1.516,21.475,15.142,130,8.429,12.167,7.197,61,12.379,13.470,4.000,43,10.557,8.000,2.000,86,3.300,8.368,5.000,55,9.571,9.007,3.000,70,15.239,10.871,2.000,33,3.032,2.000,0.000,26,3.981,2.368,1.000,25,0.972,1.074,0.000,13,6.664,4.000,0.000,18,0.000,0.000,0.000,18,-0.927,0.000,1.000,14,3.905,5.000,2.000,18,-3.348,1.000,0.000
160,329,32.551,34.346,9.743,237,35.466,32.257,8.470,148,11.580,15.034,6.553,78,5.580,8.772,5.135,47,5.714,6.001,1.000,114,7.794,13.368,4.000,58,6.166,6.002,4.010,71,9.321,9.503,3.000,16,-0.142,0.000,0.000,35,0.851,4.135,2.000,15,-1.962,0.549,3.000,21,-2.582,0.000,0.000,24,1.836,1.000,0.000,18,4.501,3.000,1.000,30,12.357,11.000,0.000,16,-5.291,0.000,0.000
161,298,18.002,24.003,11.285,259,20.985,29.114,18.061,159,25.901,23.150,8.289,84,14.642,14.240,5.369,50,12.690,8.000,1.000,123,11.505,12.736,4.368,68,1.130,4.135,3.027,88,9.931,11.368,5.736,34,-0.142,0.000,0.000,43,-10.566,0.000,6.136,31,-1.072,3.202,2.761,28,-0.248,5.000,3.736,11,-1.144,0.000,1.000,12,0.440,0.000,0.000,29,3.893,4.000,1.002,17,-2.097,1.000,0.000
162,362,4.579,27.363,19.050,252,-9.262,20.290,24.420,150,11.968,18.000,8.013,123,17.849,18.389,6.418,56,11.424,10.368,2.135,90,19.897,17.373,3.000,74,-3.269,6.739,9.267,73,7.233,11.000,5.007,29,-1.942,0.000,1.000,48,1.005,4.603,3.000,23,2.606,1.004,1.091,24,1.987,3.135,2.000,7,1.058,1.000,0.000,19,1.435,0.000,0.000,16,2.024,1.368,0.000,8,-1.917,0.000,0.000
163,305,22.740,29.387,16.130,270,21.977,31.007,15.162,153,13.238,23.551,11.571,154,18.121,28.037,13.154,149,21.901,22.424,7.000,101,13.668,11.002,3.368,78,-0.840,11.522,9.000,72,7.302,9.368,1.136,21,0.099,1.000,0.000,44,-4.380,3.000,6.000,13,3.224,1.000,0.000,21,0.983,3.418,1.007,13,-1.838,1.000,1.000,15,2.496,1.000,0.000,26,11.936,7.418,0.000,12,-5.220,0.000,1.000
164,310,14.869,25.953,13.053,224,31.450,28.520,10.016,159,15.531,23.060,5.468,127,15.818,16.368,8.007,187,46.036,36.418,7.104,154,22.516,21.370,9.368,63,10.821,8.186,1.031,64,1.307,6.736,4.413,24,-1.733,0.000,1.000,49,11.385,11.000,1.503,17,0.914,2.074,1.000,27,6.081,2.368,0.000,9,-3.313,1.000,2.000,14,-1.069,0.000,1.000,29,5.817,5.000,0.002,13,-0.630,1.000,0.000
165,317,21.625,33.450,17.395,241,5.054,18.196,13.317,138,4.690,10.094,7.375,105,-6.962,12.320,15.000,180,10.980,24.889,9.018,140,18.190,16.000,6.000,55,1.637,4.386,3.033,45,3.567,5.368,2.000,28,-2.109,0.000,1.000,41,4.436,6.736,2.050,32,-6.667,0.202,2.000,17,-0.581,2.135,1.000,4,-1.225,0.000,1.000,12,2.137,1.000,0.000,23,2.500,4.000,4.000,14,-0.124,0.000,0.000
166,286,36.087,32.260,9.390,222,25.219,19.611,8.382,166,6.873,13.739,6.051,154,36.505,28.691,9.019,241,20.408,34.222,13.374,139,22.065,26.503,11.000,59,2.704,6.022,3.000,60,0.354,9.368,7.504,10,1.683,1.000,0.000,35,-8.666,2.368,5.050,8,-2.373,0.004,1.000,20,0.223,0.368,0.000,5,2.013,1.000,0.000,6,3.810,1.000,0.000,28,7.730,6.000,3.000,13,-4.925,0.000,0.000
167,306,10.287,27.922,12.503,240,-2.754,19.856,15.179,173,21.759,27.788,11.000,213,36.546,38.977,11.155,281,17.012,35.326,14.000,137,17.374,23.000,11.000,70,1.016,8.001,5.176,47,5.303,6.000,2.000,32,-0.604,0.000,0.000,48,2.889,6.018,3.000,24,-2.553,1.000,1.670,20,0.706,0.000,0.000,7,0.000,0.000,0.000,15,3.803,2.000,0.000,27,7.688,6.000,2.000,14,-0.175,1.000,0.000
