,cluster0,,cluster1,,cluster2,,cluster3,,cluster4,
date,senti,pos_n,senti,pos_n,senti,pos_n,senti,pos_n,senti,pos_n
2014-01-23,4.998,3,4.668,3,2.563,2,0.000,0,0.000,0
2014-01-24,63.255,39,90.425,58,68.598,38,36.388,22,4.385,3
2014-01-25,83.654,50,83.924,56,41.635,25,42.966,22,0.000,0
2014-01-26,48.202,30,86.466,50,19.650,13,51.860,31,1.387,1
2014-01-27,74.204,45,93.168,54,36.011,23,36.711,22,2.810,2
2014-01-28,100.977,60,102.104,62,127.438,77,67.394,41,11.910,8
2014-01-29,57.543,39,77.349,51,77.243,47,20.116,12,6.446,3
2014-01-30,56.493,34,103.151,63,47.590,32,13.295,9,11.768,7
2014-01-31,90.075,49,112.769,66,22.588,16,19.647,12,11.501,5
2014-02-01,41.274,30,80.158,52,63.053,34,19.398,13,4.491,4
2014-02-02,56.220,37,80.345,51,56.376,30,54.426,34,4.447,3
2014-02-03,60.373,42,111.258,64,30.444,17,59.901,39,4.480,3
2014-02-04,66.456,43,189.262,118,61.365,39,61.223,41,1.076,1
2014-02-05,86.396,51,101.411,63,55.359,34,33.858,21,4.332,4
2014-02-06,63.932,42,104.996,63,42.737,27,21.736,12,12.701,9
2014-02-07,100.492,65,97.964,61,40.275,22,26.127,14,9.123,7
2014-02-08,74.168,45,105.088,62,41.774,24,24.968,15,0.000,0
2014-02-09,103.739,65,80.178,46,66.270,38,36.073,25,12.466,8
2014-02-10,77.964,47,120.313,74,31.424,17,34.079,23,5.667,4
2014-02-11,116.893,64,89.758,57,26.259,17,18.137,12,0.000,0
2014-02-12,66.080,46,87.143,53,35.273,22,15.481,10,3.910,3
2014-02-13,72.350,47,80.349,46,48.474,31,26.702,16,5.981,4
2014-02-14,72.209,48,115.566,71,34.173,21,41.087,23,8.083,6
2014-02-15,119.972,71,115.996,77,75.286,40,46.610,27,10.218,7
2014-02-16,121.490,74,108.784,73,31.519,19,58.728,35,1.802,1
2014-02-17,188.561,104,82.438,52,33.330,21,41.232,27,0.000,0
2014-02-18,65.059,43,88.685,49,20.134,13,50.091,28,1.090,1
2014-02-19,71.992,47,109.515,68,17.667,11,36.975,22,7.183,6
2014-02-20,84.384,53,111.708,68,35.818,22,28.930,18,7.841,5
2014-02-21,75.603,56,120.512,69,35.157,21,34.103,19,5.498,4
2014-02-22,94.310,58,112.847,70,33.963,21,42.223,29,16.261,9
2014-02-23,73.782,46,124.406,72,41.179,27,69.732,40,6.177,4
2014-02-24,33.849,20,109.171,67,26.869,18,42.562,25,8.984,4
2014-02-25,62.789,40,95.171,65,25.794,17,18.427,14,5.065,3
2014-02-26,98.917,59,81.023,48,30.190,19,24.048,14,0.000,0
2014-02-27,92.581,62,96.742,63,32.394,20,24.969,14,10.340,8
2014-02-28,105.680,74,88.430,56,29.871,15,39.749,29,1.308,1
2014-03-01,0.000,0,0.000,0,0.000,0,0.000,0,0.000,0
2014-03-02,90.030,59,154.247,88,23.361,16,50.822,31,3.096,2
2014-03-03,59.175,37,102.294,64,16.435,8,28.973,19,9.011,6
2014-03-04,156.625,75,189.713,112,0.000,0,30.317,18,2.331,2
2014-03-05,51.969,36,73.183,51,1.494,1,25.379,15,8.843,5
2014-03-06,83.220,49,81.898,51,3.010,2,11.520,8,7.656,6
2014-03-07,35.863,21,114.697,76,6.269,5,37.684,24,1.780,1
2014-03-08,71.380,50,110.685,63,10.695,6,48.088,29,13.244,7
2014-03-09,66.053,39,41.125,27,12.108,7,46.684,28,10.444,8
2014-03-10,56.311,31,11.292,8,9.532,7,38.301,26,9.580,6
2014-03-11,84.477,53,9.419,8,27.253,16,30.979,20,14.586,6
2014-03-12,78.290,52,20.030,14,71.640,44,24.541,16,9.762,6
2014-03-13,74.548,41,15.643,9,49.582,29,44.353,21,8.729,5
2014-03-14,114.286,73,17.193,11,33.463,18,28.579,15,18.311,13
2014-03-15,111.143,67,12.197,9,36.421,21,37.315,19,8.883,6
2014-03-16,138.970,84,45.405,29,34.047,22,96.017,57,7.266,5
2014-03-17,68.749,43,62.485,42,67.111,39,46.025,29,6.398,3
2014-03-18,86.732,54,107.316,72,57.654,31,14.976,10,10.022,6
2014-03-19,81.869,51,79.688,51,76.095,46,40.546,25,7.478,4
2014-03-20,99.854,61,118.512,75,76.317,46,22.910,15,5.172,4
2014-03-21,117.263,74,198.819,117,23.827,17,40.817,26,1.122,1
2014-03-22,114.667,74,177.805,107,68.646,43,32.989,23,6.653,5
2014-03-23,222.385,126,163.896,94,116.728,71,57.736,35,3.550,3
2014-03-24,95.245,60,134.090,82,50.402,33,43.890,24,5.147,4
2014-03-25,85.986,52,115.445,73,43.532,23,22.995,14,0.000,0
2014-03-26,83.047,51,82.117,54,49.169,35,11.950,8,0.000,0
2014-03-27,57.715,37,78.017,51,59.648,35,21.735,14,7.911,3
2014-03-28,89.069,51,117.502,71,41.360,26,32.941,19,15.161,9
2014-03-29,116.042,75,131.875,77,60.483,40,48.157,30,7.120,5
2014-03-30,82.376,59,158.090,92,31.927,19,68.165,44,13.678,8
2014-03-31,44.959,28,96.723,56,65.756,41,45.015,30,5.531,4
2014-04-01,125.822,73,163.586,110,92.468,56,22.523,13,155.470,95
2014-04-02,79.562,54,146.322,83,63.123,37,18.635,12,4.250,3
2014-04-03,108.571,61,93.861,58,48.035,32,20.977,11,21.200,14
2014-04-04,93.081,60,146.978,86,41.238,28,45.119,26,113.051,63
2014-04-05,70.674,43,104.350,67,20.708,12,36.433,25,21.777,12
2014-04-06,40.757,28,90.047,48,35.206,23,37.533,25,91.149,57
2014-04-07,103.500,58,159.433,89,49.282,30,24.041,17,96.695,60
2014-04-08,73.588,42,131.234,83,37.708,23,22.010,16,6.736,4
2014-04-09,70.703,44,83.796,52,36.205,22,23.675,15,3.786,3
2014-04-10,93.509,59,86.561,55,48.359,30,44.721,28,0.000,0
2014-04-11,70.234,43,109.496,69,126.982,80,50.752,32,0.000,0
2014-04-12,54.855,39,111.329,67,45.690,29,32.688,21,7.214,5
2014-04-13,44.282,25,116.585,77,76.328,49,42.107,25,15.881,9
2014-04-14,54.704,33,141.006,83,76.782,44,35.144,24,30.954,16
2014-04-15,58.672,38,100.103,63,46.609,29,24.926,15,1.991,1
2014-04-16,48.285,31,115.914,78,46.207,26,14.110,8,3.900,3
2014-04-17,64.967,42,124.399,75,109.270,70,21.584,16,13.647,8
2014-04-18,94.253,57,104.820,69,116.263,63,27.514,15,20.126,12
2014-04-19,132.155,82,135.804,81,2.499,2,22.783,16,106.361,67
2014-04-20,61.982,34,89.208,53,127.957,83,31.203,19,97.288,61
2014-04-21,44.354,28,109.852,63,81.946,49,35.990,20,107.094,66
2014-04-22,50.733,31,100.725,60,8.071,5,12.275,8,40.891,28
2014-04-23,119.500,76,116.401,71,50.145,28,11.814,8,58.704,33
2014-04-24,109.890,72,106.926,65,125.090,81,29.154,19,41.412,26
2014-04-25,105.829,70,80.886,53,38.440,23,29.343,16,31.587,22
2014-04-26,70.330,41,72.111,38,58.193,36,56.553,37,6.820,5
2014-04-27,67.032,45,89.482,56,77.405,53,30.320,21,5.719,4
2014-04-28,69.864,43,32.327,23,89.701,53,74.070,43,15.566,9
2014-04-29,54.338,33,27.621,18,47.022,26,21.488,13,1.112,1
2014-04-30,44.377,32,15.437,12,16.462,10,19.090,12,17.583,8
2014-05-01,42.358,29,7.042,6,29.233,20,29.599,19,9.512,6
2014-05-02,59.500,41,39.801,24,22.699,16,33.932,23,7.117,4
2014-05-03,86.846,58,28.198,16,69.550,42,48.105,31,27.027,17
2014-05-04,64.846,41,25.795,15,112.485,70,54.275,30,74.220,48
2014-05-05,93.977,59,28.797,17,74.016,48,45.467,32,74.884,43
2014-05-06,87.950,53,23.419,13,106.868,63,28.452,16,16.497,11
2014-05-07,61.791,39,35.195,22,15.221,9,18.212,12,38.756,27
2014-05-08,55.383,39,18.891,11,8.947,6,25.979,17,76.238,43
2014-05-09,52.179,36,30.879,21,44.687,26,20.305,13,3.403,3
2014-05-10,61.471,37,28.698,16,157.901,101,44.003,24,36.908,23
2014-05-11,57.235,38,18.250,11,42.563,30,19.324,11,69.920,48
2014-05-12,49.327,29,25.188,16,24.034,15,38.821,26,78.182,46
2014-05-13,51.523,33,21.329,16,10.682,7,36.749,20,72.315,45
2014-05-14,85.381,50,25.303,18,59.580,37,15.501,9,8.740,5
2014-05-15,53.691,35,37.506,24,51.683,33,33.369,21,5.669,4
2014-05-16,94.642,57,22.921,14,3.238,3,27.665,17,7.128,5
2014-05-17,66.825,39,31.520,19,2.885,2,28.608,16,8.959,7
2014-05-18,68.728,42,46.316,27,24.237,16,21.106,15,8.584,7
2014-05-19,54.944,37,43.232,20,6.661,4,30.227,19,7.099,5
2014-05-20,56.018,39,22.838,14,11.514,7,50.921,33,11.200,8
2014-05-21,52.087,34,44.089,24,8.972,4,24.225,17,29.702,20
2014-05-22,54.955,33,30.473,19,2.391,2,22.709,15,42.899,25
2014-05-23,72.285,45,39.115,25,3.742,2,24.236,17,41.162,27
2014-05-24,40.918,26,27.038,20,5.724,3,22.517,14,95.920,54
2014-05-25,61.202,35,12.267,8,1.044,1,27.758,19,93.607,59
2014-05-26,103.198,62,31.881,20,0.000,0,36.651,20,105.507,71
2014-05-27,28.565,17,16.014,10,0.000,0,29.572,20,1.044,1
2014-05-28,52.031,34,18.002,12,1.573,1,10.898,6,3.928,3
2014-05-29,74.830,49,27.273,18,21.566,12,18.300,11,20.092,14
2014-05-30,100.597,61,42.525,26,7.720,5,4.922,3,2.391,2
2014-05-31,93.877,54,64.982,36,10.210,5,36.731,25,13.092,9
2014-06-01,0.000,0,0.000,0,0.000,0,0.000,0,0.000,0
2014-06-02,56.539,36,38.173,22,6.649,5,35.728,20,6.114,4
2014-06-03,40.273,28,43.505,22,14.802,8,25.499,16,2.810,2
2014-06-04,51.693,35,31.622,20,5.608,3,15.230,7,12.743,7
2014-06-05,59.301,40,34.762,23,1.305,1,22.634,15,9.074,6
2014-06-06,97.485,64,26.056,19,5.988,4,14.125,9,4.347,3
2014-06-07,140.496,85,40.939,25,3.356,2,73.393,48,64.313,41
2014-06-08,72.586,47,47.828,29,8.021,5,33.030,19,177.793,109
2014-06-09,58.398,40,39.584,23,4.522,3,30.370,20,96.441,55
2014-06-10,93.907,59,35.666,20,1.194,1,16.781,12,15.386,11
2014-06-11,60.994,38,27.440,17,1.140,1,15.493,9,107.408,65
2014-06-12,57.133,40,30.227,16,5.691,4,16.546,12,75.124,48
2014-06-13,82.598,55,51.517,33,7.007,4,12.756,7,76.681,48
2014-06-14,101.541,62,32.433,18,3.549,2,21.346,12,49.976,28
2014-06-15,125.259,82,22.234,15,5.815,4,26.756,19,10.696,8
2014-06-16,214.524,119,44.414,26,5.226,3,41.474,28,5.633,3
2014-06-17,89.779,52,43.818,24,5.877,5,30.311,21,8.604,6
2014-06-18,65.182,39,32.830,20,5.780,4,19.468,13,35.890,20
2014-06-19,67.904,43,31.476,22,12.886,10,17.818,10,51.224,33
2014-06-20,84.499,55,47.758,28,14.295,8,19.092,12,62.469,42
2014-06-21,92.666,61,37.935,22,9.456,7,44.607,27,0.000,0
2014-06-22,37.510,28,22.892,15,18.321,12,36.076,22,39.863,26
2014-06-23,69.973,46,53.554,32,5.127,3,92.079,56,28.595,16
2014-06-24,31.616,21,30.516,18,4.554,2,26.534,15,10.470,7
2014-06-25,41.232,31,36.741,21,8.218,6,13.569,10,5.402,3
2014-06-26,109.502,65,50.534,29,23.565,15,39.219,23,3.854,3
2014-06-27,55.382,37,45.662,27,8.937,7,38.593,20,23.815,16
2014-06-28,83.956,58,51.593,36,1.562,1,18.657,11,80.220,58
2014-06-29,42.588,27,40.474,24,7.620,5,32.403,21,182.656,107
2014-06-30,58.616,38,14.371,9,6.585,5,23.861,14,57.165,37
2014-07-01,80.549,55,52.233,32,11.159,7,31.785,20,77.678,43
2014-07-02,114.992,72,84.393,48,5.065,3,29.136,17,17.806,11
2014-07-03,77.696,54,34.404,18,6.720,3,14.701,9,83.990,51
2014-07-04,120.327,72,31.042,19,6.776,4,9.074,6,79.453,45
2014-07-05,192.598,119,35.634,22,10.168,6,21.911,12,148.311,85
2014-07-06,309.761,189,36.110,25,1.827,1,17.274,10,80.300,49
2014-07-07,300.846,181,12.265,8,3.103,2,30.224,18,102.461,67
2014-07-08,151.173,93,19.292,12,14.146,8,20.210,13,12.064,7
2014-07-09,54.376,31,38.959,23,34.250,17,27.475,16,1.044,1
2014-07-10,69.785,46,47.909,28,2.803,2,17.894,10,13.346,7
2014-07-11,76.018,47,22.342,17,8.529,5,17.300,12,12.094,8
2014-07-12,80.022,51,12.715,10,2.480,2,31.315,20,19.013,12
2014-07-13,30.823,19,22.057,14,5.698,4,46.363,28,6.020,4
2014-07-14,48.634,27,23.621,14,9.126,5,27.840,18,5.211,4
2014-07-15,62.088,37,32.151,18,2.742,1,21.602,14,8.443,6
2014-07-16,61.738,35,22.951,13,1.937,1,35.886,22,1.283,1
2014-07-17,87.633,49,20.310,13,6.803,5,10.289,8,7.164,6
2014-07-18,60.033,30,18.833,11,2.542,2,30.361,20,1.355,1
2014-07-19,97.106,59,24.564,15,3.707,3,11.969,9,34.791,21
2014-07-20,46.241,29,5.830,4,7.775,5,14.534,11,92.080,57
2014-07-21,87.199,59,21.015,12,4.632,2,26.993,17,154.247,92
2014-07-22,94.817,50,15.911,8,10.398,6,24.377,15,49.527,30
2014-07-23,88.828,44,19.290,12,31.028,19,26.673,16,50.525,33
2014-07-24,84.650,55,16.580,8,37.330,24,20.107,10,140.184,83
2014-07-25,98.439,61,13.066,10,3.428,1,11.969,8,44.688,28
2014-07-26,90.406,56,20.006,12,1.294,1,9.656,6,9.621,6
2014-07-27,24.114,18,15.427,10,6.124,5,24.428,16,59.427,40
2014-07-28,44.478,29,17.224,11,3.553,2,27.443,18,42.922,26
2014-07-29,74.278,47,32.474,20,4.726,3,28.370,19,6.657,5
2014-07-30,73.015,48,23.789,16,7.328,5,21.141,14,3.700,3
2014-07-31,85.673,51,5.413,3,13.138,8,17.718,12,13.171,8
2014-08-01,100.550,62,23.523,14,10.041,7,36.538,22,9.373,7
2014-08-02,83.180,51,31.752,19,2.381,2,36.415,23,18.737,9
2014-08-03,44.303,26,20.744,12,6.262,4,31.367,19,6.205,3
2014-08-04,35.509,20,25.300,15,1.834,1,49.269,31,8.780,4
2014-08-05,77.081,43,20.674,11,51.281,32,14.162,8,0.000,0
2014-08-06,74.446,51,9.032,5,108.811,71,32.735,22,43.484,26
2014-08-07,53.026,34,14.219,9,2.541,2,21.248,12,95.131,58
2014-08-08,99.893,62,11.610,7,2.027,2,35.372,20,79.858,49
2014-08-09,131.879,75,22.135,10,5.969,4,21.606,14,84.263,49
2014-08-10,54.072,32,7.347,5,7.917,4,40.441,22,101.578,61
2014-08-11,34.568,21,8.093,5,3.263,2,21.946,13,116.931,70
2014-08-12,47.902,30,20.276,10,3.217,2,19.511,10,44.679,26
2014-08-13,84.189,52,11.831,9,2.589,2,30.774,23,106.867,66
2014-08-14,69.850,41,9.517,7,1.083,1,29.881,19,61.128,40
2014-08-15,83.488,55,5.391,5,6.174,4,24.427,16,1.165,1
2014-08-16,0.000,0,0.000,0,0.000,0,2.742,1,0.000,0
2014-08-17,0.000,0,0.000,0,0.000,0,0.000,0,0.000,0
2014-08-18,0.000,0,0.000,0,0.000,0,0.000,0,0.000,0
2014-08-19,0.000,0,0.000,0,0.000,0,0.000,0,0.000,0
2014-08-20,0.000,0,0.000,0,0.000,0,0.000,0,0.000,0
2014-08-21,0.000,0,0.000,0,0.000,0,0.000,0,0.000,0
2014-08-22,12.244,9,5.223,4,3.700,2,1.762,1,0.000,0
2014-08-23,73.789,49,39.962,22,34.141,22,22.503,14,15.633,10
2014-08-24,0.000,0,0.000,0,0.000,0,0.000,0,0.000,0
2014-08-25,0.000,0,0.000,0,0.000,0,0.000,0,0.000,0
2014-08-26,0.000,0,0.000,0,0.000,0,0.000,0,0.000,0
2014-08-27,0.000,0,0.000,0,0.000,0,0.000,0,0.000,0
2014-08-28,12.351,9,7.014,5,3.428,1,1.873,1,0.000,0
2014-08-29,114.168,79,73.844,44,37.409,23,15.723,10,6.709,4
2014-08-30,96.643,63,69.972,48,29.232,18,20.279,12,45.445,30
2014-08-31,85.628,50,79.947,42,23.364,13,64.637,38,109.442,63
2014-09-01,0.000,0,0.000,0,0.000,0,0.000,0,0.000,0
2014-09-02,22.955,13,50.524,31,47.366,23,20.994,14,0.000,0
2014-09-03,87.903,48,76.506,46,22.280,14,25.519,16,2.988,2
2014-09-04,85.201,59,50.494,33,21.868,13,16.513,10,1.112,1
2014-09-05,73.238,50,45.333,30,31.868,19,19.796,13,0.000,0
2014-09-06,46.318,31,36.807,21,32.026,18,21.466,15,11.815,9
2014-09-07,0.000,0,0.000,0,0.000,0,0.000,0,0.000,0
2014-09-08,0.000,0,0.000,0,0.000,0,0.000,0,0.000,0
2014-09-09,0.000,0,0.000,0,0.000,0,0.000,0,0.000,0
2014-09-10,0.000,0,0.000,0,0.000,0,0.000,0,0.000,0
2014-09-11,0.000,0,0.000,0,0.000,0,0.000,0,0.000,0
2014-09-12,0.000,0,0.000,0,0.000,0,0.000,0,0.000,0
2014-09-13,0.000,0,0.000,0,0.000,0,0.000,0,0.000,0
2014-09-14,0.000,0,0.000,0,0.000,0,0.000,0,0.000,0
2014-09-15,0.000,0,0.000,0,0.000,0,0.000,0,0.000,0
2014-09-16,0.000,0,0.000,0,0.000,0,0.000,0,0.000,0
2014-09-17,0.000,0,0.000,0,0.000,0,0.000,0,0.000,0
2014-09-18,0.000,0,0.000,0,0.000,0,0.000,0,0.000,0
2014-09-19,0.000,0,0.000,0,0.000,0,0.000,0,0.000,0
2014-09-20,0.000,0,0.000,0,0.000,0,0.000,0,0.000,0
2014-09-21,0.000,0,0.000,0,0.000,0,0.000,0,0.000,0
2014-09-22,0.000,0,0.000,0,0.000,0,0.000,0,0.000,0
2014-09-23,0.000,0,0.000,0,0.000,0,0.000,0,0.000,0
2014-09-24,0.000,0,0.000,0,0.000,0,0.000,0,0.000,0
2014-09-25,0.000,0,0.000,0,0.000,0,0.000,0,0.000,0
2014-09-26,0.000,0,0.000,0,0.000,0,0.000,0,0.000,0
2014-09-27,0.000,0,0.000,0,0.000,0,0.000,0,0.000,0
2014-09-28,0.000,0,0.000,0,0.000,0,0.000,0,0.000,0
2014-09-29,0.000,0,0.000,0,0.000,0,0.000,0,0.000,0
2014-09-30,0.000,0,4.718,3,0.000,0,0.000,0,0.000,0
2014-10-01,47.423,31,77.672,49,19.746,12,16.962,12,10.891,8
2014-10-02,73.692,46,55.378,26,24.642,13,25.804,12,62.678,42
2014-10-03,41.753,25,43.735,25,29.863,18,19.983,13,130.386,82
2014-10-04,46.450,29,54.743,35,26.227,15,28.961,19,4.018,3
2014-10-05,54.305,29,25.385,16,14.012,6,20.327,13,0.000,0
2014-10-06,33.000,21,47.437,31,32.668,24,17.066,12,1.398,1
2014-10-07,70.127,45,40.531,24,6.285,3,15.822,10,1.398,1
2014-10-08,70.178,39,35.548,25,19.397,13,21.347,11,1.691,1
2014-10-09,61.101,41,53.466,34,8.137,5,24.528,14,1.937,1
2014-10-10,65.844,46,76.749,45,57.546,37,9.534,7,1.501,1
2014-10-11,90.990,53,41.852,29,80.103,50,19.183,13,7.358,4
2014-10-12,46.856,33,33.350,22,29.059,17,16.777,11,5.066,4
2014-10-13,70.756,37,25.371,18,45.287,27,23.200,16,1.712,1
2014-10-14,25.919,18,22.586,16,11.904,8,14.806,8,1.005,1
2014-10-15,88.292,60,19.995,12,24.141,16,12.058,8,0.000,0
2014-10-16,81.115,46,45.224,32,40.201,26,6.581,4,1.773,1
2014-10-17,52.061,37,41.258,28,38.325,25,20.339,12,10.796,7
2014-10-18,53.668,36,56.268,33,45.442,28,9.721,6,3.428,3
2014-10-19,12.013,8,37.052,21,5.470,3,13.212,9,3.296,2
2014-10-20,0.000,0,0.000,0,0.000,0,0.000,0,0.000,0
2014-10-21,17.530,9,2.274,2,4.064,2,1.165,1,0.000,0
2014-10-22,67.042,43,37.454,18,18.241,11,4.829,3,6.713,4
2014-10-23,84.109,49,32.342,19,32.408,18,9.115,6,0.000,0
2014-10-24,70.628,50,59.142,33,42.696,27,3.142,2,0.000,0
2014-10-25,63.018,43,46.366,32,13.257,6,14.164,9,0.000,0
2014-10-26,53.142,32,36.971,23,6.806,5,30.924,20,7.469,6
2014-10-27,65.409,41,36.054,23,13.695,7,23.027,15,0.000,0
2014-10-28,37.874,22,38.434,22,15.245,9,12.292,8,6.062,4
2014-10-29,64.546,49,61.127,37,33.919,23,16.233,12,6.053,3
2014-10-30,83.488,48,46.206,25,49.949,30,14.013,9,0.000,0
2014-10-31,87.358,59,32.852,22,37.558,23,26.507,15,2.742,2
2014-11-01,89.168,53,44.366,27,38.340,23,19.929,15,6.549,3
2014-11-02,75.212,45,26.731,16,31.448,22,23.425,17,2.273,1
2014-11-03,71.419,43,39.477,26,37.838,23,29.512,19,6.962,5
2014-11-04,48.179,31,22.394,15,17.979,12,13.223,9,7.260,5
2014-11-05,39.277,26,29.185,18,36.224,20,21.623,13,1.158,1
2014-11-06,57.306,37,39.645,25,32.743,19,14.967,10,0.000,0
2014-11-07,57.697,40,25.560,18,13.899,11,14.670,10,13.192,7
2014-11-08,45.085,30,36.939,20,23.550,14,3.968,2,3.249,3
2014-11-09,26.808,19,37.803,21,9.250,6,23.447,15,5.413,4
2014-11-10,4.261,4,8.148,6,13.305,7,2.248,1,1.802,1
2014-11-11,54.954,39,40.414,25,9.323,6,1.083,1,3.015,3
2014-11-12,85.565,52,17.140,9,11.886,8,20.253,14,0.000,0
2014-11-13,67.148,42,20.503,16,9.126,6,13.509,9,0.000,0
2014-11-14,76.728,44,25.427,14,13.941,10,26.042,16,0.000,0
2014-11-15,61.737,41,32.334,21,14.727,9,28.619,17,2.524,2
2014-11-16,57.404,35,30.650,18,40.907,25,26.800,16,13.317,9
2014-11-17,105.002,62,42.093,26,55.994,31,51.090,31,2.767,2
2014-11-18,89.651,50,29.331,20,6.517,5,14.837,9,1.419,1
2014-11-19,83.007,52,39.611,26,16.545,8,31.972,18,0.000,0
2014-11-20,46.329,30,12.868,7,19.656,12,16.168,10,1.240,1
2014-11-21,6.756,4,4.025,2,2.616,2,1.698,1,0.000,0
2014-11-22,108.155,71,52.797,34,25.166,17,25.276,17,3.819,3
2014-11-23,79.793,47,34.839,22,45.483,28,32.511,18,9.442,8
2014-11-24,36.759,22,40.122,25,4.594,3,12.379,8,0.000,0
2014-11-25,32.822,24,40.364,26,9.805,6,12.697,9,4.590,3
2014-11-26,56.023,37,39.216,24,2.516,2,10.514,6,2.480,2
2014-11-27,40.776,22,6.928,5,10.314,6,0.000,0,0.000,0
2014-11-28,26.714,14,17.430,9,28.255,21,23.279,14,10.269,5
2014-11-29,25.684,16,19.243,11,9.988,6,8.451,5,0.000,0
2014-11-30,56.184,36,8.547,6,29.723,18,18.138,12,0.000,0
2014-12-01,42.879,24,9.276,6,14.396,9,27.108,16,4.837,3
2014-12-02,68.863,39,23.844,18,10.801,7,19.035,14,2.480,2
2014-12-03,35.319,26,31.823,20,26.035,15,3.406,2,5.018,3
2014-12-04,30.770,18,45.623,28,47.515,31,11.429,8,6.417,3
2014-12-05,45.308,28,34.916,22,23.062,14,17.976,10,1.791,1
2014-12-06,76.249,39,19.242,13,48.212,31,24.970,14,2.216,1
2014-12-07,75.540,43,52.955,32,67.325,40,22.805,9,3.303,2
2014-12-08,67.216,41,57.561,36,27.523,16,45.163,27,0.000,0
2014-12-09,66.814,45,34.711,24,39.192,24,4.880,3,2.570,2
2014-12-10,74.776,44,58.098,37,51.664,28,11.939,7,0.000,0
2014-12-11,0.000,0,0.000,0,0.000,0,0.000,0,0.000,0
2014-12-12,68.806,46,33.394,17,24.366,15,12.450,8,1.044,1
2014-12-13,12.090,5,0.000,0,7.542,3,0.000,0,0.000,0
2014-12-14,33.929,24,6.426,4,18.586,10,17.051,9,1.122,1
2014-12-15,77.025,47,21.706,13,23.781,15,38.468,23,4.346,2
2014-12-16,50.589,32,8.153,5,26.947,16,14.959,9,11.977,10
2014-12-17,51.279,34,6.030,4,55.053,34,26.688,15,0.000,0
2014-12-18,76.389,52,2.566,2,14.424,9,12.861,6,0.000,0
2014-12-19,58.156,38,9.169,6,11.660,8,17.735,12,0.000,0
2014-12-20,50.421,36,0.000,0,33.387,21,6.785,5,0.000,0
2014-12-21,57.919,35,2.981,2,6.060,4,10.248,6,4.840,4
2014-12-22,68.330,41,6.034,4,30.366,18,11.593,8,15.653,8
2014-12-23,37.274,21,1.566,1,4.161,2,0.000,0,5.785,4
2014-12-24,37.441,31,7.978,5,0.000,0,1.130,1,6.760,3
2014-12-25,28.738,21,3.178,2,0.000,0,12.089,6,1.394,1
2014-12-26,23.131,17,3.046,2,1.612,1,7.014,4,0.000,0
2014-12-27,27.230,16,3.132,3,0.000,0,8.989,6,0.000,0
2014-12-28,27.568,19,4.548,4,5.719,5,28.007,16,1.441,1
2014-12-29,28.679,19,4.458,3,29.601,20,21.933,16,5.158,3
2014-12-30,36.572,24,5.474,4,15.632,12,12.130,8,16.347,9
2014-12-31,34.418,23,4.858,3,6.598,5,7.382,5,0.000,0
2015-01-01,15.421,11,29.298,21,11.493,7,17.201,11,4.990,4
2015-01-02,65.687,43,1.637,1,24.164,17,19.772,13,6.997,5
2015-01-03,32.967,22,6.205,4,0.000,0,13.631,8,4.404,2
2015-01-04,28.245,16,13.068,7,23.208,14,9.370,7,2.141,1
2015-01-05,54.504,32,10.510,8,16.923,10,16.816,11,3.737,3
2015-01-06,16.673,14,28.393,18,0.000,0,9.254,6,4.408,3
2015-01-07,16.563,11,35.928,23,2.659,2,21.574,14,0.000,0
2015-01-08,15.086,10,40.784,21,9.155,7,27.746,17,0.000,0
2015-01-09,46.208,31,36.044,21,43.696,27,15.171,11,1.137,1
2015-01-10,22.173,14,22.783,15,17.559,12,20.847,14,0.000,0
2015-01-11,17.101,12,35.356,22,8.909,6,35.298,23,9.036,4
2015-01-12,21.225,14,63.357,36,25.811,15,25.616,18,0.000,0
2015-01-13,31.363,21,45.569,26,27.476,15,16.457,10,2.938,2
2015-01-14,57.780,29,62.572,38,14.812,10,20.316,11,5.440,4
2015-01-15,52.670,33,21.392,14,36.037,23,16.695,10,0.000,0
2015-01-16,67.661,36,31.724,21,18.360,11,32.622,20,0.000,0
2015-01-17,35.780,24,32.713,19,15.856,8,18.145,11,4.307,3
2015-01-18,49.726,33,41.102,25,16.297,11,14.545,8,2.688,2
2015-01-19,52.265,35,33.307,20,19.628,13,46.957,26,1.684,1
2015-01-20,34.633,23,20.386,14,23.562,16,27.672,15,3.704,2
2015-01-21,69.918,39,32.587,21,11.970,7,18.957,10,8.654,5
2015-01-22,74.254,41,20.723,15,19.805,12,14.434,10,0.000,0
2015-01-23,49.797,33,49.715,34,55.024,31,3.925,2,0.000,0
2015-01-24,34.669,23,25.908,15,22.927,15,39.983,26,0.000,0
2015-01-25,49.911,32,43.663,26,17.588,11,25.760,14,1.008,1
2015-01-26,44.153,27,20.347,13,9.941,8,33.686,22,2.116,2
2015-01-27,66.482,42,35.277,24,8.465,6,4.397,3,1.358,1
2015-01-28,47.880,27,36.603,24,17.694,11,11.866,6,0.000,0
2015-01-29,67.293,40,54.032,34,57.057,33,25.919,15,4.336,3
2015-01-30,45.505,29,53.843,33,21.134,13,33.754,22,2.260,2
2015-01-31,60.559,34,42.049,27,24.522,16,17.072,11,1.108,1
2015-02-01,15.968,11,60.849,41,24.844,15,27.766,18,3.571,2
2015-02-02,34.671,21,21.313,13,67.243,41,38.604,20,0.000,0
2015-02-03,43.309,24,69.498,43,34.916,22,30.951,20,15.007,7
2015-02-04,11.099,7,50.121,34,17.551,11,21.762,14,0.000,0
2015-02-05,52.310,31,31.783,20,16.036,11,18.091,12,5.342,4
2015-02-06,36.446,23,47.274,27,25.791,14,17.877,11,0.000,0
2015-02-07,50.304,34,33.174,21,39.430,25,42.164,28,3.893,3
2015-02-08,44.602,25,55.165,31,58.442,37,45.466,32,0.000,0
2015-02-09,52.357,34,49.597,29,65.078,41,37.513,21,1.373,1
2015-02-10,79.292,53,87.997,57,36.937,24,17.546,12,1.262,1
2015-02-11,41.158,24,40.178,25,29.465,16,15.118,10,0.000,0
2015-02-12,58.390,32,50.381,29,31.345,20,16.103,11,5.649,4
2015-02-13,66.549,43,56.668,34,38.512,26,20.172,13,4.940,3
2015-02-14,51.645,34,24.751,18,30.115,19,19.846,14,6.131,3
2015-02-15,73.168,43,68.918,41,37.591,23,29.656,17,3.571,3
2015-02-16,62.978,43,57.863,37,22.627,13,19.590,15,2.313,1
2015-02-17,33.254,24,50.391,31,37.184,21,19.064,13,2.695,2
2015-02-18,42.615,23,61.279,37,34.099,20,19.322,9,6.378,4
2015-02-19,48.284,29,53.729,35,34.871,20,8.900,6,1.641,1
2015-02-20,47.047,28,46.355,28,21.313,14,16.423,12,3.829,3
2015-02-21,60.980,42,27.442,18,28.544,17,16.059,11,2.334,2
2015-02-22,81.248,54,30.890,18,29.829,18,23.276,16,3.318,3
2015-02-23,95.332,64,63.355,43,32.745,19,11.893,8,2.292,2
2015-02-24,54.859,30,52.070,33,32.345,17,15.105,9,2.966,2
2015-02-25,49.415,32,40.027,28,19.685,11,14.621,12,4.464,4
2015-02-26,15.331,11,25.789,19,21.780,13,34.061,17,6.041,5
2015-02-27,34.697,24,35.569,23,17.588,11,11.482,7,2.624,2
2015-02-28,51.608,29,50.306,29,12.247,7,12.257,9,4.398,4
2015-03-01,0.000,0,0.000,0,0.000,0,0.000,0,0.000,0
2015-03-02,20.772,12,44.283,26,10.332,6,25.431,15,1.487,1
2015-03-03,23.687,14,42.350,28,4.075,2,14.531,8,1.230,1
2015-03-04,31.689,20,39.209,25,1.169,1,21.333,12,4.032,2
2015-03-05,31.006,19,23.856,15,4.193,2,16.186,8,0.000,0
2015-03-06,26.557,20,41.746,25,0.000,0,22.942,15,2.266,1
2015-03-07,19.937,11,38.048,20,0.000,0,18.265,14,0.000,0
2015-03-08,18.297,12,16.528,10,7.180,4,23.987,17,2.260,2
2015-03-09,62.576,43,10.289,7,5.991,3,27.989,20,1.383,1
2015-03-10,43.483,23,14.768,12,45.226,26,10.774,7,4.540,3
2015-03-11,41.850,26,9.446,6,50.689,29,16.185,9,0.000,0
2015-03-12,34.663,22,6.900,5,30.269,18,32.643,19,0.000,0
2015-03-13,80.689,50,11.314,6,66.520,41,23.992,16,0.000,0
2015-03-14,64.467,41,26.076,18,102.192,53,20.357,14,3.146,2
2015-03-15,142.966,92,76.020,48,329.221,205,145.924,85,27.175,17
2015-03-16,224.568,153,172.556,113,232.565,135,202.279,120,34.278,23
2015-03-17,100.933,60,104.277,68,77.314,51,8.455,6,4.648,4
2015-03-18,77.686,49,98.234,64,64.807,38,30.833,19,0.000,0
2015-03-19,60.068,43,83.448,50,85.478,50,56.574,35,5.724,5
2015-03-20,20.849,14,34.687,24,30.442,21,2.584,2,7.635,6
2015-03-21,50.081,33,66.659,38,56.167,36,17.599,12,0.000,0
2015-03-22,43.158,28,63.548,41,56.294,40,22.417,14,7.792,6
2015-03-23,85.424,46,120.409,74,88.346,53,40.662,27,1.812,1
2015-03-24,44.221,28,51.237,35,79.384,44,21.057,13,4.648,4
2015-03-25,0.000,0,0.000,0,0.000,0,0.000,0,0.000,0
2015-03-26,188.234,114,183.248,108,103.983,63,44.085,25,7.223,6
2015-03-27,222.823,138,145.666,92,76.051,47,27.594,21,5.675,5
2015-03-28,29.496,23,83.256,56,56.755,34,27.006,15,4.098,3
2015-03-29,89.241,51,42.605,28,56.148,36,15.306,9,5.994,3
2015-03-30,12.624,9,53.641,35,2.492,2,29.197,17,5.952,3
2015-03-31,9.940,8,0.000,0,15.696,7,2.144,2,3.339,2
2015-04-01,0.000,0,1.487,1,5.012,2,3.228,2,0.000,0
2015-04-02,3.132,3,3.472,3,2.924,2,7.030,5,0.000,0
2015-04-03,16.525,10,4.722,2,12.517,9,0.000,0,4.426,2
2015-04-04,3.167,2,6.945,5,4.923,3,5.532,4,0.000,0
2015-04-05,1.594,1,8.151,3,0.000,0,0.000,0,2.166,2
2015-04-06,4.093,2,11.976,7,5.556,3,0.000,0,2.345,1
2015-04-07,0.000,0,0.000,0,0.000,0,0.000,0,0.000,0
2015-04-08,22.664,13,26.244,15,21.329,16,5.526,3,0.000,0
2015-04-09,73.147,48,78.149,41,41.079,23,7.833,6,2.088,2
2015-04-10,47.883,31,75.370,49,24.780,15,18.641,11,14.206,10
2015-04-11,18.059,11,25.161,16,19.036,11,11.990,9,0.000,0
2015-04-12,12.594,8,0.000,0,0.000,0,4.500,4,0.000,0
2015-04-13,4.125,3,1.866,1,0.000,0,3.211,3,0.000,0
2015-04-14,15.979,11,18.602,8,2.066,1,2.667,1,19.776,12
2015-04-15,22.561,15,24.216,17,3.846,2,0.000,0,15.038,9
2015-04-16,8.184,5,8.410,5,5.233,4,0.000,0,29.614,16
2015-04-17,31.817,19,21.455,13,4.546,2,0.000,0,5.211,4
2015-04-18,7.378,6,10.882,5,1.083,1,1.366,1,0.000,0
2015-04-19,8.072,4,5.079,3,4.844,2,6.846,3,5.740,3
2015-04-20,1.333,1,5.798,4,4.137,3,3.274,2,23.562,17
2015-04-21,23.622,14,19.140,10,37.582,26,1.698,1,23.821,16
2015-04-22,90.701,58,70.945,42,87.637,58,19.335,12,56.864,35
2015-04-23,88.731,51,89.582,52,73.744,42,12.326,7,28.758,18
2015-04-24,8.465,7,6.403,5,3.510,2,1.744,1,0.000,0
2015-04-25,13.455,8,3.599,2,1.223,1,2.456,2,0.000,0
2015-04-26,82.506,52,60.234,38,42.280,26,55.857,30,11.257,7
2015-04-27,100.798,66,83.013,63,48.144,29,56.985,37,17.619,10
2015-04-28,68.105,44,39.693,25,33.895,21,12.875,7,14.692,9
2015-04-29,25.118,14,13.751,9,4.193,3,7.118,5,3.217,2
2015-04-30,27.613,18,2.349,2,5.012,4,1.905,1,2.320,2
2015-05-01,24.797,19,5.717,4,3.192,3,14.213,8,2.205,1
2015-05-02,28.022,15,7.490,5,3.257,2,6.280,3,0.000,0
2015-05-03,20.026,12,4.158,3,23.703,14,10.174,5,2.280,2
2015-05-04,18.362,14,4.632,3,3.978,3,0.000,0,3.924,3
2015-05-05,3.554,3,3.396,2,1.487,1,1.505,1,0.000,0
2015-05-06,17.848,10,1.573,1,0.000,0,2.774,2,0.000,0
2015-05-07,0.000,0,0.000,0,0.000,0,0.000,0,0.000,0
2015-05-08,2.244,2,2.960,2,0.000,0,0.000,0,2.732,2
2015-05-09,0.000,0,0.000,0,0.000,0,0.000,0,0.000,0
2015-05-10,0.000,0,0.000,0,0.000,0,0.000,0,0.000,0
2015-05-11,0.000,0,0.000,0,0.000,0,0.000,0,0.000,0
2015-05-12,11.925,6,0.000,0,0.000,0,0.000,0,0.000,0
2015-05-13,10.948,8,0.000,0,20.435,13,3.357,3,5.481,3
2015-05-14,10.068,7,0.000,0,34.122,23,3.420,3,5.939,5
2015-05-15,5.177,3,1.612,1,0.000,0,0.000,0,1.122,1
2015-05-16,1.487,1,1.276,1,0.000,0,0.000,0,1.208,1
2015-05-17,4.343,3,3.675,3,0.000,0,2.892,2,1.641,1
2015-05-18,6.524,4,1.140,1,4.819,3,4.718,3,2.474,2
2015-05-19,20.596,13,8.550,6,4.135,3,8.598,5,1.044,1
2015-05-20,3.675,2,0.000,0,1.684,1,0.000,0,0.000,0
2015-05-21,9.888,7,1.201,1,0.000,0,1.162,1,15.725,10
2015-05-22,27.053,16,12.162,8,6.973,4,1.566,1,15.941,11
2015-05-23,16.385,11,6.900,5,1.083,1,0.000,0,29.410,19
2015-05-24,24.447,15,5.835,4,3.368,2,9.954,7,118.206,76
2015-05-25,58.463,37,19.568,15,0.000,0,20.982,13,110.427,73
2015-05-26,30.911,20,3.874,2,0.000,0,6.856,6,51.867,35
2015-05-27,70.169,38,2.832,2,0.000,0,6.070,4,53.633,32
2015-05-28,0.000,0,0.000,0,0.000,0,0.000,0,0.000,0
2015-05-29,0.000,0,0.000,0,0.000,0,0.000,0,0.000,0
2015-05-30,3.894,3,0.000,0,0.000,0,0.000,0,0.000,0
2015-05-31,0.000,0,0.000,0,0.000,0,0.000,0,0.000,0
2015-06-01,0.000,0,0.000,0,0.000,0,0.000,0,0.000,0
2015-06-02,26.677,16,15.214,10,0.000,0,13.683,9,3.744,3
2015-06-03,52.616,31,4.485,4,0.000,0,3.249,3,0.000,0
2015-06-04,9.765,7,18.189,12,0.000,0,13.428,7,4.461,3
2015-06-05,71.973,47,18.609,15,5.509,5,3.088,2,4.133,4
2015-06-06,52.421,32,29.734,18,5.298,2,18.646,14,0.000,0
2015-06-07,44.527,31,13.798,10,4.775,3,13.647,10,22.048,16
2015-06-08,55.931,41,20.750,13,7.914,4,33.278,20,35.383,24
2015-06-09,44.791,29,14.536,8,10.952,4,3.315,3,22.782,16
2015-06-10,26.244,15,3.067,2,1.612,1,8.414,6,14.697,11
2015-06-11,20.918,14,1.412,1,2.759,2,4.093,3,26.435,18
2015-06-12,56.667,29,1.040,1,0.000,0,0.000,0,16.388,12
2015-06-13,0.000,0,0.000,0,0.000,0,0.000,0,0.000,0
2015-06-14,0.000,0,0.000,0,0.000,0,0.000,0,0.000,0
2015-06-15,0.000,0,0.000,0,0.000,0,0.000,0,0.000,0
2015-06-16,19.092,13,2.123,1,6.917,4,3.492,3,14.179,11
2015-06-17,0.000,0,0.000,0,0.000,0,0.000,0,13.729,10
2015-06-18,0.000,0,2.038,2,0.000,0,0.000,0,10.153,7
2015-06-19,5.098,3,0.000,0,3.782,2,1.051,1,1.573,1
2015-06-20,5.951,4,0.000,0,2.953,2,0.000,0,3.314,2
2015-06-21,8.076,5,4.276,3,0.000,0,2.388,2,0.000,0
2015-06-22,11.036,7,2.535,2,6.685,4,0.000,0,1.987,1
2015-06-23,22.105,10,3.461,2,0.000,0,0.000,0,0.000,0
2015-06-24,13.404,8,0.000,0,0.000,0,4.112,4,4.812,4
2015-06-25,12.222,8,0.000,0,0.000,0,0.000,0,7.592,5
2015-06-26,18.744,9,0.000,0,0.000,0,3.867,3,13.521,11
2015-06-27,27.685,19,2.609,2,0.000,0,3.174,3,1.702,1
2015-06-28,28.676,18,10.632,7,1.097,1,4.192,3,38.522,28
2015-06-29,26.405,19,8.564,7,1.433,1,16.622,12,30.996,26
2015-06-30,34.383,23,0.000,0,3.282,2,13.426,8,12.146,10
2015-07-01,57.889,36,0.000,0,0.000,0,3.468,2,18.644,11
2015-07-02,27.806,18,7.002,3,14.089,10,0.000,0,14.048,11
2015-07-03,52.463,37,11.788,8,27.137,19,11.914,5,6.634,6
2015-07-04,118.409,76,8.703,7,16.386,12,15.114,11,52.543,35
2015-07-05,170.851,107,25.226,16,22.499,13,28.391,19,239.749,162
2015-07-06,165.232,108,13.256,9,11.556,8,33.814,21,206.125,139
2015-07-07,27.251,18,15.653,13,1.684,1,0.000,0,5.415,5
2015-07-08,92.289,64,16.694,13,20.072,7,22.990,15,109.963,65
2015-07-09,27.275,25,0.000,0,0.000,0,14.550,10,92.496,69
2015-07-10,140.271,84,8.284,7,0.000,0,5.994,3,77.473,55
2015-07-11,111.557,69,19.377,12,30.137,21,5.181,3,76.570,56
2015-07-12,194.031,127,24.183,15,35.009,26,36.434,24,90.947,64
2015-07-13,82.581,57,6.456,6,28.923,18,17.610,12,86.235,54
2015-07-14,104.364,66,0.000,0,0.000,0,16.570,9,135.836,98
2015-07-15,40.587,27,20.408,15,0.000,0,3.454,2,7.864,6
2015-07-16,29.284,19,33.685,20,3.224,2,10.452,8,0.000,0
2015-07-17,55.473,40,7.206,6,0.000,0,13.876,6,3.174,2
2015-07-18,20.783,14,6.430,4,1.723,1,12.244,8,10.409,6
2015-07-19,38.888,26,10.208,8,21.507,15,36.873,26,7.504,6
2015-07-20,14.864,10,11.667,7,0.000,0,7.267,5,4.657,3
2015-07-21,7.263,5,1.587,1,3.993,2,4.622,3,1.326,1
2015-07-22,25.877,14,6.481,5,0.000,0,1.165,1,7.745,7
2015-07-23,19.574,14,3.497,3,4.761,3,3.461,3,10.169,8
2015-07-24,56.788,32,8.927,6,0.000,0,5.380,5,38.249,27
2015-07-25,29.672,20,6.009,5,2.849,2,3.989,3,63.160,46
2015-07-26,32.963,21,1.559,1,2.506,2,4.393,3,36.613,24
2015-07-27,17.006,12,1.108,1,1.702,1,6.563,5,25.011,18
2015-07-28,6.903,4,3.374,2,0.000,0,0.000,0,4.522,4
2015-07-29,2.345,1,11.241,8,0.000,0,0.000,0,1.158,1
2015-07-30,32.022,22,0.000,0,0.000,0,3.444,3,2.224,2
2015-07-31,11.804,8,3.978,3,0.000,0,14.550,9,0.000,0
2015-08-01,0.000,0,0.000,0,0.000,0,0.000,0,0.000,0
2015-08-02,0.000,0,0.000,0,0.000,0,0.000,0,0.000,0
2015-08-03,0.000,0,0.000,0,0.000,0,0.000,0,0.000,0
2015-08-04,0.000,0,0.000,0,0.000,0,0.000,0,0.000,0
2015-08-05,9.441,8,0.000,0,0.000,0,0.000,0,18.872,13
2015-08-06,5.429,5,0.000,0,0.000,0,4.815,4,15.818,10
2015-08-07,7.717,5,1.190,1,0.000,0,0.000,0,5.676,4
2015-08-08,16.331,10,0.000,0,0.000,0,0.000,0,3.936,3
2015-08-09,7.457,5,0.000,0,0.000,0,3.157,2,9.166,6
2015-08-10,2.374,2,1.709,1,1.473,1,0.000,0,0.000,0
2015-08-11,3.275,3,0.000,0,0.000,0,0.000,0,0.000,0
2015-08-12,0.000,0,0.000,0,0.000,0,0.000,0,0.000,0
2015-08-13,2.706,2,1.787,1,0.000,0,1.108,1,3.239,3
2015-08-14,5.824,5,2.152,2,1.090,1,1.169,1,2.331,2
2015-08-15,36.328,24,0.000,0,0.000,0,9.862,7,7.715,6
2015-08-16,25.071,16,0.000,0,7.682,4,4.944,4,1.026,1
2015-08-17,0.000,0,0.000,0,0.000,0,0.000,0,0.000,0
2015-08-18,0.000,0,0.000,0,0.000,0,0.000,0,0.000,0
2015-08-19,0.000,0,0.000,0,0.000,0,0.000,0,0.000,0
2015-08-20,0.000,0,0.000,0,0.000,0,0.000,0,0.000,0
2015-08-21,0.000,0,0.000,0,0.000,0,0.000,0,0.000,0
2015-08-22,15.329,10,3.318,3,5.766,4,4.509,3,25.572,17
2015-08-23,19.071,15,18.807,13,7.512,6,17.115,12,92.330,58
2015-08-24,23.455,18,9.713,7,17.411,11,2.520,2,32.118,23
2015-08-25,39.207,25,7.457,6,5.676,4,1.144,1,68.637,42
2015-08-26,31.137,20,11.969,8,6.859,4,3.610,2,8.158,6
2015-08-27,27.903,19,15.995,11,11.895,7,8.503,6,3.532,3
2015-08-28,44.677,29,30.696,21,6.478,3,6.955,5,5.101,3
2015-08-29,39.724,29,23.599,15,5.984,3,5.654,4,20.105,13
2015-08-30,26.231,18,24.879,17,17.294,12,4.418,3,59.545,42
2015-08-31,20.881,12,35.486,19,6.410,4,24.014,14,55.256,41
2015-09-01,0.000,0,0.000,0,0.000,0,0.000,0,0.000,0
2015-09-02,15.376,10,6.752,5,4.164,3,3.678,2,0.000,0
2015-09-03,18.474,13,5.834,4,4.819,3,6.091,3,0.000,0
2015-09-04,21.323,16,16.375,13,1.655,1,10.352,6,3.761,3
2015-09-05,16.124,12,8.514,7,2.845,2,6.366,5,0.000,0
2015-09-06,34.501,25,21.446,16,6.845,4,12.965,10,19.860,12
2015-09-07,19.591,14,14.262,9,5.334,3,5.577,4,6.002,5
2015-09-08,20.146,14,9.849,6,1.737,1,5.848,4,17.276,11
2015-09-09,16.374,7,2.323,1,1.548,1,17.193,12,1.727,1
2015-09-10,6.984,4,4.593,2,0.000,0,3.410,2,0.000,0
2015-09-11,5.559,4,2.513,1,0.000,0,0.000,0,9.559,6
2015-09-12,4.858,3,3.167,2,2.749,2,1.062,1,1.744,1
2015-09-13,6.106,4,2.227,2,0.000,0,2.502,1,5.011,3
2015-09-14,19.510,13,7.156,4,0.000,0,2.731,2,13.060,9
2015-09-15,12.607,9,8.811,5,8.399,5,6.178,4,7.368,3
2015-09-16,23.145,16,2.338,1,7.886,4,1.684,1,15.436,11
2015-09-17,7.070,6,0.000,0,1.373,1,4.272,3,11.736,8
2015-09-18,6.970,4,1.083,1,1.326,1,0.000,0,18.317,11
2015-09-19,0.000,0,0.000,0,0.000,0,0.000,0,0.000,0
2015-09-20,8.358,6,3.228,2,1.276,1,1.090,1,7.993,5
2015-09-21,3.589,2,7.119,6,4.968,3,1.205,1,4.429,3
2015-09-22,14.163,9,6.828,5,0.000,0,3.263,2,2.030,1
2015-09-23,18.238,13,11.099,7,26.808,16,2.530,2,0.000,0
2015-09-24,34.443,24,3.396,2,22.291,15,2.288,2,9.925,7
2015-09-25,16.220,12,13.234,8,5.520,4,9.994,8,10.366,6
2015-09-26,26.256,21,14.685,11,5.948,4,12.275,5,6.363,5
2015-09-27,28.705,19,6.972,4,21.764,16,20.734,18,14.814,10
2015-09-28,61.576,40,25.596,18,27.028,18,10.757,7,3.088,2
2015-09-29,33.405,25,37.174,25,14.524,10,4.860,4,71.847,46
2015-09-30,28.667,19,20.848,16,4.848,4,0.000,0,32.771,23
2015-10-01,31.432,20,31.172,20,26.468,20,5.492,4,64.092,44
2015-10-02,41.223,33,15.561,14,58.098,37,65.710,45,67.572,50
2015-10-03,23.592,21,58.465,40,23.840,15,0.000,0,51.871,38
2015-10-04,39.685,29,52.392,36,44.240,30,29.855,21,81.525,58
2015-10-05,53.254,34,98.395,57,86.660,66,52.941,41,255.988,168
2015-10-06,36.251,29,27.636,18,4.644,3,17.481,14,44.158,31
2015-10-07,43.883,26,18.653,10,0.000,0,7.548,6,10.404,8
2015-10-08,17.715,15,20.694,12,3.090,3,0.000,0,55.500,42
2015-10-09,80.797,53,16.485,10,18.896,10,17.037,13,120.710,83
2015-10-10,43.099,25,33.417,18,20.376,15,12.969,10,8.679,7
2015-10-11,40.101,27,27.705,18,35.960,26,29.630,22,2.180,2
2015-10-12,28.469,18,25.067,17,11.401,8,10.903,9,1.158,1
2015-10-13,26.375,17,21.432,12,1.559,1,6.556,5,1.916,1
2015-10-14,1.448,1,0.000,0,8.044,6,0.000,0,0.000,0
2015-10-15,7.917,5,0.000,0,4.677,4,9.385,8,0.000,0
2015-10-16,2.244,2,2.446,2,4.418,2,0.000,0,0.000,0
2015-10-17,13.150,10,11.565,7,8.827,6,6.736,4,4.388,4
2015-10-18,18.541,13,0.000,0,12.725,8,7.140,6,7.124,5
2015-10-19,15.434,11,2.446,2,12.877,9,3.760,3,5.233,4
2015-10-20,10.920,8,7.736,5,8.674,7,0.000,0,0.000,0
2015-10-21,19.237,12,0.000,0,37.900,22,4.323,3,0.000,0
2015-10-22,4.961,3,1.083,1,1.326,1,0.000,0,0.000,0
2015-10-23,8.950,6,2.045,1,17.065,10,0.000,0,2.652,2
2015-10-24,17.433,11,1.044,1,5.724,4,0.000,0,1.090,1
2015-10-25,2.088,2,18.006,12,0.000,0,17.090,11,2.244,2
2015-10-26,25.896,19,3.982,3,1.480,1,7.690,5,1.315,1
2015-10-27,25.056,16,3.360,2,2.706,2,1.909,1,1.498,1
2015-10-28,19.688,13,8.160,6,1.151,1,3.775,3,0.000,0
2015-10-29,2.160,2,16.629,13,0.000,0,0.000,0,19.366,13
2015-10-30,37.856,24,12.705,9,28.456,22,6.467,5,3.761,3
2015-10-31,29.815,18,8.425,6,44.444,26,3.829,3,6.180,4
2015-11-01,24.051,15,13.859,10,2.577,2,3.692,2,2.234,1
2015-11-02,10.370,8,14.966,10,6.341,4,20.773,16,6.856,4
2015-11-03,24.312,16,7.581,5,5.813,4,1.105,1,0.000,0
2015-11-04,15.484,11,5.563,4,1.026,1,4.125,2,1.366,1
2015-11-05,8.404,7,4.336,3,3.735,3,2.455,2,0.000,0
2015-11-06,22.560,14,3.872,3,10.271,8,3.836,3,3.160,3
2015-11-07,36.494,22,2.531,2,5.452,4,6.496,5,0.000,0
2015-11-08,8.540,5,7.766,7,8.452,4,1.905,1,2.038,2
