date,non_n,4sq_n,inst_n,job_n
2014-01-22,324,8,0,0
2014-01-23,4974,57,6,0
2014-01-24,4825,87,0,0
2014-01-25,4943,101,8,0
2014-01-26,5938,92,6,0
2014-01-27,6971,67,6,0
2014-01-28,5377,66,6,0
2014-01-29,5425,71,0,0
2014-01-30,4832,106,2,0
2014-01-31,4520,93,3,0
2014-02-01,4262,164,1,0
2014-02-02,6005,113,7,0
2014-02-03,8023,69,4,0
2014-02-04,4878,69,2,0
2014-02-05,5163,68,3,0
2014-02-06,4403,136,0,0
2014-02-07,4268,74,3,0
2014-02-08,4790,134,1,0
2014-02-09,4658,113,19,0
2014-02-10,4874,70,2,0
2014-02-11,4216,106,1,0
2014-02-12,4117,97,5,0
2014-02-13,4877,71,3,0
2014-02-14,4618,93,1,0
2014-02-15,5367,84,4,0
2014-02-16,4776,100,18,0
2014-02-17,4888,78,4,0
2014-02-18,5145,77,2,0
2014-02-19,4265,87,0,0
2014-02-20,3981,125,1,0
2014-02-21,4308,96,1,0
2014-02-22,4245,107,4,0
2014-02-23,4186,142,6,0
2014-02-24,4119,69,3,0
2014-02-25,4312,86,1,0
2014-02-26,3976,77,6,0
2014-02-27,4396,89,10,0
2014-02-28,4428,111,2,0
2014-03-01,4117,97,22,0
2014-03-02,4483,92,0,0
2014-03-03,5317,82,0,0
2014-03-04,3802,99,4,0
2014-03-05,3940,103,2,0
2014-03-06,3514,54,4,0
2014-03-07,4149,144,1,0
2014-03-08,3559,116,16,0
2014-03-09,3502,114,6,0
2014-03-10,3245,58,5,0
2014-03-11,3760,115,1,0
2014-03-12,3580,70,4,0
2014-03-13,3576,74,6,0
2014-03-14,4065,157,5,0
2014-03-15,4182,155,8,0
2014-03-16,5325,85,5,0
2014-03-17,4716,40,7,0
2014-03-18,4754,105,6,0
2014-03-19,4509,83,12,0
2014-03-20,5065,73,4,0
2014-03-21,6089,127,5,0
2014-03-22,5940,128,16,0
2014-03-23,5514,109,11,0
2014-03-24,4809,83,5,0
2014-03-25,5023,71,0,0
2014-03-26,4619,63,19,0
2014-03-27,4917,111,10,0
2014-03-28,5037,107,25,0
2014-03-29,4766,164,4,0
2014-03-30,4760,96,4,0
2014-03-31,6291,128,17,0
2014-04-01,4954,115,12,0
2014-04-02,4378,108,9,0
2014-04-03,5025,96,8,0
2014-04-04,4255,177,9,0
2014-04-05,4549,143,14,0
2014-04-06,5085,125,6,0
2014-04-07,4262,101,9,0
2014-04-08,4021,73,7,0
2014-04-09,4064,123,5,0
2014-04-10,4105,134,6,0
2014-04-11,3955,142,8,0
2014-04-12,4557,108,10,0
2014-04-13,4528,137,10,0
2014-04-14,4255,68,2,0
2014-04-15,4164,77,2,0
2014-04-16,4468,80,6,0
2014-04-17,4237,117,6,0
2014-04-18,4615,135,16,0
2014-04-19,4728,149,19,0
2014-04-20,5109,67,4,0
2014-04-21,3642,61,9,0
2014-04-22,4677,96,6,0
2014-04-23,4253,110,15,0
2014-04-24,4423,74,6,0
2014-04-25,4050,84,4,0
2014-04-26,4476,121,14,0
2014-04-27,3852,133,18,0
2014-04-28,3606,80,6,0
2014-04-29,4200,106,3,0
2014-04-30,3679,133,15,0
2014-05-01,3792,84,10,0
2014-05-02,4124,189,6,0
2014-05-03,4958,177,9,0
2014-05-04,4830,162,14,0
2014-05-05,3832,70,4,0
2014-05-06,3989,128,6,0
2014-05-07,3472,144,12,0
2014-05-08,3349,88,1,0
2014-05-09,4260,134,8,0
2014-05-10,4024,152,9,0
2014-05-11,4241,104,9,0
2014-05-12,3804,106,13,0
2014-05-13,3760,141,5,0
2014-05-14,4712,154,6,0
2014-05-15,3837,126,0,0
2014-05-16,3641,88,9,0
2014-05-17,3572,146,2,0
2014-05-18,3610,115,10,0
2014-05-19,3547,74,7,0
2014-05-20,3516,111,0,0
2014-05-21,3737,126,3,0
2014-05-22,3717,94,6,0
2014-05-23,3847,90,12,0
2014-05-24,3791,146,15,0
2014-05-25,3908,134,7,0
2014-05-26,3266,61,20,0
2014-05-27,3482,135,5,0
2014-05-28,3837,68,3,0
2014-05-29,3967,36,1,0
2014-05-30,3630,133,3,0
2014-05-31,3641,109,5,0
2014-06-01,3612,60,2,0
2014-06-02,3715,57,9,0
2014-06-03,3564,64,2,0
2014-06-04,3560,68,0,0
2014-06-05,3819,151,2,0
2014-06-06,4696,89,4,0
2014-06-07,4154,133,11,0
2014-06-08,4103,80,3,0
2014-06-09,3867,41,7,0
2014-06-10,4209,60,5,0
2014-06-11,4534,52,3,0
2014-06-12,4379,56,11,0
2014-06-13,4261,51,14,0
2014-06-14,4206,100,5,0
2014-06-15,3902,73,14,0
2014-06-16,4792,46,2,0
2014-06-17,4262,63,0,0
2014-06-18,4920,31,2,0
2014-06-19,5187,53,5,0
2014-06-20,4504,63,5,0
2014-06-21,4375,104,6,0
2014-06-22,5001,50,11,0
2014-06-23,3995,53,4,0
2014-06-24,4385,62,1,0
2014-06-25,4615,37,5,0
2014-06-26,4416,58,3,0
2014-06-27,4585,54,5,0
2014-06-28,4787,79,8,0
2014-06-29,4474,52,6,0
2014-06-30,5490,44,8,0
2014-07-01,5528,58,3,0
2014-07-02,4389,68,5,0
2014-07-03,4627,75,2,0
2014-07-04,5483,132,10,0
2014-07-05,5657,156,5,0
2014-07-06,4669,141,12,0
2014-07-07,4141,67,4,0
2014-07-08,4349,53,6,0
2014-07-09,4065,43,4,0
2014-07-10,3882,54,2,0
2014-07-11,4301,41,5,0
2014-07-12,3750,85,11,0
2014-07-13,4076,45,2,0
2014-07-14,4175,57,5,0
2014-07-15,3927,53,4,0
2014-07-16,3792,57,10,0
2014-07-17,4015,64,0,0
2014-07-18,4227,58,2,0
2014-07-19,3855,96,4,0
2014-07-20,4242,58,11,0
2014-07-21,4116,42,2,0
2014-07-22,4422,76,8,0
2014-07-23,4704,54,7,0
2014-07-24,4278,52,7,0
2014-07-25,3852,22,8,0
2014-07-26,3686,40,11,0
2014-07-27,4159,40,8,0
2014-07-28,3827,25,3,0
2014-07-29,3825,14,0,0
2014-07-30,4070,24,5,0
2014-07-31,4148,24,1,0
2014-08-01,4284,31,0,0
2014-08-02,3817,68,6,0
2014-08-03,4337,33,5,0
2014-08-04,3963,30,12,0
2014-08-05,4400,33,2,0
2014-08-06,4564,20,5,0
2014-08-07,4101,34,5,0
2014-08-08,4055,53,16,0
2014-08-09,4081,49,5,0
2014-08-10,4640,50,11,0
2014-08-11,4326,58,2,0
2014-08-12,4423,32,3,0
2014-08-13,3919,44,2,0
2014-08-14,3926,34,5,0
2014-08-15,116,2,0,0
2014-08-16,0,0,0,0
2014-08-17,0,0,0,0
2014-08-18,0,0,0,0
2014-08-19,0,0,0,0
2014-08-20,0,0,0,0
2014-08-21,717,17,3,0
2014-08-22,3330,24,9,0
2014-08-23,0,0,0,0
2014-08-24,0,0,0,0
2014-08-25,0,0,0,0
2014-08-26,0,0,0,0
2014-08-27,402,4,0,0
2014-08-28,3861,27,5,0
2014-08-29,3860,44,7,0
2014-08-30,4771,87,7,0
2014-08-31,3649,44,10,0
2014-09-01,3481,33,6,0
2014-09-02,3461,32,0,0
2014-09-03,3854,35,8,0
2014-09-04,3622,21,5,0
2014-09-05,2467,30,3,0
2014-09-06,0,0,0,0
2014-09-07,0,0,0,0
2014-09-08,0,0,0,0
2014-09-09,0,0,0,0
2014-09-10,0,0,0,0
2014-09-11,0,0,0,0
2014-09-12,0,0,0,0
2014-09-13,0,0,0,0
2014-09-14,0,0,0,0
2014-09-15,0,0,0,0
2014-09-16,0,0,0,0
2014-09-17,0,0,0,0
2014-09-18,0,0,0,0
2014-09-19,0,0,0,0
2014-09-20,0,0,0,0
2014-09-21,0,0,0,0
2014-09-22,0,0,0,0
2014-09-23,0,0,0,0
2014-09-24,0,0,0,0
2014-09-25,0,0,0,0
2014-09-26,0,0,0,0
2014-09-27,0,0,0,0
2014-09-28,0,0,0,0
2014-09-29,149,3,1,0
2014-09-30,2611,29,2,0
2014-10-01,3109,42,1,0
2014-10-02,3381,32,3,0
2014-10-03,2693,33,4,0
2014-10-04,2586,42,11,0
2014-10-05,2992,52,6,0
2014-10-06,2443,27,3,0
2014-10-07,2410,31,2,0
2014-10-08,2512,20,0,0
2014-10-09,2871,27,1,0
2014-10-10,2901,36,5,0
2014-10-11,2302,61,11,0
2014-10-12,2736,46,11,0
2014-10-13,2496,27,8,0
2014-10-14,2414,36,2,0
2014-10-15,2334,23,2,0
2014-10-16,2729,28,9,0
2014-10-17,2718,28,3,0
2014-10-18,1549,24,2,0
2014-10-19,0,0,0,0
2014-10-20,796,9,4,0
2014-10-21,2793,25,5,0
2014-10-22,2328,24,7,0
2014-10-23,2358,41,4,0
2014-10-24,2623,35,5,0
2014-10-25,2793,52,15,0
2014-10-26,3316,47,12,0
2014-10-27,2271,13,2,0
2014-10-28,2642,47,4,0
2014-10-29,2345,29,2,0
2014-10-30,2399,30,19,0
2014-10-31,2616,27,4,0
2014-11-01,2810,33,9,0
2014-11-02,2727,29,8,0
2014-11-03,2827,19,12,0
2014-11-04,2097,35,2,0
2014-11-05,2569,21,12,0
2014-11-06,2432,30,1,0
2014-11-07,2123,26,1,0
2014-11-08,2574,51,3,0
2014-11-09,534,9,0,0
2014-11-10,1448,9,0,0
2014-11-11,2455,29,1,0
2014-11-12,2361,22,1,0
2014-11-13,2689,29,4,0
2014-11-14,2209,24,0,0
2014-11-15,2763,40,8,0
2014-11-16,2966,53,8,0
2014-11-17,2280,14,0,0
2014-11-18,2895,16,5,0
2014-11-19,1875,16,3,0
2014-11-20,274,8,0,0
2014-11-21,2768,21,0,0
2014-11-22,3386,51,2,0
2014-11-23,2611,24,3,0
2014-11-24,2849,14,1,0
2014-11-25,2947,13,2,0
2014-11-26,2288,19,1,0
2014-11-27,2558,13,2,0
2014-11-28,2003,20,11,0
2014-11-29,2608,47,6,0
2014-11-30,3005,23,6,0
2014-12-01,2332,18,6,0
2014-12-02,2382,15,3,0
2014-12-03,2743,21,3,0
2014-12-04,2379,26,2,0
2014-12-05,2580,29,1,0
2014-12-06,3062,50,11,0
2014-12-07,3603,35,4,0
2014-12-08,2708,22,1,0
2014-12-09,3000,24,2,0
2014-12-10,2854,14,6,0
2014-12-11,2529,21,0,0
2014-12-12,145,2,0,0
2014-12-13,1089,3,3,0
2014-12-14,3060,21,6,0
2014-12-15,2715,19,1,0
2014-12-16,2644,24,0,0
2014-12-17,2479,18,2,0
2014-12-18,2568,20,6,0
2014-12-19,2525,29,8,0
2014-12-20,2619,41,6,0
2014-12-21,3483,39,1,0
2014-12-22,2150,16,6,0
2014-12-23,2413,16,6,0
2014-12-24,2668,17,1,0
2014-12-25,2474,11,4,0
2014-12-26,2118,27,11,0
2014-12-27,2418,34,14,0
2014-12-28,2543,32,10,0
2014-12-29,3061,23,2,0
2014-12-30,2056,16,0,0
2014-12-31,2158,25,3,0
2015-01-01,2987,33,2,0
2015-01-02,2723,31,6,0
2015-01-03,2984,30,5,0
2015-01-04,3985,37,8,0
2015-01-05,3139,14,0,0
2015-01-06,2400,20,0,0
2015-01-07,2165,25,3,0
2015-01-08,2639,21,0,0
2015-01-09,2255,11,2,0
2015-01-10,2515,37,9,0
2015-01-11,2674,26,1,0
2015-01-12,2303,13,1,0
2015-01-13,2489,31,6,0
2015-01-14,2435,23,4,0
2015-01-15,2418,26,3,0
2015-01-16,2151,23,0,0
2015-01-17,2213,24,8,0
2015-01-18,2857,31,2,0
2015-01-19,2255,22,4,0
2015-01-20,2142,29,0,0
2015-01-21,2742,19,1,0
2015-01-22,2147,27,0,0
2015-01-23,2059,24,0,0
2015-01-24,1984,36,5,0
2015-01-25,2059,53,11,0
2015-01-26,2329,12,6,0
2015-01-27,1934,20,5,0
2015-01-28,2035,29,7,0
2015-01-29,2043,21,1,0
2015-01-30,1998,38,6,0
2015-01-31,2247,50,0,0
2015-02-01,2492,33,7,0
2015-02-02,3843,24,0,0
2015-02-03,2109,18,0,0
2015-02-04,1916,24,1,0
2015-02-05,2018,18,0,0
2015-02-06,2256,39,2,0
2015-02-07,2895,50,8,0
2015-02-08,2622,46,1,0
2015-02-09,3154,17,4,0
2015-02-10,2219,21,5,0
2015-02-11,2355,23,3,0
2015-02-12,2512,17,2,0
2015-02-13,2834,21,2,0
2015-02-14,2681,33,10,0
2015-02-15,2818,26,8,0
2015-02-16,2656,21,4,0
2015-02-17,2528,31,3,0
2015-02-18,2526,31,2,0
2015-02-19,2667,20,2,0
2015-02-20,2520,32,7,0
2015-02-21,2747,35,2,0
2015-02-22,2757,31,6,0
2015-02-23,2570,11,1,0
2015-02-24,1926,26,1,0
2015-02-25,2005,31,3,0
2015-02-26,2033,48,2,0
2015-02-27,2185,24,1,0
2015-02-28,2100,54,6,0
2015-03-01,2489,42,23,0
2015-03-02,2141,25,4,0
2015-03-03,2179,22,1,0
2015-03-04,1986,31,0,0
2015-03-05,2462,14,0,0
2015-03-06,2222,15,5,0
2015-03-07,2240,41,10,0
2015-03-08,2428,47,0,0
2015-03-09,1894,22,3,0
2015-03-10,2226,29,0,0
2015-03-11,2328,14,3,0
2015-03-12,2653,34,3,0
2015-03-13,2559,25,2,0
2015-03-14,5516,80,21,0
2015-03-15,9551,122,9,0
2015-03-16,4246,37,0,0
2015-03-17,3688,23,6,0
2015-03-18,3179,37,5,0
2015-03-19,1706,14,1,0
2015-03-20,2343,25,4,0
2015-03-21,2499,59,9,0
2015-03-22,3817,56,4,0
2015-03-23,3351,8,4,0
2015-03-24,0,0,0,0
2015-03-25,6121,53,5,0
2015-03-26,5798,61,12,37
2015-03-27,3056,18,0,0
2015-03-28,2207,39,18,36
2015-03-29,1504,22,3,1
2015-03-30,572,0,0,10
2015-03-31,225,0,0,2
2015-04-01,166,0,0,0
2015-04-02,409,3,2,0
2015-04-03,510,9,0,0
2015-04-04,386,5,0,0
2015-04-05,366,7,0,0
2015-04-06,66,0,0,0
2015-04-07,863,10,3,0
2015-04-08,2719,23,2,0
2015-04-09,2664,30,2,0
2015-04-10,1104,7,2,0
2015-04-11,301,6,0,0
2015-04-12,295,2,2,0
2015-04-13,365,7,2,0
2015-04-14,620,8,0,0
2015-04-15,488,1,0,0
2015-04-16,603,2,0,0
2015-04-17,179,1,1,0
2015-04-18,175,2,0,0
2015-04-19,292,7,0,0
2015-04-20,900,13,10,0
2015-04-21,3196,19,4,0
2015-04-22,3152,23,6,0
2015-04-23,227,2,0,0
2015-04-24,342,4,0,0
2015-04-25,3337,28,10,0
2015-04-26,4869,39,9,0
2015-04-27,2520,16,4,0
2015-04-28,666,14,2,0
2015-04-29,698,31,5,0
2015-04-30,844,34,4,0
2015-05-01,707,21,2,0
2015-05-02,526,7,0,0
2015-05-03,402,7,0,0
2015-05-04,104,9,0,0
2015-05-05,119,2,0,0
2015-05-06,0,0,0,0
2015-05-07,106,4,0,0
2015-05-08,0,0,0,0
2015-05-09,0,0,0,0
2015-05-10,0,0,0,0
2015-05-11,336,10,0,0
2015-05-12,164,5,0,0
2015-05-13,196,0,0,0
2015-05-14,128,5,2,0
2015-05-15,122,16,0,0
2015-05-16,103,10,0,0
2015-05-17,339,11,5,0
2015-05-18,612,15,5,0
2015-05-19,151,1,0,0
2015-05-20,275,10,0,0
2015-05-21,798,20,4,0
2015-05-22,763,54,3,0
2015-05-23,1246,36,19,0
2015-05-24,1587,49,20,0
2015-05-25,1103,27,12,0
2015-05-26,1035,31,7,0
2015-05-27,0,0,0,0
2015-05-28,0,0,0,0
2015-05-29,30,0,0,0
2015-05-30,0,0,0,0
2015-05-31,1713,54,9,52
2015-06-01,1603,40,6,66
2015-06-02,1468,43,0,70
2015-06-03,1190,34,10,59
2015-06-04,1501,51,7,77
2015-06-05,1332,44,6,56
2015-06-06,1490,90,19,42
2015-06-07,2065,78,22,63
2015-06-08,1189,22,22,42
2015-06-09,686,26,2,33
2015-06-10,555,29,3,32
2015-06-11,572,23,1,26
2015-06-12,0,0,0,0
2015-06-13,0,0,0,0
2015-06-14,0,0,0,0
2015-06-15,498,6,2,38
2015-06-16,203,2,0,16
2015-06-17,159,2,0,8
2015-06-18,190,5,2,10
2015-06-19,160,10,0,8
2015-06-20,201,10,0,4
2015-06-21,133,7,2,10
2015-06-22,147,2,0,15
2015-06-23,278,20,0,15
2015-06-24,327,25,4,20
2015-06-25,308,4,1,19
2015-06-26,429,9,1,107
2015-06-27,800,33,14,125
2015-06-28,1145,57,22,157
2015-06-29,1174,34,4,228
2015-06-30,1135,44,11,306
2015-07-01,1169,22,7,213
2015-07-02,1125,24,14,187
2015-07-03,1970,113,20,292
2015-07-04,3282,137,38,327
2015-07-05,3338,89,46,311
2015-07-06,1884,83,28,466
2015-07-07,2355,75,17,454
2015-07-08,2007,156,31,307
2015-07-09,2112,200,7,318
2015-07-10,2265,177,5,199
2015-07-11,2820,184,6,225
2015-07-12,2227,228,30,192
2015-07-13,2282,115,14,251
2015-07-14,1046,41,6,236
2015-07-15,967,86,14,193
2015-07-16,1306,46,4,262
2015-07-17,1082,35,3,192
2015-07-18,1145,51,14,158
2015-07-19,525,24,11,73
2015-07-20,471,19,9,87
2015-07-21,671,28,9,129
2015-07-22,686,29,7,171
2015-07-23,1332,78,8,322
2015-07-24,1106,62,7,190
2015-07-25,658,20,9,55
2015-07-26,685,39,3,111
2015-07-27,317,8,1,114
2015-07-28,445,9,0,113
2015-07-29,802,28,0,175
2015-07-30,534,19,3,148
2015-07-31,109,0,0,8
2015-08-01,0,0,0,0
2015-08-02,0,0,0,0
2015-08-03,0,0,0,0
2015-08-04,292,9,0,63
2015-08-05,304,3,0,90
2015-08-06,181,5,0,38
2015-08-07,302,17,0,76
2015-08-08,155,7,0,35
2015-08-09,66,2,0,22
2015-08-10,59,1,0,25
2015-08-11,20,1,0,0
2015-08-12,260,10,2,48
2015-08-13,440,26,6,58
2015-08-14,760,32,8,147
2015-08-15,672,16,6,85
2015-08-16,0,0,0,0
2015-08-17,0,0,0,0
2015-08-18,0,0,0,0
2015-08-19,0,0,0,0
2015-08-20,0,0,0,0
2015-08-21,665,47,15,78
2015-08-22,1289,65,22,192
2015-08-23,1520,73,23,180
2015-08-24,905,23,9,132
2015-08-25,874,29,4,197
2015-08-26,813,29,3,139
2015-08-27,931,41,12,117
2015-08-28,1426,68,18,193
2015-08-29,1610,89,31,131
2015-08-30,1259,49,29,127
2015-08-31,672,25,4,130
2015-09-01,509,20,6,123
2015-09-02,567,16,5,92
2015-09-03,1079,15,6,188
2015-09-04,944,33,13,110
2015-09-05,1212,36,10,100
2015-09-06,858,22,5,97
2015-09-07,1005,33,9,121
2015-09-08,578,15,4,151
2015-09-09,149,1,3,28
2015-09-10,351,9,0,82
2015-09-11,143,7,2,19
2015-09-12,183,0,1,27
2015-09-13,541,8,2,95
2015-09-14,388,7,5,106
2015-09-15,571,18,1,174
2015-09-16,251,9,2,37
2015-09-17,261,8,4,54
2015-09-18,46,1,0,7
2015-09-19,294,6,5,41
2015-09-20,163,1,4,11
2015-09-21,623,23,10,87
2015-09-22,962,27,18,144
2015-09-23,1249,47,2,261
2015-09-24,1234,28,16,204
2015-09-25,1067,45,15,103
2015-09-26,1393,46,38,86
2015-09-27,1810,56,34,145
2015-09-28,1584,36,12,114
2015-09-29,2037,28,25,179
2015-09-30,1939,80,16,113
2015-10-01,3134,99,65,165
2015-10-02,4246,113,51,87
2015-10-03,3588,149,40,242
2015-10-04,3217,108,65,238
2015-10-05,1865,56,12,276
2015-10-06,940,16,6,83
2015-10-07,1239,22,21,111
2015-10-08,2596,40,19,216
2015-10-09,1510,45,12,159
2015-10-10,1960,51,30,143
2015-10-11,1102,57,13,162
2015-10-12,1059,19,13,220
2015-10-13,179,14,7,31
2015-10-14,564,11,0,172
2015-10-15,93,4,0,16
2015-10-16,548,24,0,151
2015-10-17,618,50,0,92
2015-10-18,599,32,2,72
2015-10-19,436,14,2,110
2015-10-20,461,32,2,136
2015-10-21,137,8,3,36
2015-10-22,435,14,0,101
2015-10-23,429,15,3,72
2015-10-24,362,20,6,29
2015-10-25,884,27,5,143
2015-10-26,766,26,5,135
2015-10-27,689,20,3,118
2015-10-28,747,31,4,112
2015-10-29,1222,38,4,205
2015-10-30,932,29,2,158
2015-10-31,825,42,18,94
2015-11-01,1102,33,31,65
2015-11-02,758,24,23,131
2015-11-03,655,21,17,117
2015-11-04,403,15,7,52
2015-11-05,465,5,2,45
2015-11-06,562,28,6,73
2015-11-07,408,23,5,44
