doy,pos_n,neg_n,avg_senti
1,597,345,219.268
2,417,370,96.245
3,438,431,74.189
4,601,625,85.476
5,342,454,-31.848
6,317,387,26.498
7,337,302,80.110
8,406,434,68.096
9,279,320,42.153
10,369,358,80.708
11,418,380,102.146
12,334,328,82.764
13,377,378,86.888
14,624,284,205.316
15,517,314,141.612
16,313,312,54.916
17,356,255,120.475
18,473,418,98.738
19,387,277,124.372
20,305,281,74.829
21,332,378,63.107
22,346,343,79.998
23,965,1068,131.623
24,1014,961,218.455
25,1094,994,247.737
26,1224,1225,233.334
27,1463,1251,418.066
28,1045,1097,210.368
29,1067,1186,134.104
30,991,965,229.014
31,1000,836,286.888
32,1126,845,337.078
33,1601,1440,362.012
34,1645,1526,372.862
35,1001,917,259.067
36,964,1080,144.353
37,1103,899,283.198
38,1004,968,257.850
39,1120,1014,259.996
40,1257,1069,309.031
41,1049,945,263.736
42,873,963,151.439
43,943,863,232.834
44,1267,1056,313.278
45,1311,839,495.157
46,1368,1057,380.300
47,1192,952,347.631
48,1028,1081,212.018
49,1091,1166,163.556
50,1018,941,233.718
51,934,896,200.959
52,1104,894,306.210
53,1131,849,364.964
54,1046,918,250.328
55,812,884,146.936
56,848,927,145.744
57,847,844,190.097
58,932,909,213.634
59,956,847,275.859
60,1143,776,386.039
61,945,977,163.499
62,1230,1024,360.435
63,757,787,146.365
64,886,921,180.528
65,846,777,211.550
66,1022,862,257.412
67,984,704,313.899
68,892,703,252.671
69,863,688,255.028
70,994,755,291.962
71,940,848,224.956
72,948,802,269.263
73,1564,1098,520.662
74,2370,1727,721.439
75,1541,1390,367.075
76,1188,1247,220.825
77,1075,1043,224.828
78,834,932,133.250
79,1109,1006,261.072
80,1248,1234,265.426
81,1569,1342,402.744
82,1348,1261,294.005
83,724,703,136.749
84,1529,1639,286.663
85,1299,1391,279.615
86,1121,1058,285.370
87,1089,963,284.137
88,1010,797,268.434
89,826,764,209.652
90,1033,782,303.503
91,703,720,160.316
92,671,646,143.273
93,802,759,185.336
94,670,593,148.182
95,793,554,264.426
96,877,739,199.903
97,727,766,159.514
98,970,899,230.436
99,927,846,229.794
100,819,654,238.568
101,682,527,188.327
102,757,656,195.132
103,806,629,276.587
104,691,658,169.026
105,618,610,131.171
106,767,660,220.677
107,695,567,183.155
108,831,643,244.502
109,838,601,247.772
110,1020,786,339.395
111,986,911,231.056
112,1235,980,380.691
113,692,569,207.682
114,688,560,215.009
115,1076,892,307.020
116,1444,1104,433.821
117,1061,787,341.052
118,613,523,181.684
119,644,703,111.614
120,593,534,157.873
121,661,605,162.230
122,668,570,182.920
123,800,646,235.954
124,733,622,204.347
125,553,459,159.493
126,589,512,155.925
127,534,447,151.433
128,545,408,180.701
129,676,542,200.027
130,612,546,151.662
131,780,579,249.075
132,558,548,117.872
133,612,513,187.127
134,642,717,82.296
135,533,554,116.766
136,491,451,124.624
137,610,487,168.372
138,691,466,232.520
139,580,507,131.584
140,558,470,167.627
141,641,585,160.274
142,638,534,192.298
143,733,516,241.266
144,865,488,328.431
145,781,543,254.265
146,635,567,159.230
147,428,539,52.651
148,506,501,88.838
149,553,570,97.978
150,536,521,119.761
151,837,621,259.037
152,757,609,258.784
153,746,667,196.612
154,630,562,161.436
155,697,613,180.788
156,701,569,214.925
157,998,666,356.509
158,1084,604,434.462
159,838,625,270.627
160,707,586,184.155
161,687,604,198.624
162,725,684,150.252
163,594,552,152.711
164,593,589,124.630
165,699,535,221.185
166,736,472,272.365
167,732,715,144.048
168,626,617,142.880
169,740,703,131.285
170,759,780,132.232
171,724,664,159.069
172,679,604,161.514
173,853,705,207.548
174,584,485,154.862
175,594,636,119.468
176,751,649,200.655
177,719,570,199.859
178,854,543,302.901
179,895,671,261.892
180,768,656,202.995
181,987,935,215.319
182,925,868,230.612
183,771,568,263.831
184,929,624,365.722
185,1575,656,708.831
186,1511,751,632.387
187,1014,610,389.979
188,918,714,350.004
189,912,816,208.883
190,862,716,271.871
191,847,741,256.538
192,1190,704,434.316
193,849,617,325.880
194,979,748,288.619
195,733,713,142.091
196,720,598,200.794
197,755,628,226.129
198,688,627,193.354
199,779,605,248.679
200,724,502,224.765
201,652,512,205.770
202,673,617,163.121
203,778,630,232.293
204,867,644,274.018
205,831,707,201.096
206,655,568,175.054
207,631,506,173.578
208,603,492,179.496
209,628,558,160.473
210,649,556,180.378
211,590,560,154.390
212,597,516,180.237
213,618,538,152.494
214,578,597,88.831
215,600,691,71.445
216,630,550,163.907
217,686,680,140.916
218,664,654,125.914
219,674,522,236.309
220,610,598,126.709
221,631,518,173.836
222,665,620,176.737
223,572,647,95.611
224,627,619,121.051
225,663,531,205.921
226,658,569,212.599
227,110,39,66.078
228,0,0,0.000
229,0,0,0.000
230,0,0,0.000
231,0,0,0.000
232,0,0,0.000
233,157,110,58.559
234,749,598,194.152
235,212,54,129.626
236,168,40,87.803
237,108,38,62.030
238,108,45,58.088
239,178,116,64.453
240,687,551,226.842
241,768,516,283.441
242,967,601,355.769
243,596,465,194.570
244,532,542,96.705
245,503,578,83.320
246,624,629,160.203
247,530,578,119.059
248,583,396,222.996
249,109,30,72.949
250,118,40,76.560
251,69,17,55.319
252,16,6,9.710
253,34,27,18.658
254,23,8,11.552
255,33,7,18.348
256,61,11,42.737
257,58,11,40.997
258,78,26,45.282
259,37,8,23.856
260,41,17,18.781
261,4,1,3.854
262,39,12,22.012
263,36,7,20.167
264,73,36,38.038
265,121,58,71.709
266,129,102,70.564
267,152,72,79.949
268,169,65,88.995
269,324,49,169.900
270,309,92,159.911
271,241,121,100.701
272,234,210,64.388
273,614,533,189.918
274,842,563,312.962
275,919,773,283.764
276,837,569,313.136
277,1017,427,454.370
278,714,509,239.773
279,440,401,125.545
280,484,439,123.977
281,706,551,244.542
282,648,498,184.492
283,748,482,252.404
284,549,270,242.231
285,585,422,196.645
286,338,400,61.825
287,450,360,135.798
288,365,325,108.859
289,496,347,180.597
290,487,367,171.063
291,342,209,138.338
292,64,10,42.138
293,197,98,86.728
294,408,385,91.052
295,389,344,120.239
296,374,370,95.951
297,423,341,136.216
298,538,364,188.955
299,589,494,172.770
300,403,355,122.705
301,440,410,115.787
302,515,388,175.256
303,546,353,197.451
304,618,383,241.878
305,630,452,210.064
306,519,396,183.172
307,462,389,154.013
308,377,289,127.047
309,467,354,140.073
310,433,370,123.406
311,355,282,122.727
312,436,305,149.396
313,89,57,32.436
314,218,170,57.748
315,364,345,99.099
316,334,334,72.316
317,359,383,82.497
318,344,281,90.960
319,439,333,137.314
320,543,369,176.344
321,316,315,82.235
322,427,454,73.257
323,247,273,51.502
324,44,32,16.290
325,417,317,138.189
326,521,382,187.326
327,391,361,91.690
328,456,420,102.982
329,396,512,30.492
330,292,348,59.884
331,608,291,270.654
332,312,276,90.743
333,402,295,135.101
334,435,367,117.468
335,336,353,67.454
336,306,334,74.349
337,362,386,73.226
338,319,348,53.569
339,330,371,68.594
340,450,381,158.447
341,585,479,138.750
342,389,378,87.814
343,451,389,119.978
344,406,386,93.110
345,368,314,105.449
346,22,15,9.463
347,192,115,70.439
348,513,349,158.831
349,383,382,84.714
350,387,368,98.613
351,361,364,82.983
352,353,289,119.815
353,390,341,107.853
354,418,357,104.134
355,605,511,143.175
356,305,269,96.563
357,361,294,121.132
358,466,354,132.665
359,598,263,244.452
360,344,274,98.231
361,363,323,89.139
362,376,328,102.117
363,419,464,41.772
364,277,269,51.340
365,333,302,82.687
