doy,non,4sq,inst,job
1,2987,33,2,0
2,2723,31,6,0
3,2984,30,5,0
4,3985,37,8,0
5,3139,14,0,0
6,2400,20,0,0
7,2165,25,3,0
8,2639,21,0,0
9,2255,11,2,0
10,2515,37,9,0
11,2674,26,1,0
12,2303,13,1,0
13,2489,31,6,0
14,2435,23,4,0
15,2418,26,3,0
16,2151,23,0,0
17,2213,24,8,0
18,2857,31,2,0
19,2255,22,4,0
20,2142,29,0,0
21,2742,19,1,0
22,2471,35,0,0
23,7033,81,6,0
24,6809,123,5,0
25,7002,154,19,0
26,8267,104,12,0
27,8905,87,11,0
28,7412,95,13,0
29,7468,92,1,0
30,6830,144,8,0
31,6767,143,3,0
32,6754,197,8,0
33,9848,137,7,0
34,10132,87,4,0
35,6794,93,3,0
36,7181,86,3,0
37,6659,175,2,0
38,7163,124,11,0
39,7412,180,2,0
40,7812,130,23,0
41,7093,91,7,0
42,6571,129,4,0
43,6629,114,7,0
44,7711,92,5,0
45,7299,126,11,0
46,8185,110,12,0
47,7432,121,22,0
48,7416,109,7,0
49,7671,108,4,0
50,6932,107,2,0
51,6501,157,8,0
52,7055,131,3,0
53,7002,138,10,0
54,6756,153,7,0
55,6045,95,4,0
56,6317,117,4,0
57,6009,125,8,0
58,6581,113,11,0
59,6528,165,8,0
60,6606,139,45,0
61,6624,117,4,0
62,7496,104,1,0
63,5788,130,4,0
64,6402,117,2,0
65,5736,69,9,0
66,6389,185,11,0
67,5987,163,16,0
68,5396,136,9,0
69,5471,87,5,0
70,6088,129,4,0
71,6233,104,7,0
72,6135,99,8,0
73,9581,237,26,0
74,13733,277,17,0
75,9571,122,5,0
76,8404,63,13,0
77,7933,142,11,0
78,6215,97,13,0
79,7408,98,8,0
80,8588,186,14,0
81,9757,184,20,0
82,8865,117,15,0
83,4809,83,5,0
84,11144,124,5,0
85,10417,124,31,37
86,7973,129,10,0
87,7244,146,43,36
88,6270,186,7,1
89,5332,96,4,10
90,6516,128,17,2
91,5120,115,12,0
92,4787,111,11,0
93,5535,105,8,0
94,4641,182,9,0
95,4915,150,14,0
96,5151,125,6,0
97,5125,111,12,0
98,6740,96,9,0
99,6728,153,7,0
100,5209,141,8,0
101,4256,148,8,0
102,4852,110,12,0
103,4893,144,12,0
104,4875,76,2,0
105,4652,78,2,0
106,5071,82,6,0
107,4416,118,7,0
108,4790,137,16,0
109,5020,156,19,0
110,6009,80,14,0
111,6838,80,13,0
112,7829,119,12,0
113,4480,112,15,0
114,4765,78,6,0
115,7387,112,14,0
116,9345,160,23,0
117,6372,149,22,0
118,4272,94,8,0
119,4898,137,8,0
120,4523,167,19,0
121,4499,105,12,0
122,4650,196,6,0
123,5360,184,9,0
124,4934,171,14,0
125,3951,72,4,0
126,3989,128,6,0
127,3578,148,12,0
128,3349,88,1,0
129,4260,134,8,0
130,4024,152,9,0
131,4577,114,9,0
132,3968,111,13,0
133,3956,141,5,0
134,4840,159,8,0
135,3959,142,0,0
136,3744,98,9,0
137,3911,157,7,0
138,4222,130,15,0
139,3698,75,7,0
140,3791,121,0,0
141,4535,146,7,0
142,4480,148,9,0
143,5093,126,31,0
144,5378,195,35,0
145,5011,161,19,0
146,4301,92,27,0
147,3482,135,5,0
148,3837,68,3,0
149,3997,36,1,0
150,3630,133,3,0
151,5354,163,14,52
152,5215,100,8,66
153,5183,100,9,70
154,4754,98,12,59
155,5061,119,7,77
156,5151,195,8,56
157,6186,179,23,42
158,6219,211,33,63
159,5292,102,25,42
160,4553,67,9,33
161,4764,89,8,32
162,5106,75,4,26
163,4379,56,11,0
164,4261,51,14,0
165,4206,100,5,0
166,4400,79,16,38
167,4995,48,2,16
168,4421,65,0,8
169,5110,36,4,10
170,5347,63,5,8
171,4705,73,5,4
172,4508,111,8,10
173,5148,52,11,15
174,4273,73,4,15
175,4712,87,5,20
176,4923,41,6,19
177,4845,67,4,107
178,5385,87,19,125
179,5932,136,30,157
180,5648,86,10,228
181,6625,88,19,306
182,6697,80,10,213
183,5514,92,19,187
184,6597,188,22,292
185,8765,269,48,327
186,8995,245,51,311
187,6553,224,40,466
188,6496,142,21,454
189,6356,209,37,307
190,6177,243,11,318
191,6147,231,7,199
192,7121,225,11,225
193,5977,313,41,192
194,6358,160,16,251
195,5221,98,11,236
196,4894,139,18,193
197,5098,103,14,262
198,5097,99,3,192
199,5372,109,16,158
200,4380,120,15,73
201,4713,77,20,87
202,4787,70,11,129
203,5108,105,15,171
204,6036,132,15,322
205,5384,114,14,190
206,4510,42,17,55
207,4371,79,14,111
208,4476,48,9,114
209,4272,34,3,113
210,4627,42,0,175
211,4604,43,8,148
212,4257,24,1,8
213,4284,31,0,0
214,3817,68,6,0
215,4337,33,5,0
216,4255,39,12,63
217,4704,36,2,90
218,4745,25,5,38
219,4403,51,5,76
220,4210,60,16,35
221,4147,51,5,22
222,4699,51,11,25
223,4346,59,2,0
224,4683,42,5,48
225,4359,70,8,58
226,4686,66,13,147
227,788,18,6,85
228,0,0,0,0
229,0,0,0,0
230,0,0,0,0
231,0,0,0,0
232,0,0,0,0
233,1382,64,18,78
234,4619,89,31,192
235,1520,73,23,180
236,905,23,9,132
237,874,29,4,197
238,813,29,3,139
239,1333,45,12,117
240,5287,95,23,193
241,5470,133,38,131
242,6030,136,36,127
243,4321,69,14,130
244,3990,53,12,123
245,4028,48,5,92
246,4933,50,14,188
247,4566,54,18,110
248,3679,66,13,100
249,858,22,5,97
250,1005,33,9,121
251,578,15,4,151
252,149,1,3,28
253,351,9,0,82
254,143,7,2,19
255,183,0,1,27
256,541,8,2,95
257,388,7,5,106
258,571,18,1,174
259,251,9,2,37
260,261,8,4,54
261,46,1,0,7
262,294,6,5,41
263,163,1,4,11
264,623,23,10,87
265,962,27,18,144
266,1249,47,2,261
267,1234,28,16,204
268,1067,45,15,103
269,1393,46,38,86
270,1810,56,34,145
271,1584,36,12,114
272,2186,31,26,179
273,4550,109,18,113
274,6243,141,66,165
275,7627,145,54,87
276,6281,182,44,242
277,5803,150,76,238
278,4857,108,18,276
279,3383,43,9,83
280,3649,53,23,111
281,5108,60,19,216
282,4381,72,13,159
283,4861,87,35,143
284,3404,118,24,162
285,3795,65,24,220
286,2675,41,15,31
287,2978,47,2,172
288,2427,27,2,16
289,3277,52,9,151
290,3336,78,3,92
291,2148,56,4,72
292,436,14,2,110
293,1257,41,6,136
294,2930,33,8,36
295,2763,38,7,101
296,2787,56,7,72
297,2985,55,11,29
298,3677,79,20,143
299,4082,73,17,135
300,2960,33,5,118
301,3389,78,8,112
302,3567,67,6,205
303,3331,59,21,158
304,3441,69,22,94
305,3912,66,40,65
306,3485,53,31,131
307,3482,40,29,117
308,2500,50,9,52
309,3034,26,14,45
310,2994,58,7,73
311,2531,49,6,44
312,2876,57,3,58
313,534,9,0,0
314,1448,9,0,0
315,2455,29,1,0
316,2361,22,1,0
317,2689,29,4,0
318,2209,24,0,0
319,2763,40,8,0
320,2966,53,8,0
321,2280,14,0,0
322,2895,16,5,0
323,1875,16,3,0
324,274,8,0,0
325,2768,21,0,0
326,3386,51,2,0
327,2611,24,3,0
328,2849,14,1,0
329,2947,13,2,0
330,2288,19,1,0
331,2558,13,2,0
332,2003,20,11,0
333,2608,47,6,0
334,3005,23,6,0
335,2332,18,6,0
336,2382,15,3,0
337,2743,21,3,0
338,2379,26,2,0
339,2580,29,1,0
340,3062,50,11,0
341,3603,35,4,0
342,2708,22,1,0
343,3000,24,2,0
344,2854,14,6,0
345,2529,21,0,0
346,145,2,0,0
347,1089,3,3,0
348,3060,21,6,0
349,2715,19,1,0
350,2644,24,0,0
351,2479,18,2,0
352,2568,20,6,0
353,2525,29,8,0
354,2619,41,6,0
355,3483,39,1,0
356,2150,16,6,0
357,2413,16,6,0
358,2668,17,1,0
359,2474,11,4,0
360,2118,27,11,0
361,2418,34,14,0
362,2543,32,10,0
363,3061,23,2,0
364,2056,16,0,0
365,2158,25,3,0
