date,pos_n,neg_n,avg_senti
2014-01-22,32,62,-5.450
2014-01-23,664,809,56.242
2014-01-24,696,724,126.293
2014-01-25,745,746,129.704
2014-01-26,895,890,180.465
2014-01-27,1195,975,346.896
2014-01-28,745,830,111.620
2014-01-29,734,899,53.390
2014-01-30,667,727,121.687
2014-01-31,633,635,134.445
2014-02-01,677,566,178.503
2014-02-02,961,864,239.636
2014-02-03,1367,1252,285.516
2014-02-04,702,700,156.528
2014-02-05,660,843,50.249
2014-02-06,684,668,132.151
2014-02-07,559,586,125.476
2014-02-08,708,666,150.830
2014-02-09,745,620,195.387
2014-02-10,711,664,177.552
2014-02-11,559,663,75.168
2014-02-12,567,549,127.263
2014-02-13,695,748,115.497
2014-02-14,811,535,296.540
2014-02-15,818,713,214.802
2014-02-16,805,634,222.687
2014-02-17,655,745,100.099
2014-02-18,737,805,105.324
2014-02-19,659,552,170.329
2014-02-20,572,556,122.013
2014-02-21,638,584,144.788
2014-02-22,686,549,204.880
2014-02-23,611,582,133.642
2014-02-24,578,649,86.377
2014-02-25,568,658,78.867
2014-02-26,599,606,116.708
2014-02-27,630,635,122.541
2014-02-28,630,613,154.783
2014-03-01,768,503,259.807
2014-03-02,668,683,110.543
2014-03-03,950,744,294.098
2014-03-04,517,507,108.834
2014-03-05,569,537,146.741
2014-03-06,524,512,99.470
2014-03-07,693,592,164.600
2014-03-08,572,446,169.378
2014-03-09,601,507,137.442
2014-03-10,532,420,152.049
2014-03-11,608,474,172.198
2014-03-12,534,518,115.648
2014-03-13,519,482,124.556
2014-03-14,568,538,155.450
2014-03-15,716,554,163.689
2014-03-16,854,813,185.811
2014-03-17,618,727,78.462
2014-03-18,603,676,95.469
2014-03-19,587,672,86.334
2014-03-20,758,737,155.098
2014-03-21,869,948,128.184
2014-03-22,944,865,203.834
2014-03-23,808,730,196.407
2014-03-24,724,703,136.749
2014-03-25,659,780,93.400
2014-03-26,539,678,76.547
2014-03-27,656,655,169.022
2014-03-28,745,759,132.967
2014-03-29,753,603,184.197
2014-03-30,741,683,191.045
2014-03-31,1006,744,303.069
2014-04-01,674,699,152.360
2014-04-02,602,598,121.404
2014-04-03,733,704,164.293
2014-04-04,598,558,126.334
2014-04-05,708,508,225.416
2014-04-06,869,724,201.098
2014-04-07,601,658,123.760
2014-04-08,570,529,134.406
2014-04-09,527,533,106.873
2014-04-10,638,514,187.352
2014-04-11,621,501,166.701
2014-04-12,702,631,169.234
2014-04-13,734,606,234.176
2014-04-14,589,606,120.982
2014-04-15,539,570,94.458
2014-04-16,661,607,175.273
2014-04-17,660,557,164.368
2014-04-18,788,640,217.922
2014-04-19,775,576,225.435
2014-04-20,873,685,281.103
2014-04-21,514,490,126.334
2014-04-22,737,618,209.900
2014-04-23,653,558,183.206
2014-04-24,644,527,199.662
2014-04-25,557,551,107.837
2014-04-26,645,553,173.470
2014-04-27,607,465,185.096
2014-04-28,530,447,157.397
2014-04-29,564,622,92.942
2014-04-30,498,469,115.112
2014-05-01,562,544,117.887
2014-05-02,585,540,139.030
2014-05-03,718,629,190.260
2014-05-04,719,621,192.310
2014-05-05,536,455,147.877
2014-05-06,589,512,155.925
2014-05-07,518,445,141.907
2014-05-08,545,408,180.701
2014-05-09,676,542,200.027
2014-05-10,612,546,151.662
2014-05-11,753,559,236.514
2014-05-12,526,540,102.312
2014-05-13,551,494,159.817
2014-05-14,627,713,72.369
2014-05-15,516,552,105.569
2014-05-16,471,445,113.526
2014-05-17,556,468,140.497
2014-05-18,617,431,190.314
2014-05-19,561,501,120.144
2014-05-20,512,454,143.062
2014-05-21,519,524,104.231
2014-05-22,533,489,130.946
2014-05-23,539,460,138.016
2014-05-24,587,428,169.797
2014-05-25,582,487,152.942
2014-05-26,476,467,100.187
2014-05-27,428,539,52.651
2014-05-28,506,501,88.838
2014-05-29,547,564,96.955
2014-05-30,536,521,119.761
2014-05-31,571,508,141.499
2014-06-01,566,487,178.986
2014-06-02,533,555,103.192
2014-06-03,466,500,75.444
2014-06-04,477,532,64.467
2014-06-05,487,504,105.719
2014-06-06,721,597,203.036
2014-06-07,627,503,190.282
2014-06-08,642,562,174.647
2014-06-09,589,538,136.970
2014-06-10,598,569,154.542
2014-06-11,642,644,107.913
2014-06-12,594,552,152.711
2014-06-13,593,589,124.630
2014-06-14,699,535,221.185
2014-06-15,667,446,234.730
2014-06-16,712,706,132.812
2014-06-17,611,608,134.564
2014-06-18,719,690,122.275
2014-06-19,740,768,124.644
2014-06-20,689,652,142.112
2014-06-21,648,600,144.614
2014-06-22,827,704,190.141
2014-06-23,545,474,136.237
2014-06-24,554,632,93.470
2014-06-25,710,631,179.251
2014-06-26,662,555,171.009
2014-06-27,723,516,225.565
2014-06-28,743,614,189.280
2014-06-29,635,598,138.063
2014-06-30,846,853,152.452
2014-07-01,778,760,174.581
2014-07-02,628,525,175.896
2014-07-03,662,522,217.610
2014-07-04,916,546,335.264
2014-07-05,878,593,299.522
2014-07-06,769,511,262.104
2014-07-07,607,544,169.945
2014-07-08,665,616,136.198
2014-07-09,604,579,146.007
2014-07-10,546,558,122.474
2014-07-11,724,541,210.975
2014-07-12,525,473,157.854
2014-07-13,637,557,148.790
2014-07-14,589,656,68.958
2014-07-15,579,573,114.337
2014-07-16,584,538,136.613
2014-07-17,538,570,108.231
2014-07-18,576,558,141.164
2014-07-19,645,469,186.153
2014-07-20,602,491,173.021
2014-07-21,591,588,117.067
2014-07-22,679,590,176.831
2014-07-23,683,579,168.854
2014-07-24,666,661,101.727
2014-07-25,547,533,121.565
2014-07-26,531,485,111.011
2014-07-27,557,488,149.563
2014-07-28,582,524,136.050
2014-07-29,558,489,142.490
2014-07-30,514,541,107.033
2014-07-31,585,516,170.813
2014-08-01,618,538,152.494
2014-08-02,578,597,88.831
2014-08-03,600,691,71.445
2014-08-04,589,539,139.525
2014-08-05,650,669,120.242
2014-08-06,641,646,114.455
2014-08-07,632,502,213.755
2014-08-08,584,597,110.318
2014-08-09,621,517,167.893
2014-08-10,659,617,172.637
2014-08-11,567,647,92.986
2014-08-12,595,605,107.191
2014-08-13,618,499,184.386
2014-08-14,554,535,145.246
2014-08-15,13,9,17.445
2014-08-16,0,0,0.000
2014-08-17,0,0,0.000
2014-08-18,0,0,0.000
2014-08-19,0,0,0.000
2014-08-20,0,0,0.000
2014-08-21,79,82,15.567
2014-08-22,539,543,75.652
2014-08-23,0,0,0.000
2014-08-24,0,0,0.000
2014-08-25,0,0,0.000
2014-08-26,0,0,0.000
2014-08-27,51,77,-0.661
2014-08-28,523,464,144.555
2014-08-29,564,456,165.745
2014-08-30,771,538,264.095
2014-08-31,529,428,158.205
2014-09-01,471,502,62.426
2014-09-02,442,523,63.491
2014-09-03,495,572,93.066
2014-09-04,420,526,62.621
2014-09-05,388,347,106.560
2014-09-06,0,0,0.000
2014-09-07,0,0,0.000
2014-09-08,0,0,0.000
2014-09-09,0,0,0.000
2014-09-10,0,0,0.000
2014-09-11,0,0,0.000
2014-09-12,0,0,0.000
2014-09-13,0,0,0.000
2014-09-14,0,0,0.000
2014-09-15,0,0,0.000
2014-09-16,0,0,0.000
2014-09-17,0,0,0.000
2014-09-18,0,0,0.000
2014-09-19,0,0,0.000
2014-09-20,0,0,0.000
2014-09-21,0,0,0.000
2014-09-22,0,0,0.000
2014-09-23,0,0,0.000
2014-09-24,0,0,0.000
2014-09-25,0,0,0.000
2014-09-26,0,0,0.000
2014-09-27,0,0,0.000
2014-09-28,0,0,0.000
2014-09-29,21,14,6.500
2014-09-30,404,383,99.723
2014-10-01,424,342,141.032
2014-10-02,458,507,74.209
2014-10-03,405,374,94.883
2014-10-04,396,315,113.418
2014-10-05,428,383,101.067
2014-10-06,295,343,48.425
2014-10-07,353,361,58.815
2014-10-08,376,372,92.116
2014-10-09,448,388,95.642
2014-10-10,445,399,102.147
2014-10-11,380,213,150.619
2014-10-12,415,369,100.455
2014-10-13,319,382,50.127
2014-10-14,378,329,86.219
2014-10-15,350,316,102.475
2014-10-16,391,314,127.813
2014-10-17,404,329,125.450
2014-10-18,226,192,70.953
2014-10-19,0,0,0.000
2014-10-20,123,83,39.913
2014-10-21,393,383,79.285
2014-10-22,330,326,82.640
2014-10-23,325,325,77.872
2014-10-24,375,310,117.464
2014-10-25,410,323,114.125
2014-10-26,503,448,127.354
2014-10-27,345,299,94.740
2014-10-28,365,373,70.997
2014-10-29,333,311,96.378
2014-10-30,392,301,116.959
2014-10-31,497,334,184.329
2014-11-01,430,398,113.618
2014-11-02,429,350,131.406
2014-11-03,396,359,111.165
2014-11-04,337,255,108.647
2014-11-05,410,322,112.465
2014-11-06,340,324,75.122
2014-11-07,295,257,89.807
2014-11-08,393,299,118.833
2014-11-09,89,57,32.436
2014-11-10,218,170,57.748
2014-11-11,364,345,99.099
2014-11-12,334,334,72.316
2014-11-13,359,383,82.497
2014-11-14,344,281,90.960
2014-11-15,439,333,137.314
2014-11-16,543,369,176.344
2014-11-17,316,315,82.235
2014-11-18,427,454,73.257
2014-11-19,247,273,51.502
2014-11-20,44,32,16.290
2014-11-21,417,317,138.189
2014-11-22,521,382,187.326
2014-11-23,391,361,91.690
2014-11-24,456,420,102.982
2014-11-25,396,512,30.492
2014-11-26,292,348,59.884
2014-11-27,608,291,270.654
2014-11-28,312,276,90.743
2014-11-29,402,295,135.101
2014-11-30,435,367,117.468
2014-12-01,336,353,67.454
2014-12-02,306,334,74.349
2014-12-03,362,386,73.226
2014-12-04,319,348,53.569
2014-12-05,330,371,68.594
2014-12-06,450,381,158.447
2014-12-07,585,479,138.750
2014-12-08,389,378,87.814
2014-12-09,451,389,119.978
2014-12-10,406,386,93.110
2014-12-11,368,314,105.449
2014-12-12,22,15,9.463
2014-12-13,192,115,70.439
2014-12-14,513,349,158.831
2014-12-15,383,382,84.714
2014-12-16,387,368,98.613
2014-12-17,361,364,82.983
2014-12-18,353,289,119.815
2014-12-19,390,341,107.853
2014-12-20,418,357,104.134
2014-12-21,605,511,143.175
2014-12-22,305,269,96.563
2014-12-23,361,294,121.132
2014-12-24,466,354,132.665
2014-12-25,598,263,244.452
2014-12-26,344,274,98.231
2014-12-27,363,323,89.139
2014-12-28,376,328,102.117
2014-12-29,419,464,41.772
2014-12-30,277,269,51.340
2014-12-31,333,302,82.687
2015-01-01,597,345,219.268
2015-01-02,417,370,96.245
2015-01-03,438,431,74.189
2015-01-04,601,625,85.476
2015-01-05,342,454,-31.848
2015-01-06,317,387,26.498
2015-01-07,337,302,80.110
2015-01-08,406,434,68.096
2015-01-09,279,320,42.153
2015-01-10,369,358,80.708
2015-01-11,418,380,102.146
2015-01-12,334,328,82.764
2015-01-13,377,378,86.888
2015-01-14,624,284,205.316
2015-01-15,517,314,141.612
2015-01-16,313,312,54.916
2015-01-17,356,255,120.475
2015-01-18,473,418,98.738
2015-01-19,387,277,124.372
2015-01-20,305,281,74.829
2015-01-21,332,378,63.107
2015-01-22,314,281,85.448
2015-01-23,301,259,75.381
2015-01-24,318,237,92.162
2015-01-25,349,248,118.033
2015-01-26,329,335,52.869
2015-01-27,268,276,71.169
2015-01-28,300,267,98.749
2015-01-29,333,287,80.714
2015-01-30,324,238,107.328
2015-01-31,367,201,152.444
2015-02-01,449,279,158.576
2015-02-02,640,576,122.376
2015-02-03,278,274,87.346
2015-02-04,299,217,102.539
2015-02-05,304,237,94.104
2015-02-06,419,231,151.046
2015-02-07,445,382,132.375
2015-02-08,412,348,109.165
2015-02-09,512,449,113.643
2015-02-10,338,281,86.183
2015-02-11,314,300,76.272
2015-02-12,376,314,105.572
2015-02-13,572,308,197.782
2015-02-14,500,304,198.617
2015-02-15,550,344,165.498
2015-02-16,387,318,124.944
2015-02-17,373,336,111.919
2015-02-18,354,361,58.232
2015-02-19,359,389,63.389
2015-02-20,362,340,78.946
2015-02-21,466,310,161.422
2015-02-22,445,300,160.084
2015-02-23,435,336,116.685
2015-02-24,234,235,60.558
2015-02-25,280,269,66.877
2015-02-26,248,238,73.390
2015-02-27,302,274,91.093
2015-02-28,326,234,121.076
2015-03-01,375,273,126.232
2015-03-02,277,294,52.957
2015-03-03,280,280,66.336
2015-03-04,240,280,37.531
2015-03-05,317,384,33.787
2015-03-06,322,265,112.080
2015-03-07,329,270,92.812
2015-03-08,412,258,144.521
2015-03-09,291,196,115.229
2015-03-10,331,268,102.979
2015-03-11,386,281,119.764
2015-03-12,406,330,109.308
2015-03-13,429,320,144.708
2015-03-14,996,560,365.212
2015-03-15,1654,1173,557.747
2015-03-16,687,577,181.263
2015-03-17,570,520,142.363
2015-03-18,472,367,129.358
2015-03-19,247,260,46.917
2015-03-20,351,269,105.973
2015-03-21,379,286,137.243
2015-03-22,625,477,198.911
2015-03-23,540,531,97.597
2015-03-24,0,0,0.000
2015-03-25,870,859,193.261
2015-03-26,760,713,203.067
2015-03-27,465,403,116.349
2015-03-28,344,204,151.169
2015-03-29,257,194,84.237
2015-03-30,85,81,18.606
2015-03-31,27,38,0.434
2015-04-01,29,21,7.956
2015-04-02,69,48,21.870
2015-04-03,69,55,21.043
2015-04-04,72,35,21.848
2015-04-05,85,46,39.010
2015-04-06,8,15,-1.195
2015-04-07,126,108,35.754
2015-04-08,400,370,96.029
2015-04-09,400,313,122.922
2015-04-10,181,140,51.216
2015-04-11,61,26,21.626
2015-04-12,55,25,25.898
2015-04-13,72,23,42.411
2015-04-14,102,52,48.044
2015-04-15,79,40,36.713
2015-04-16,106,53,45.404
2015-04-17,35,10,18.787
2015-04-18,43,3,26.580
2015-04-19,63,25,22.337
2015-04-20,147,101,58.292
2015-04-21,472,421,104.722
2015-04-22,498,362,170.791
2015-04-23,39,11,24.477
2015-04-24,44,33,15.347
2015-04-25,519,341,199.183
2015-04-26,799,551,260.348
2015-04-27,454,322,155.957
2015-04-28,83,76,24.287
2015-04-29,80,81,18.672
2015-04-30,95,65,42.761
2015-05-01,99,61,44.343
2015-05-02,83,30,43.890
2015-05-03,82,17,45.694
2015-05-04,14,1,12.037
2015-05-05,17,4,11.616
2015-05-06,0,0,0.000
2015-05-07,16,2,9.526
2015-05-08,0,0,0.000
2015-05-09,0,0,0.000
2015-05-10,0,0,0.000
2015-05-11,27,20,12.561
2015-05-12,32,8,15.560
2015-05-13,61,19,27.310
2015-05-14,15,4,9.927
2015-05-15,17,2,11.197
2015-05-16,20,6,11.098
2015-05-17,54,19,27.876
2015-05-18,74,35,42.206
2015-05-19,19,6,11.440
2015-05-20,46,16,24.565
2015-05-21,122,61,56.043
2015-05-22,105,45,61.351
2015-05-23,194,56,103.250
2015-05-24,278,60,158.634
2015-05-25,199,56,101.324
2015-05-26,159,100,59.043
2015-05-27,0,0,0.000
2015-05-28,0,0,0.000
2015-05-29,6,6,1.023
2015-05-30,0,0,0.000
2015-05-31,266,113,117.538
2015-06-01,191,122,79.799
2015-06-02,213,112,93.419
2015-06-03,164,62,85.992
2015-06-04,220,81,116.321
2015-06-05,214,65,109.207
2015-06-06,277,69,153.474
2015-06-07,457,101,244.180
2015-06-08,196,63,95.980
2015-06-09,118,48,47.185
2015-06-10,89,35,44.082
2015-06-11,83,40,42.339
2015-06-12,0,0,0.000
2015-06-13,0,0,0.000
2015-06-14,0,0,0.000
2015-06-15,69,26,37.635
2015-06-16,20,9,11.236
2015-06-17,15,9,8.316
2015-06-18,21,13,9.010
2015-06-19,19,12,7.588
2015-06-20,35,12,16.957
2015-06-21,31,4,16.900
2015-06-22,26,1,17.407
2015-06-23,39,11,18.625
2015-06-24,40,4,25.998
2015-06-25,41,18,21.404
2015-06-26,57,15,28.850
2015-06-27,131,27,77.336
2015-06-28,152,57,72.612
2015-06-29,133,58,64.932
2015-06-30,141,82,62.868
2015-07-01,147,108,56.031
2015-07-02,143,43,87.935
2015-07-03,267,102,148.112
2015-07-04,659,110,373.567
2015-07-05,633,158,332.867
2015-07-06,245,99,127.874
2015-07-07,311,170,180.057
2015-07-08,247,200,72.685
2015-07-09,258,137,125.863
2015-07-10,301,183,134.064
2015-07-11,466,163,223.341
2015-07-12,324,144,168.027
2015-07-13,342,191,139.829
2015-07-14,144,57,73.133
2015-07-15,141,25,86.457
2015-07-16,171,90,89.517
2015-07-17,150,57,85.123
2015-07-18,203,47,107.516
2015-07-19,79,33,38.612
2015-07-20,50,21,32.748
2015-07-21,82,29,46.054
2015-07-22,99,40,55.462
2015-07-23,184,65,105.164
2015-07-24,165,46,99.368
2015-07-25,108,35,53.489
2015-07-26,100,21,62.567
2015-07-27,46,4,29.933
2015-07-28,46,34,24.423
2015-07-29,91,67,37.889
2015-07-30,76,19,47.357
2015-07-31,12,0,9.424
2015-08-01,0,0,0.000
2015-08-02,0,0,0.000
2015-08-03,0,0,0.000
2015-08-04,41,11,24.382
2015-08-05,36,11,20.674
2015-08-06,23,8,11.459
2015-08-07,42,20,22.554
2015-08-08,26,1,16.391
2015-08-09,10,1,5.943
2015-08-10,6,3,4.100
2015-08-11,5,0,2.624
2015-08-12,32,14,13.860
2015-08-13,45,32,21.535
2015-08-14,104,34,67.353
2015-08-15,97,30,48.633
2015-08-16,0,0,0.000
2015-08-17,0,0,0.000
2015-08-18,0,0,0.000
2015-08-19,0,0,0.000
2015-08-20,0,0,0.000
2015-08-21,78,28,42.992
2015-08-22,210,55,118.500
2015-08-23,212,54,129.626
2015-08-24,168,40,87.803
2015-08-25,108,38,62.030
2015-08-26,108,45,58.088
2015-08-27,127,39,65.114
2015-08-28,164,87,82.287
2015-08-29,204,60,117.696
2015-08-30,196,63,91.675
2015-08-31,67,37,36.365
2015-09-01,61,40,34.279
2015-09-02,61,55,19.829
2015-09-03,129,57,67.137
2015-09-04,110,52,56.438
2015-09-05,195,49,116.436
2015-09-06,109,30,72.949
2015-09-07,118,40,76.560
2015-09-08,69,17,55.319
2015-09-09,16,6,9.710
2015-09-10,34,27,18.658
2015-09-11,23,8,11.552
2015-09-12,33,7,18.348
2015-09-13,61,11,42.737
2015-09-14,58,11,40.997
2015-09-15,78,26,45.282
2015-09-16,37,8,23.856
2015-09-17,41,17,18.781
2015-09-18,4,1,3.854
2015-09-19,39,12,22.012
2015-09-20,36,7,20.167
2015-09-21,73,36,38.038
2015-09-22,121,58,71.709
2015-09-23,129,102,70.564
2015-09-24,152,72,79.949
2015-09-25,169,65,88.995
2015-09-26,324,49,169.900
2015-09-27,309,92,159.911
2015-09-28,241,121,100.701
2015-09-29,213,196,57.888
2015-09-30,210,150,90.195
2015-10-01,418,221,171.931
2015-10-02,461,266,209.556
2015-10-03,432,195,218.254
2015-10-04,621,112,340.952
2015-10-05,286,126,138.706
2015-10-06,145,58,77.120
2015-10-07,131,78,65.162
2015-10-08,330,179,152.426
2015-10-09,200,110,88.850
2015-10-10,303,83,150.257
2015-10-11,169,57,91.612
2015-10-12,170,53,96.190
2015-10-13,19,18,11.698
2015-10-14,72,31,49.579
2015-10-15,15,9,6.384
2015-10-16,105,33,52.784
2015-10-17,83,38,45.613
2015-10-18,116,17,67.385
2015-10-19,64,10,42.138
2015-10-20,74,15,46.815
2015-10-21,15,2,11.767
2015-10-22,59,18,37.599
2015-10-23,49,45,18.079
2015-10-24,48,31,18.752
2015-10-25,128,41,74.830
2015-10-26,86,46,45.415
2015-10-27,58,56,27.965
2015-10-28,75,37,44.790
2015-10-29,182,77,78.878
2015-10-30,154,52,80.492
2015-10-31,121,49,57.550
2015-11-01,200,54,96.446
2015-11-02,90,46,51.766
2015-11-03,66,30,42.848
2015-11-04,40,34,18.400
2015-11-05,57,32,27.608
2015-11-06,93,46,48.284
2015-11-07,60,25,32.920
