,cluster0,,cluster1,,cluster2,,cluster3,,cluster4,,cluster5,,cluster6,,cluster10,,cluster11,,cluster12,,cluster13,,cluster15,,cluster16,,cluster18,
doy,senti,pos_n,senti,pos_n,senti,pos_n,senti,pos_n,senti,pos_n,senti,pos_n,senti,pos_n,senti,pos_n,senti,pos_n,senti,pos_n,senti,pos_n,senti,pos_n,senti,pos_n,senti,pos_n
1,65.687,43,1.637,1,24.164,17,19.772,13,6.997,5,18.785,13,5.220,5,1.555,1,3.217,2,4.545,4,11.195,5,7.470,4,3.032,2,13.692,10
2,32.967,22,6.205,4,0.000,0,13.631,8,4.404,2,10.082,7,4.019,3,0.000,0,0.000,0,4.719,3,1.083,1,2.327,1,0.000,0,0.000,0
3,28.245,16,13.068,7,23.208,14,9.370,7,2.141,1,15.802,10,23.383,12,0.000,0,1.212,1,2.821,2,7.435,5,0.000,0,0.000,0,0.000,0
4,54.504,32,10.510,8,16.923,10,16.816,11,3.737,3,120.858,76,3.368,2,0.000,0,1.305,1,0.000,0,7.488,4,2.088,2,4.182,3,0.000,0
5,16.673,14,28.393,18,0.000,0,9.254,6,4.408,3,3.602,3,9.501,4,0.000,0,0.000,0,2.638,2,4.783,2,4.104,2,0.000,0,0.000,0
6,16.563,11,35.928,23,2.659,2,21.574,14,0.000,0,0.000,0,11.110,8,0.000,0,0.000,0,0.000,0,4.962,4,9.022,6,0.000,0,0.000,0
7,15.086,10,40.784,21,9.155,7,27.746,17,0.000,0,0.000,0,4.075,2,0.000,0,0.000,0,4.593,2,0.000,0,0.000,0,0.000,0,1.387,1
8,46.208,31,36.044,21,43.696,27,15.171,11,1.137,1,0.000,0,0.000,0,0.000,0,1.044,1,0.000,0,2.460,2,3.790,2,12.000,8,0.000,0
9,22.173,14,22.783,15,17.559,12,20.847,14,0.000,0,4.648,3,5.916,2,5.018,2,0.000,0,7.401,5,0.000,0,5.940,4,0.000,0,4.440,2
10,17.101,12,35.356,22,8.909,6,35.298,23,9.036,4,0.000,0,6.643,5,0.000,0,0.000,0,4.243,3,5.212,3,6.573,3,0.000,0,4.278,3
11,21.225,14,63.357,36,25.811,15,25.616,18,0.000,0,1.637,1,8.200,7,0.000,0,1.916,1,12.176,9,1.165,1,0.000,0,0.000,0,5.994,3
12,31.363,21,45.569,26,27.476,15,16.457,10,2.938,2,1.090,1,3.293,3,0.000,0,8.104,4,1.373,1,1.044,1,14.642,8,0.000,0,2.652,2
13,57.780,29,62.572,38,14.812,10,20.316,11,5.440,4,0.000,0,7.709,5,0.000,0,6.595,3,1.727,1,0.000,0,5.220,3,0.000,0,2.974,2
14,52.670,33,21.392,14,36.037,23,16.695,10,0.000,0,0.000,0,6.075,5,0.000,0,0.000,0,3.135,2,1.148,1,0.000,0,5.220,5,0.000,0
15,67.661,36,31.724,21,18.360,11,32.622,20,0.000,0,8.327,5,14.857,10,0.000,0,0.000,0,3.164,2,0.000,0,7.158,5,0.000,0,1.137,1
16,35.780,24,32.713,19,15.856,8,18.145,11,4.307,3,1.391,1,1.684,1,5.812,4,2.795,2,1.405,1,0.000,0,0.000,0,3.996,2,0.000,0
17,49.726,33,41.102,25,16.297,11,14.545,8,2.688,2,4.643,3,13.502,8,0.000,0,2.391,2,1.287,1,4.054,2,4.471,3,0.000,0,2.796,2
18,52.265,35,33.307,20,19.628,13,46.957,26,1.684,1,0.000,0,12.900,11,7.923,6,8.936,6,9.734,4,6.164,4,7.600,5,4.161,3,2.424,2
19,34.633,23,20.386,14,23.562,16,27.672,15,3.704,2,1.112,1,0.000,0,5.448,4,9.009,6,7.507,4,2.652,2,0.000,0,0.000,0,3.057,3
20,69.918,39,32.587,21,11.970,7,18.957,10,8.654,5,0.000,0,1.777,1,0.000,0,1.401,1,1.827,1,0.000,0,5.316,3,0.000,0,0.000,0
21,74.254,41,20.723,15,19.805,12,14.434,10,0.000,0,5.537,3,17.442,11,0.000,0,2.713,2,0.000,0,2.088,2,2.188,2,0.000,0,0.000,0
22,54.795,36,54.383,37,57.587,33,3.925,2,0.000,0,2.588,2,3.132,3,4.440,3,6.392,4,0.000,0,1.341,1,2.202,2,0.000,0,2.832,2
23,97.924,62,116.333,73,91.525,53,76.371,48,4.385,3,7.000,4,10.616,6,29.651,19,12.110,8,3.857,3,2.842,2,9.838,7,11.776,7,7.632,5
24,133.565,82,127.587,82,59.223,36,68.726,36,1.008,1,21.733,14,5.126,4,14.403,9,10.890,8,11.082,8,5.977,4,6.269,5,20.117,10,1.115,1
25,92.355,57,106.813,63,29.591,21,85.546,53,3.503,3,2.446,2,14.281,8,13.413,7,29.222,18,9.823,6,2.173,1,0.000,0,5.555,4,1.115,1
26,140.686,87,128.445,78,44.476,29,41.108,25,4.168,3,1.916,1,14.040,10,36.400,23,27.878,18,4.708,4,7.471,5,6.035,4,5.026,4,8.001,3
27,148.857,87,138.707,86,145.132,88,79.260,47,11.910,8,3.811,3,4.708,4,9.919,7,67.106,41,6.981,5,1.122,1,2.588,2,0.000,0,12.740,10
28,124.836,79,131.381,85,134.300,80,46.035,27,10.782,6,9.010,5,4.633,3,12.559,7,13.235,8,12.148,8,2.956,1,5.234,4,2.774,2,2.710,2
29,101.998,63,156.994,96,68.724,45,47.049,31,14.028,9,13.854,9,6.929,5,1.158,1,28.283,20,0.000,0,4.107,3,21.468,10,7.720,4,4.618,2
30,150.634,83,154.818,93,47.110,32,36.719,23,12.609,6,8.858,5,6.870,5,6.273,5,4.386,3,10.404,7,3.213,2,3.504,2,3.372,3,11.290,6
31,57.242,41,141.007,93,87.897,49,47.164,31,8.062,6,8.651,6,43.436,28,8.156,6,21.070,14,3.321,2,5.741,4,4.678,4,15.276,8,2.010,2
32,90.891,58,101.658,64,123.619,71,93.030,54,4.447,3,3.864,2,12.920,10,23.683,14,9.105,5,15.124,10,4.707,3,19.638,11,9.640,6,15.842,10
33,103.682,66,180.756,107,65.360,39,90.852,59,19.487,10,14.964,8,16.792,11,28.561,16,58.426,34,10.148,4,4.172,3,6.852,5,13.430,7,10.466,6
34,77.555,50,239.383,152,78.916,50,82.985,55,1.076,1,10.229,6,18.188,11,13.235,8,105.751,73,14.180,7,3.864,3,2.216,1,76.938,48,20.180,14
35,138.706,82,133.194,83,71.395,45,51.949,33,9.674,8,12.521,7,6.149,6,18.717,10,5.154,3,2.406,1,1.090,1,4.515,3,24.180,15,3.428,1
36,100.378,65,152.270,90,68.528,41,39.613,23,12.701,9,0.000,0,9.583,6,13.784,10,11.679,7,3.446,2,6.627,4,2.752,2,15.392,10,0.000,0
37,150.796,99,131.138,82,79.705,47,68.291,42,13.016,10,6.524,4,21.210,12,3.824,2,11.767,6,11.377,6,11.235,6,0.000,0,103.268,65,0.000,0
38,118.770,70,160.253,93,100.216,61,70.434,47,0.000,0,6.650,4,19.098,15,18.179,13,12.301,7,7.572,5,0.000,0,19.234,10,2.974,2,6.240,3
39,156.096,99,129.775,75,131.348,79,73.586,46,13.839,9,14.631,9,18.270,12,16.741,11,18.582,10,17.704,9,10.176,6,5.810,5,2.194,2,9.980,4
40,157.256,100,208.310,131,68.361,41,51.625,35,6.929,5,2.810,2,7.284,4,18.240,12,22.708,13,4.794,3,12.687,8,14.085,9,0.000,0,15.535,9
41,158.051,88,129.936,82,55.724,33,33.255,22,0.000,0,0.000,0,17.335,12,17.374,13,17.753,12,4.472,2,5.298,4,0.000,0,13.502,9,2.216,2
42,124.470,78,137.524,82,66.618,42,31.584,21,9.559,7,25.333,18,7.349,6,5.523,4,3.971,3,2.531,2,1.133,1,2.338,2,7.422,4,2.652,2
43,138.899,90,137.017,80,86.986,57,46.874,29,10.921,7,26.715,17,9.056,5,13.732,9,11.755,8,2.195,1,5.444,4,4.660,4,10.360,7,17.371,10
44,123.854,82,140.317,89,64.288,40,60.933,37,14.214,9,0.000,0,18.693,10,14.464,8,21.606,14,3.678,2,6.957,4,6.939,4,8.060,5,0.000,0
45,193.140,114,184.914,118,112.877,63,76.266,44,13.789,10,3.027,2,38.824,20,22.116,13,11.804,7,19.781,11,5.158,4,19.269,12,14.208,9,11.237,7
46,184.468,117,166.647,110,54.146,32,78.318,50,4.115,2,3.246,2,24.491,17,28.202,20,19.088,11,12.379,6,11.471,6,0.000,0,6.951,6,23.986,10
47,221.815,128,132.829,83,70.514,42,60.296,40,2.695,2,8.986,4,24.947,17,29.906,17,29.086,20,4.472,3,11.135,7,13.294,8,17.391,9,16.793,8
48,107.674,66,149.964,86,54.233,33,69.413,37,7.468,5,5.490,5,17.448,9,7.475,4,13.483,10,3.089,2,9.834,5,7.808,5,8.147,5,12.459,7
49,120.276,76,163.244,103,52.538,31,45.875,28,8.824,7,5.469,3,17.384,10,4.665,4,5.905,3,6.696,5,3.857,3,5.484,2,4.418,2,14.808,9
50,131.431,81,158.063,96,57.131,36,45.353,30,11.670,8,3.996,2,17.026,13,15.809,10,7.492,5,7.649,6,0.000,0,10.174,6,18.788,12,7.534,5
51,136.583,98,147.954,87,63.701,38,50.162,30,7.832,6,3.338,2,12.035,7,11.507,7,21.685,17,10.220,6,6.102,3,15.700,8,8.082,6,0.000,0
52,175.558,112,143.737,88,63.792,39,65.499,45,19.579,12,13.213,7,37.961,28,13.956,7,17.778,12,24.745,13,3.650,3,6.194,3,0.000,0,17.566,10
53,169.114,110,187.761,115,73.924,46,81.625,48,8.469,6,13.375,10,20.989,16,19.597,13,12.626,9,7.457,5,15.763,9,25.962,18,10.628,10,16.365,12
54,88.708,50,161.241,100,59.214,35,57.667,34,11.950,6,5.592,5,36.939,19,12.689,8,33.375,20,6.880,5,9.434,6,1.937,1,14.176,10,9.776,7
55,112.204,72,135.198,93,45.479,28,33.048,26,9.529,7,12.837,9,4.452,4,9.151,7,21.897,13,2.267,2,0.000,0,2.263,2,0.000,0,3.310,2
56,114.248,70,106.812,67,51.970,32,58.109,31,6.041,5,7.946,3,14.144,10,26.393,16,17.060,11,1.190,1,3.582,2,17.638,10,14.406,7,4.515,3
57,127.278,86,132.311,86,49.982,31,36.451,21,12.964,10,10.838,4,17.038,11,6.759,4,10.332,6,2.910,2,6.953,5,0.000,0,4.512,2,4.636,3
58,157.288,103,138.736,85,42.118,22,52.006,38,5.706,5,1.594,1,39.788,26,8.593,6,1.519,1,6.830,4,1.955,1,8.164,6,4.176,4,12.154,8
59,0.000,0,0.000,0,0.000,0,0.000,0,0.000,0,0.000,0,0.000,0,0.000,0,0.000,0,0.000,0,0.000,0,0.000,0,0.000,0,0.000,0
60,110.802,71,198.530,114,33.693,22,76.253,46,4.583,3,13.619,7,22.822,15,13.219,8,13.510,6,12.404,8,5.344,3,6.006,4,17.563,9,20.606,13
61,82.862,51,144.644,92,20.510,10,43.504,27,10.241,7,14.371,10,11.640,7,23.839,12,20.790,10,4.447,3,6.929,4,5.951,3,4.473,3,1.333,1
62,188.314,95,228.922,137,1.169,1,51.650,30,6.363,4,10.152,6,8.401,6,18.018,11,52.119,30,2.180,1,1.676,1,2.456,2,0.000,0,5.356,5
63,82.975,55,97.039,66,5.687,3,41.565,23,8.843,5,4.722,4,19.809,11,21.867,12,14.764,10,0.000,0,9.840,5,8.897,5,0.000,0,7.550,6
64,109.777,69,123.644,76,3.010,2,34.462,23,9.922,7,0.000,0,14.425,10,4.182,3,9.412,5,4.858,3,5.026,4,12.617,7,0.000,0,8.425,6
65,55.800,32,152.745,96,6.269,5,55.949,38,1.780,1,5.874,4,37.769,22,5.513,4,3.686,3,8.037,6,6.648,5,10.210,6,0.000,0,7.064,4
66,89.677,62,127.213,73,17.875,10,72.075,46,15.504,9,10.621,7,68.040,42,6.156,4,4.275,4,4.875,3,10.532,6,0.000,0,2.388,2,4.443,3
67,128.629,82,51.414,34,18.099,10,74.673,48,11.827,9,13.287,7,54.535,37,2.560,2,22.960,13,4.965,3,9.216,5,11.619,8,24.438,13,7.989,5
68,99.794,54,26.060,20,54.758,33,49.075,33,14.120,9,37.900,19,43.692,28,3.582,2,1.351,1,6.815,5,11.859,7,11.260,6,27.511,15,10.308,6
69,126.327,79,18.865,14,77.942,45,47.164,29,14.586,6,12.925,7,23.469,15,0.000,0,15.060,9,7.560,4,3.515,3,16.535,10,0.000,0,0.000,0
70,112.953,74,26.930,19,101.909,62,57.184,35,9.762,6,1.326,1,10.713,6,2.330,2,3.940,3,7.292,5,3.135,2,16.590,9,6.420,4,5.234,2
71,155.237,91,26.957,15,116.102,70,68.345,37,8.729,5,24.688,16,26.997,19,0.000,0,5.812,4,9.133,7,9.180,5,7.444,4,0.000,0,0.000,0
72,178.753,114,43.269,29,135.655,71,48.936,29,21.457,15,5.834,4,19.671,14,0.000,0,12.490,8,4.561,3,6.827,4,6.496,5,6.822,6,6.085,5
73,254.109,159,88.217,57,365.642,226,183.239,104,36.058,23,17.206,11,12.876,8,1.108,1,48.082,29,21.474,13,35.522,19,5.653,5,8.072,6,13.367,7
74,363.538,237,217.961,142,266.612,157,298.296,177,41.544,28,35.309,20,28.136,18,12.686,10,26.881,19,35.182,16,59.687,38,14.580,10,22.531,14,22.654,15
75,169.682,103,166.762,110,144.425,90,54.480,35,11.046,7,33.938,21,37.668,26,4.293,3,7.803,6,11.743,9,11.479,7,6.357,5,5.481,3,7.786,5
76,164.418,103,205.550,136,122.461,69,45.809,29,10.022,6,4.968,4,7.968,5,6.056,4,19.138,14,14.218,9,7.021,6,3.874,3,14.872,8,6.369,4
77,141.937,94,163.136,101,161.573,96,97.120,60,13.202,9,26.420,15,23.692,16,13.766,9,16.014,9,5.802,3,6.084,3,5.044,3,4.857,3,15.174,10
78,120.703,75,153.199,99,106.759,67,25.494,17,12.807,10,5.838,4,6.583,5,1.362,1,5.696,4,1.880,1,5.316,3,4.146,3,6.381,3,5.856,3
79,167.344,107,265.478,155,79.994,53,58.416,38,1.122,1,10.155,7,11.696,9,17.399,9,3.320,2,10.923,6,6.746,4,10.460,7,4.161,3,1.341,1
80,157.825,102,241.353,148,124.940,83,55.406,37,14.445,11,12.525,8,18.925,11,19.746,14,24.469,12,8.461,6,4.104,3,18.194,12,3.374,3,16.245,9
81,307.809,172,284.305,168,205.074,124,98.398,62,5.362,4,10.914,8,34.422,24,8.229,5,38.897,22,9.559,7,18.636,11,4.840,3,8.324,5,9.144,6
82,139.466,88,185.327,117,129.786,77,64.947,37,9.795,8,17.005,9,21.534,15,21.283,11,6.413,4,14.003,9,3.660,2,5.226,4,6.302,5,7.720,4
83,85.986,52,115.445,73,43.532,23,22.995,14,0.000,0,22.222,14,2.427,1,12.673,7,7.699,4,0.000,0,1.691,1,1.945,1,0.000,0,3.682,2
84,271.281,165,265.365,162,153.152,98,56.035,33,7.223,6,8.022,7,37.822,26,33.742,23,21.761,14,5.630,4,9.995,4,10.340,8,0.000,0,9.087,4
85,280.538,175,223.683,143,135.699,82,49.329,35,13.586,8,18.055,12,21.291,14,9.889,8,21.416,15,6.906,5,0.000,0,4.323,3,10.771,8,5.462,4
86,118.565,74,200.758,127,98.115,60,59.947,34,19.259,12,3.024,2,29.683,19,1.462,1,42.125,25,10.214,7,7.791,7,15.537,9,0.000,0,8.559,6
87,205.283,126,174.480,105,116.631,76,63.463,39,13.114,8,23.918,16,50.265,27,2.988,2,6.770,3,12.125,7,11.363,7,10.673,8,3.207,3,13.648,9
88,95.000,68,211.731,127,34.419,21,97.362,61,19.630,11,14.922,9,47.651,32,5.452,4,4.919,3,7.697,4,2.267,2,7.113,6,17.867,10,3.138,2
89,54.899,36,96.723,56,81.452,48,47.159,32,8.870,6,0.000,0,38.558,24,11.724,4,10.642,6,1.248,1,0.000,0,10.896,6,4.482,3,11.713,7
90,125.822,73,165.073,111,97.480,58,25.751,15,155.470,95,34.058,22,13.590,9,12.040,6,6.156,5,2.713,1,2.906,2,6.459,4,0.000,0,9.192,5
91,82.694,57,149.794,86,66.047,39,25.665,17,4.250,3,0.000,0,7.185,4,9.208,6,5.985,4,2.648,2,1.373,1,3.435,3,8.156,4,8.484,5
92,125.096,71,98.583,60,60.552,41,20.977,11,25.626,16,11.381,6,16.383,12,17.673,8,7.968,4,1.130,1,2.595,2,5.362,4,0.000,0,8.389,5
93,96.248,62,153.923,91,46.161,31,50.651,30,113.051,63,3.968,2,34.957,24,5.852,4,7.964,6,2.334,2,3.482,2,4.432,4,0.000,0,8.477,7
94,72.268,44,112.501,70,20.708,12,36.433,25,23.943,14,4.751,3,4.316,4,7.300,4,5.598,3,6.252,5,3.804,2,6.312,4,2.316,2,11.094,5
95,44.850,30,102.023,55,40.762,26,37.533,25,93.494,58,5.633,4,29.754,22,0.000,0,11.953,6,9.727,4,2.603,2,9.852,6,5.662,2,14.146,8
96,103.500,58,159.433,89,49.282,30,24.041,17,96.695,60,7.968,6,33.909,22,7.269,3,10.320,6,0.000,0,4.546,2,5.362,4,17.052,6,2.766,2
97,96.252,55,157.478,98,59.037,39,27.536,19,6.736,4,7.463,5,16.837,10,7.487,5,2.159,2,0.000,0,3.195,3,4.004,2,1.012,1,0.000,0
98,143.850,92,161.945,93,77.284,45,31.508,21,5.874,5,7.735,6,20.223,13,18.488,14,1.912,1,7.843,5,4.515,3,2.116,2,35.779,20,19.843,14
99,141.392,90,161.931,104,73.139,45,63.362,39,14.206,10,10.323,6,24.833,14,13.544,7,4.129,3,3.557,2,4.576,2,1.684,1,5.345,4,8.106,5
100,88.293,54,134.657,85,146.018,91,62.742,41,0.000,0,10.979,7,9.862,8,9.780,6,4.504,3,2.624,2,6.405,4,7.978,6,12.524,6,8.050,5
101,67.449,47,111.329,67,45.690,29,37.188,25,7.214,5,20.910,14,29.550,20,12.711,9,3.832,3,5.795,3,1.905,1,10.728,7,11.204,8,13.838,9
102,48.407,28,118.451,78,76.328,49,45.318,28,15.881,9,12.308,7,51.957,32,72.118,38,7.225,5,12.331,7,10.118,5,0.000,0,0.000,0,1.326,1
103,70.683,44,159.608,91,78.848,45,37.811,25,50.730,28,22.956,17,11.943,5,18.205,11,10.091,6,2.409,2,11.889,7,1.358,1,5.661,4,2.588,2
104,81.233,53,124.319,80,50.455,31,24.926,15,17.029,10,13.882,7,12.392,8,9.867,5,7.492,6,1.119,1,4.182,3,8.094,7,3.195,3,0.000,0
105,56.469,36,124.324,83,51.440,30,14.110,8,33.514,19,9.263,5,7.471,5,6.234,3,5.987,3,0.000,0,0.000,0,0.000,0,0.000,0,11.072,9
106,96.784,61,145.854,88,113.816,72,21.584,16,18.858,12,0.000,0,14.397,9,5.609,3,7.314,4,0.000,0,7.983,5,4.955,3,5.190,2,4.098,3
107,101.631,63,115.702,74,117.346,64,28.880,16,20.126,12,6.941,4,3.263,2,11.482,8,0.000,0,5.477,3,8.318,4,1.148,1,0.000,0,17.062,9
108,140.227,86,140.883,84,7.343,4,29.629,19,112.101,70,10.231,7,46.420,28,15.443,11,11.268,7,10.199,6,4.697,3,1.998,1,3.999,3,7.058,4
109,63.315,35,95.006,57,132.094,86,34.477,21,120.850,78,4.386,4,38.698,24,15.200,6,7.685,5,5.687,4,5.443,3,1.044,1,10.643,5,1.065,1
110,67.976,42,128.992,73,119.528,75,37.688,21,130.915,82,9.337,4,8.386,6,29.554,17,10.050,7,9.001,7,3.206,2,4.379,3,11.875,5,7.939,5
111,141.434,89,171.670,102,95.708,63,31.610,20,97.755,63,14.977,9,20.695,15,11.918,8,2.448,2,13.511,8,0.000,0,1.126,1,0.000,0,5.233,3
112,208.231,127,205.983,123,123.889,70,24.140,15,87.462,51,5.770,5,51.642,32,10.282,7,6.591,3,8.590,7,10.682,7,17.595,9,6.627,5,13.072,8
113,118.355,79,113.329,70,128.600,83,30.898,20,41.412,26,5.315,4,22.926,13,9.127,6,4.175,3,1.326,1,0.000,0,1.308,1,6.283,5,3.096,2
114,119.284,78,84.485,55,39.663,24,31.799,18,31.587,22,8.902,5,19.026,12,17.974,8,6.953,3,4.293,3,0.000,0,8.805,6,7.520,4,3.817,3
115,152.836,93,132.345,76,100.473,62,112.410,67,18.077,12,11.973,8,24.128,17,16.647,9,10.711,9,9.716,7,10.881,7,5.109,3,6.104,4,7.997,5
116,167.830,111,172.495,119,125.549,82,87.305,58,23.338,14,19.710,12,47.732,27,20.037,12,11.992,6,13.236,8,7.086,5,8.053,5,8.900,5,19.676,11
117,137.969,87,72.020,48,123.596,74,86.945,50,30.258,18,9.652,6,21.305,13,12.069,7,10.288,5,8.894,6,10.624,6,3.874,2,33.570,24,10.383,8
118,79.456,47,41.372,27,51.215,29,28.606,18,4.329,3,7.497,5,8.253,6,6.920,4,2.216,2,3.889,3,3.624,3,3.736,2,0.000,0,4.024,2
119,71.990,50,17.786,14,21.474,14,20.995,13,19.903,10,5.548,4,12.801,9,4.018,2,2.388,2,6.999,5,2.602,2,0.000,0,4.590,3,0.000,0
120,67.155,48,12.759,10,32.425,23,43.812,27,11.717,7,5.169,4,17.472,12,23.496,11,5.619,3,10.935,8,2.764,2,9.035,7,0.000,0,0.000,0
121,87.522,56,47.291,29,25.956,18,40.212,26,7.117,4,17.334,12,36.592,24,1.802,1,0.000,0,8.354,4,3.978,3,6.031,4,0.000,0,7.007,4
122,106.872,70,32.356,19,93.253,56,58.279,36,29.307,19,14.336,11,32.851,24,17.453,13,0.000,0,1.194,1,3.310,2,0.000,0,14.700,12,3.657,2
123,83.208,55,30.427,18,116.463,73,54.275,30,78.144,51,23.483,12,41.556,26,11.200,8,9.618,5,6.260,4,9.866,6,11.726,6,4.790,3,10.822,6
124,97.531,62,32.193,19,75.503,49,46.972,33,74.884,43,12.427,6,35.284,17,9.710,6,5.868,5,3.893,2,5.573,4,13.258,9,8.614,6,4.282,2
125,105.798,63,24.992,14,106.868,63,31.226,18,16.497,11,2.974,2,7.285,5,0.000,0,1.480,1,4.415,2,2.252,1,2.810,2,1.655,1,0.000,0
126,61.791,39,35.195,22,15.221,9,18.212,12,38.756,27,15.561,11,16.837,13,6.108,5,6.706,4,1.044,1,2.860,2,3.118,2,2.260,2,1.294,1
127,57.627,41,21.851,13,8.947,6,25.979,17,78.970,45,12.762,6,3.285,2,9.404,6,1.044,1,21.988,9,2.882,2,3.518,2,0.000,0,1.019,1
128,52.179,36,30.879,21,44.687,26,20.305,13,3.403,3,2.952,2,10.044,7,9.750,7,1.619,1,2.921,2,5.305,4,6.183,5,0.000,0,5.954,4
129,61.471,37,28.698,16,157.901,101,44.003,24,36.908,23,11.935,9,40.257,21,3.052,2,1.630,1,3.857,2,0.000,0,1.480,1,16.609,10,8.379,5
130,57.235,38,18.250,11,42.563,30,19.324,11,69.920,48,20.547,15,19.642,14,5.048,4,7.736,5,15.589,10,6.906,4,8.744,7,11.731,8,6.505,5
131,61.252,35,25.188,16,24.034,15,38.821,26,78.182,46,22.192,15,8.472,5,2.496,2,10.828,6,6.352,4,13.109,7,5.498,4,22.829,15,12.504,6
132,62.471,41,21.329,16,31.117,20,40.106,23,77.796,48,5.973,4,6.868,5,4.886,3,4.060,2,5.327,4,1.727,1,3.238,2,8.954,6,1.301,1
133,95.449,57,25.303,18,93.702,60,18.921,12,14.679,10,1.480,1,20.831,7,4.412,4,4.465,3,1.262,1,0.000,0,6.913,4,11.350,9,14.770,7
134,58.868,38,39.118,25,51.683,33,33.369,21,6.791,5,14.431,9,2.578,2,1.680,1,3.320,2,2.362,2,1.044,1,3.971,3,6.789,3,12.142,7
135,96.129,58,24.197,15,3.238,3,27.665,17,8.336,6,10.316,8,23.186,15,0.000,0,13.100,7,6.857,4,3.428,2,6.259,4,3.424,2,0.000,0
136,71.168,42,35.195,22,2.885,2,31.500,18,10.600,8,10.875,8,15.871,11,2.446,2,3.232,2,7.671,5,8.668,3,4.054,2,0.000,0,0.000,0
137,75.252,46,47.456,28,29.056,19,25.824,18,11.058,9,12.932,7,54.540,36,18.404,12,0.000,0,11.096,6,11.518,6,14.238,10,0.000,0,6.940,6
138,75.540,50,51.782,26,10.796,7,38.825,24,8.143,6,7.483,6,29.919,20,126.432,73,4.893,3,7.643,5,4.211,3,25.608,16,0.000,0,6.559,4
139,59.693,41,22.838,14,13.198,8,50.921,33,11.200,8,13.784,9,15.329,9,3.782,2,0.000,0,1.122,1,0.000,0,3.146,2,0.000,0,4.347,3
140,61.975,41,45.290,25,8.972,4,25.387,18,45.427,30,21.405,13,5.565,4,8.522,6,4.462,3,3.375,3,4.919,2,11.633,5,8.194,6,7.697,5
141,82.008,49,42.635,27,9.364,6,24.275,16,58.840,36,7.174,5,7.050,5,17.398,10,5.651,3,2.427,2,1.680,1,7.747,7,0.000,0,2.950,2
142,88.670,56,46.015,30,4.825,3,24.236,17,70.572,46,25.418,17,18.461,12,0.000,0,0.000,0,0.000,0,6.760,5,10.709,7,7.987,5,9.748,7
143,65.365,41,32.873,24,9.092,5,32.471,21,214.126,130,17.614,12,27.366,18,5.361,3,2.273,1,7.740,4,24.395,15,0.000,0,3.539,3,9.425,6
144,119.665,72,31.835,23,1.044,1,48.740,32,204.034,132,16.747,7,41.979,24,2.130,2,5.043,3,7.834,6,17.274,11,4.966,3,9.188,6,17.893,11
145,134.109,82,35.755,22,0.000,0,43.507,26,157.374,106,14.773,8,37.616,25,3.338,2,4.954,3,4.898,3,29.663,18,4.046,2,9.672,8,0.000,0
146,98.734,55,18.846,12,0.000,0,35.642,24,54.677,33,17.540,9,4.498,4,2.882,2,1.612,1,6.748,6,1.895,1,4.448,3,6.434,5,2.778,2
147,52.031,34,18.002,12,1.573,1,10.898,6,3.928,3,13.833,7,10.994,6,0.000,0,3.292,2,1.355,1,0.000,0,0.000,0,0.000,0,0.000,0
148,74.830,49,27.273,18,21.566,12,18.300,11,20.092,14,3.710,2,6.608,6,0.000,0,4.611,2,6.856,3,0.000,0,12.146,6,7.808,4,3.957,3
149,104.491,64,42.525,26,7.720,5,4.922,3,2.391,2,5.326,2,7.944,6,0.000,0,0.000,0,5.783,4,0.000,0,2.077,1,14.262,6,15.526,8
150,93.877,54,64.982,36,10.210,5,36.731,25,13.092,9,13.823,8,17.711,11,0.000,0,0.000,0,5.723,4,0.000,0,2.230,2,0.000,0,2.946,2
151,0.000,0,0.000,0,0.000,0,0.000,0,0.000,0,0.000,0,0.000,0,0.000,0,0.000,0,0.000,0,0.000,0,0.000,0,0.000,0,0.000,0
152,83.216,52,53.387,32,6.649,5,49.411,29,9.858,7,35.269,24,37.965,21,4.382,2,2.742,1,7.311,4,6.241,4,16.773,12,19.722,11,3.371,2
153,92.889,59,47.990,26,14.802,8,28.748,19,2.810,2,58.277,41,20.424,13,9.471,5,6.819,3,2.706,2,1.119,1,1.208,1,0.000,0,6.813,5
154,61.458,42,49.811,32,5.608,3,28.658,14,17.204,10,15.032,8,9.944,7,0.000,0,0.000,0,5.585,4,17.502,12,24.009,15,0.000,0,0.000,0
155,131.274,87,53.371,38,6.814,6,25.722,17,13.207,10,29.910,21,10.648,7,6.106,4,1.487,1,9.073,7,3.600,2,0.000,0,10.284,3,9.069,7
156,149.906,96,55.790,37,11.286,6,32.771,23,4.347,3,40.831,29,20.439,14,2.088,2,6.015,4,19.072,14,6.456,3,2.682,2,12.723,8,2.252,1
157,185.023,116,54.737,35,8.131,5,87.040,58,86.361,57,132.858,92,35.226,24,7.206,4,0.000,0,18.154,13,15.429,9,1.551,1,4.644,3,2.667,1
158,128.517,88,68.578,42,15.935,9,66.308,39,213.176,133,265.766,174,35.150,23,0.000,0,0.000,0,20.401,15,6.206,4,12.138,8,7.388,5,4.725,3
159,103.189,69,54.120,31,15.474,7,33.685,23,119.223,71,28.544,17,37.672,23,2.684,1,2.380,2,19.948,11,18.621,13,4.304,4,29.476,18,12.243,8
160,120.151,74,38.733,22,2.806,2,25.195,18,30.083,22,15.532,11,21.191,13,17.155,9,2.845,2,5.548,3,7.558,6,4.283,3,3.411,3,4.523,3
161,81.912,52,28.852,18,3.899,3,19.586,12,133.843,83,12.035,7,4.279,3,0.000,0,0.000,0,3.550,3,1.641,1,1.573,1,2.596,2,14.955,10
162,113.800,69,31.267,17,5.691,4,16.546,12,91.512,60,9.616,8,22.039,15,2.888,2,6.989,4,0.000,0,0.000,0,22.738,15,14.255,10,3.535,3
163,82.598,55,51.517,33,7.007,4,12.756,7,76.681,48,16.613,9,4.126,3,0.000,0,2.406,1,12.256,8,0.000,0,1.509,1,2.088,2,5.740,2
164,101.541,62,32.433,18,3.549,2,21.346,12,49.976,28,2.652,2,20.806,13,1.305,1,2.624,2,10.322,8,5.197,4,8.143,4,2.766,2,1.022,1
165,125.259,82,22.234,15,5.815,4,26.756,19,10.696,8,16.397,11,34.656,25,0.000,0,0.000,0,8.102,4,2.617,2,11.990,6,0.000,0,6.669,3
166,233.616,132,46.537,27,12.143,7,44.966,31,19.812,14,15.669,10,30.986,15,0.000,0,4.350,3,8.422,5,2.724,2,8.214,7,0.000,0,0.000,0
167,89.779,52,43.818,24,5.877,5,30.311,21,22.333,16,9.241,5,34.576,19,0.000,0,0.000,0,9.504,5,1.684,1,7.100,6,1.441,1,7.352,5
168,65.182,39,34.868,22,5.780,4,19.468,13,46.043,27,18.933,12,8.927,7,3.832,2,5.026,2,7.579,4,0.000,0,6.148,4,0.000,0,7.814,6
169,73.002,46,31.476,22,16.668,12,18.869,11,52.797,34,36.826,24,11.592,9,3.496,2,2.199,2,0.000,0,4.629,2,7.810,6,6.426,4,0.000,0
170,90.450,59,47.758,28,17.248,10,19.092,12,65.783,44,25.683,17,12.113,7,0.000,0,0.000,0,3.375,2,0.000,0,7.714,6,1.616,1,1.205,1
171,100.742,66,42.211,25,9.456,7,46.995,29,0.000,0,10.360,8,46.851,33,0.000,0,7.758,5,5.373,4,6.888,4,2.088,2,4.719,3,8.506,6
172,48.546,35,25.427,17,25.006,16,36.076,22,41.850,27,130.921,79,41.157,24,0.000,0,4.190,2,2.180,2,7.488,5,3.024,2,8.181,3,7.910,5
173,92.078,56,57.015,34,5.127,3,92.079,56,28.595,16,131.391,85,22.661,14,2.060,2,0.000,0,0.000,0,10.038,5,0.000,0,0.000,0,14.394,10
174,45.020,29,30.516,18,4.554,2,30.646,19,15.282,11,6.812,5,13.706,11,1.122,1,0.000,0,10.747,5,5.079,3,2.220,2,0.000,0,3.810,2
175,53.454,39,36.741,21,8.218,6,13.569,10,12.994,8,10.478,7,25.761,14,0.000,0,0.000,0,10.662,7,1.962,1,4.418,3,0.000,0,4.461,3
176,128.246,74,50.534,29,23.565,15,43.086,26,17.375,14,17.364,10,25.679,17,0.000,0,1.802,1,0.000,0,3.610,2,18.819,13,4.194,3,4.161,3
177,83.067,56,48.271,29,8.937,7,41.767,23,25.517,17,7.851,6,23.807,15,7.403,6,2.088,2,24.028,16,4.065,3,4.990,4,7.023,6,6.162,4
178,112.632,76,62.225,43,2.659,2,22.849,14,118.742,86,19.471,13,39.415,22,1.612,1,9.147,4,16.365,11,6.733,6,1.916,1,3.282,2,7.974,6
179,68.993,46,49.038,31,9.053,6,49.025,33,213.652,133,19.182,11,21.912,14,6.706,4,10.636,6,5.559,3,8.969,6,1.148,1,9.700,5,13.649,10
180,92.999,61,14.371,9,9.867,7,37.287,22,69.311,47,9.322,6,29.059,22,2.831,1,0.000,0,6.660,4,3.252,2,2.882,2,0.000,0,5.790,4
181,138.438,91,52.233,32,11.159,7,35.253,22,96.322,54,14.013,8,21.608,14,3.955,3,0.000,0,1.044,1,6.674,5,2.856,2,3.874,2,13.273,8
182,142.798,90,91.395,51,19.154,13,29.136,17,31.854,22,33.476,27,25.526,14,3.393,3,3.486,3,2.831,2,1.594,1,3.146,2,9.494,6,5.434,3
183,130.159,91,46.192,26,33.857,22,26.615,14,90.624,57,10.484,8,31.228,19,2.846,2,1.058,1,8.147,5,7.913,5,0.000,0,0.000,0,0.000,0
184,238.736,148,39.745,26,23.162,16,24.188,17,131.996,80,17.030,14,17.545,12,4.636,3,0.000,0,15.555,10,3.120,3,2.574,2,0.000,0,6.014,4
185,363.449,226,60.860,38,32.667,19,50.302,31,388.060,247,84.722,58,22.994,13,8.174,6,8.189,5,14.403,11,30.441,19,0.000,0,0.000,0,9.101,5
186,474.993,297,49.366,34,13.383,9,51.088,31,286.425,188,58.703,38,34.063,22,10.612,8,3.900,3,8.233,5,29.484,20,0.000,0,14.091,8,10.787,7
187,328.097,199,27.918,21,4.787,3,30.224,18,107.876,72,41.594,24,40.242,26,0.000,0,4.460,3,32.495,21,1.194,1,0.000,0,14.118,11,6.819,3
188,243.462,157,35.986,25,34.218,15,43.200,28,122.027,72,13.404,10,12.671,9,2.652,2,0.000,0,11.599,7,12.745,10,2.988,2,3.428,1,6.128,4
189,81.651,56,38.959,23,34.250,17,42.025,26,93.540,70,17.965,10,10.082,7,4.995,4,1.044,1,18.452,11,0.000,0,8.964,6,9.186,4,11.058,10
190,210.056,130,56.193,35,2.803,2,23.888,13,90.819,62,44.702,34,13.993,12,5.912,3,0.000,0,8.990,6,0.000,0,7.467,7,14.191,11,1.251,1
191,187.575,116,41.719,29,38.666,26,22.481,15,88.664,64,34.549,24,16.805,13,0.000,0,4.043,2,1.373,1,0.000,0,13.727,10,1.709,1,10.226,8
192,274.053,178,36.898,25,37.489,28,67.749,44,109.960,76,54.675,41,26.308,17,3.454,2,11.088,6,20.643,11,18.593,12,15.182,8,21.001,13,0.000,0
193,113.404,76,28.513,20,34.621,22,63.973,40,92.255,58,22.143,15,15.245,10,0.000,0,1.319,1,20.452,12,3.994,3,3.874,2,11.346,5,11.425,8
194,152.998,93,23.621,14,9.126,5,44.410,27,141.047,102,35.012,24,20.474,13,11.325,7,0.000,0,13.188,9,3.510,2,4.104,2,0.000,0,2.710,2
195,102.675,64,52.559,33,2.742,1,25.056,16,16.307,12,51.894,34,11.143,9,1.122,1,6.686,4,3.270,3,5.468,4,15.442,10,0.000,0,8.580,4
196,91.022,54,56.636,33,5.161,3,46.338,30,1.283,1,27.354,18,12.282,8,8.779,5,0.000,0,5.720,4,23.253,14,5.412,3,14.370,6,3.163,3
197,143.106,89,27.516,19,6.803,5,24.165,14,10.338,8,40.250,24,19.134,15,0.000,0,4.618,4,5.516,3,26.410,16,19.495,13,4.353,3,10.666,6
198,80.816,44,25.263,15,4.265,3,42.605,28,11.764,7,33.647,23,16.426,13,4.693,3,3.260,2,1.326,1,16.729,10,7.775,4,0.000,0,10.300,5
199,135.994,85,34.772,23,25.214,18,48.842,35,42.295,27,22.247,15,17.353,11,2.346,2,6.800,4,14.316,8,21.323,14,5.811,3,0.000,0,1.355,1
200,61.105,39,17.497,11,7.775,5,21.801,16,96.737,60,34.023,22,12.867,9,3.421,2,1.126,1,10.371,7,16.147,10,7.853,5,7.057,5,2.788,2
201,94.462,64,22.602,13,8.625,4,31.615,20,155.573,93,28.722,18,5.926,4,0.000,0,0.000,0,0.000,0,9.501,7,2.552,2,2.346,2,15.725,6
202,120.694,64,22.392,13,10.398,6,25.542,16,57.272,37,29.004,19,8.754,5,8.458,5,0.000,0,11.642,6,11.489,7,6.384,3,1.612,1,3.196,3
203,108.402,58,22.787,15,35.789,22,30.134,19,60.694,41,15.500,10,17.227,11,2.960,2,0.000,0,8.488,7,12.697,8,1.619,1,0.000,0,6.557,5
204,141.438,87,25.507,14,37.330,24,25.487,15,178.433,110,36.881,23,5.337,3,0.000,0,1.727,1,14.250,11,16.990,10,6.630,5,1.194,1,0.000,0
205,128.111,81,19.075,15,6.277,3,15.958,11,107.848,74,14.809,10,17.835,12,4.599,4,0.000,0,4.522,3,7.417,5,7.052,6,1.019,1,0.000,0
206,123.369,77,21.565,13,3.800,3,14.049,9,46.234,30,6.553,5,22.442,12,3.495,3,4.386,4,12.622,8,6.127,4,9.740,5,0.000,0,9.906,8
207,41.120,30,16.535,11,7.826,6,30.991,21,84.438,58,48.548,31,12.472,9,3.690,3,0.000,0,0.000,0,6.505,3,4.876,4,3.202,2,1.019,1
208,51.381,33,20.598,13,3.553,2,27.443,18,47.444,30,109.330,72,3.636,3,0.000,0,0.000,0,1.255,1,1.666,1,10.901,7,2.624,2,5.062,4
209,76.623,48,43.715,28,4.726,3,28.370,19,7.815,6,33.003,25,4.323,3,4.790,4,0.000,0,7.555,5,0.000,0,11.267,9,1.044,1,8.608,6
210,105.037,70,23.789,16,7.328,5,24.585,17,5.924,5,36.712,23,6.187,4,0.000,0,0.000,0,1.144,1,3.168,2,7.279,5,17.140,5,4.098,3
211,97.477,59,9.391,6,13.138,8,32.268,21,13.171,8,19.589,12,13.541,11,8.949,6,0.000,0,7.071,6,3.042,2,2.216,1,0.000,0,3.790,2
212,100.550,62,23.523,14,10.041,7,36.538,22,9.373,7,6.552,3,12.565,8,4.296,2,0.000,0,6.124,5,5.266,3,0.000,0,0.000,0,0.000,0
213,83.180,51,31.752,19,2.381,2,36.415,23,18.737,9,20.131,15,6.292,4,1.305,1,9.860,8,3.951,3,1.684,1,0.000,0,10.533,6,3.629,3
214,44.303,26,20.744,12,6.262,4,31.367,19,6.205,3,34.082,24,18.877,11,0.000,0,0.000,0,7.782,4,1.684,1,0.000,0,0.000,0,2.324,2
215,35.509,20,25.300,15,1.834,1,49.269,31,8.780,4,10.635,7,6.736,4,0.000,0,0.000,0,7.575,5,1.065,1,6.973,5,3.582,3,3.810,2
216,86.522,51,20.674,11,51.281,32,14.162,8,18.872,13,11.487,8,15.116,11,0.000,0,0.000,0,3.020,2,0.000,0,0.000,0,0.000,0,6.819,3
217,79.875,56,9.032,5,108.811,71,37.550,26,59.302,36,15.038,10,26.612,16,11.139,7,0.000,0,2.460,2,0.000,0,5.572,3,0.000,0,0.000,0
218,60.743,39,15.409,10,2.541,2,21.248,12,100.807,62,16.602,11,23.369,15,0.000,0,0.000,0,9.828,6,1.323,1,3.318,3,0.000,0,0.000,0
219,116.224,72,11.610,7,2.027,2,35.372,20,83.794,52,19.410,12,24.054,16,3.428,1,6.015,3,2.749,2,2.327,1,14.878,9,0.000,0,3.789,3
220,139.336,80,22.135,10,5.969,4,24.763,16,93.429,55,9.054,8,8.186,6,0.000,0,0.000,0,1.008,1,1.591,1,1.827,1,0.000,0,0.000,0
221,56.446,34,9.056,6,9.390,5,40.441,22,101.578,61,14.953,9,15.073,11,0.000,0,4.323,3,4.018,3,6.871,4,0.000,0,3.504,2,2.882,2
222,37.843,24,8.093,5,3.263,2,21.946,13,116.931,70,11.839,7,2.477,2,3.302,2,0.000,0,2.670,2,5.623,4,3.542,3,5.234,2,0.000,0
223,47.902,30,20.276,10,3.217,2,19.511,10,44.679,26,7.625,7,6.862,5,5.840,2,0.000,0,1.691,1,3.114,2,1.158,1,0.000,0,0.000,0
224,86.895,54,13.618,10,2.589,2,31.882,24,110.106,69,13.102,8,12.857,9,3.582,3,2.556,1,0.000,0,6.528,4,1.044,1,5.026,2,8.637,7
225,75.674,46,11.669,9,2.173,2,31.050,20,63.459,42,14.762,9,5.322,3,0.000,0,1.480,1,1.158,1,2.610,2,6.813,4,17.310,7,3.796,2
226,119.816,79,5.391,5,6.174,4,34.289,23,8.880,7,13.206,9,46.833,30,8.782,6,1.519,1,3.189,2,1.233,1,7.692,5,2.656,2,4.912,3
227,25.071,16,0.000,0,7.682,4,7.686,5,1.026,1,26.755,18,3.299,3,0.000,0,0.000,0,7.353,5,4.880,3,1.998,1,1.684,1,3.085,2
228,0.000,0,0.000,0,0.000,0,0.000,0,0.000,0,0.000,0,0.000,0,0.000,0,0.000,0,0.000,0,0.000,0,0.000,0,0.000,0,0.000,0
229,0.000,0,0.000,0,0.000,0,0.000,0,0.000,0,0.000,0,0.000,0,0.000,0,0.000,0,0.000,0,0.000,0,0.000,0,0.000,0,0.000,0
230,0.000,0,0.000,0,0.000,0,0.000,0,0.000,0,0.000,0,0.000,0,0.000,0,0.000,0,0.000,0,0.000,0,0.000,0,0.000,0,0.000,0
231,0.000,0,0.000,0,0.000,0,0.000,0,0.000,0,0.000,0,0.000,0,0.000,0,0.000,0,0.000,0,0.000,0,0.000,0,0.000,0,0.000,0
232,0.000,0,0.000,0,0.000,0,0.000,0,0.000,0,0.000,0,0.000,0,0.000,0,0.000,0,0.000,0,0.000,0,0.000,0,0.000,0,0.000,0
233,27.573,19,8.541,7,9.466,6,6.271,4,25.572,17,8.350,6,5.612,3,5.662,4,0.000,0,3.131,2,1.044,1,1.544,1,1.398,1,1.140,1
234,92.860,64,58.769,35,41.653,28,39.618,26,107.963,68,18.485,13,24.926,18,0.000,0,4.497,3,16.334,10,1.580,1,4.054,3,0.000,0,6.695,5
235,23.455,18,9.713,7,17.411,11,2.520,2,32.118,23,81.208,56,0.000,0,0.000,0,0.000,0,1.862,1,10.832,7,0.000,0,1.162,1,4.278,3
236,39.207,25,7.457,6,5.676,4,1.144,1,68.637,42,28.749,19,0.000,0,3.428,1,0.000,0,2.588,2,8.344,6,1.208,1,0.000,0,1.401,1
237,31.137,20,11.969,8,6.859,4,3.610,2,8.158,6,15.705,11,1.373,1,0.000,0,0.000,0,3.496,2,1.083,1,0.000,0,1.487,1,0.000,0
238,27.903,19,15.995,11,11.895,7,8.503,6,3.532,3,7.640,6,0.000,0,7.635,5,0.000,0,0.000,0,1.158,1,0.000,0,4.212,4,0.000,0
239,57.028,38,37.710,26,9.906,4,8.828,6,5.101,3,5.581,5,16.930,10,4.024,2,0.000,0,0.000,0,3.045,2,2.160,2,0.000,0,1.752,1
240,153.892,108,97.443,59,43.393,26,21.377,14,26.814,17,28.794,21,10.078,6,11.268,7,0.000,0,15.937,8,10.930,7,20.823,12,0.000,0,11.968,8
241,122.874,81,94.851,65,46.526,30,24.697,15,104.990,72,45.023,27,14.517,8,4.648,4,0.000,0,9.229,7,21.997,13,24.039,16,5.811,3,7.236,5
242,106.509,62,115.433,61,29.774,17,88.651,52,164.698,104,87.367,58,41.451,28,6.896,3,8.432,5,6.695,4,27.636,19,3.236,3,7.659,6,10.058,8
243,0.000,0,0.000,0,0.000,0,0.000,0,0.000,0,0.000,0,0.000,0,0.000,0,0.000,0,0.000,0,0.000,0,0.000,0,0.000,0,0.000,0
244,38.331,23,57.276,36,51.530,26,24.672,16,0.000,0,27.329,17,9.008,6,0.000,0,4.068,3,2.535,2,4.082,3,3.654,2,4.737,4,5.170,4
245,106.377,61,82.340,50,27.099,17,31.610,19,2.988,2,19.849,14,8.883,6,5.634,4,0.000,0,6.303,4,3.085,2,2.077,1,0.000,0,2.524,2
246,106.524,75,66.869,46,23.523,14,26.865,16,4.873,4,42.566,30,8.529,5,13.008,7,1.476,1,11.045,7,38.673,24,4.515,3,0.000,0,1.044,1
247,89.362,62,53.847,37,34.713,21,26.162,18,0.000,0,49.350,36,7.060,4,12.365,9,1.044,1,2.634,2,19.642,14,4.808,3,11.281,7,0.000,0
248,80.819,56,58.253,37,38.871,22,34.431,25,31.675,21,65.688,45,21.111,15,1.233,1,0.000,0,17.213,8,36.995,26,4.482,4,0.000,0,6.431,4
249,19.591,14,14.262,9,5.334,3,5.577,4,6.002,5,18.717,14,0.000,0,4.160,2,0.000,0,1.326,1,6.313,4,0.000,0,0.000,0,0.000,0
250,20.146,14,9.849,6,1.737,1,5.848,4,17.276,11,25.233,16,0.000,0,1.044,1,0.000,0,0.000,0,4.762,4,0.000,0,0.000,0,5.394,3
251,16.374,7,2.323,1,1.548,1,17.193,12,1.727,1,18.102,11,0.000,0,0.000,0,0.000,0,0.000,0,9.982,8,0.000,0,0.000,0,0.000,0
252,6.984,4,4.593,2,0.000,0,3.410,2,0.000,0,4.194,3,0.000,0,1.122,1,0.000,0,0.000,0,0.000,0,0.000,0,0.000,0,0.000,0
253,5.559,4,2.513,1,0.000,0,0.000,0,9.559,6,2.842,2,1.312,1,0.000,0,0.000,0,0.000,0,0.000,0,0.000,0,0.000,0,1.122,1
254,4.858,3,3.167,2,2.749,2,1.062,1,1.744,1,2.659,2,0.000,0,0.000,0,0.000,0,0.000,0,0.000,0,0.000,0,0.000,0,0.000,0
255,6.106,4,2.227,2,0.000,0,2.502,1,5.011,3,0.000,0,4.101,3,0.000,0,0.000,0,0.000,0,1.305,1,0.000,0,0.000,0,0.000,0
256,19.510,13,7.156,4,0.000,0,2.731,2,13.060,9,4.526,3,3.639,3,0.000,0,2.210,2,0.000,0,0.000,0,0.000,0,0.000,0,0.000,0
257,12.607,9,8.811,5,8.399,5,6.178,4,7.368,3,10.761,7,2.192,2,0.000,0,0.000,0,0.000,0,0.000,0,0.000,0,0.000,0,1.376,1
258,23.145,16,2.338,1,7.886,4,1.684,1,15.436,11,11.809,9,2.774,2,0.000,0,0.000,0,2.652,2,3.704,2,0.000,0,0.000,0,0.000,0
259,7.070,6,0.000,0,1.373,1,4.272,3,11.736,8,2.052,2,3.986,3,0.000,0,0.000,0,0.000,0,0.000,0,0.000,0,0.000,0,1.573,1
260,6.970,4,1.083,1,1.326,1,0.000,0,18.317,11,9.428,7,0.000,0,0.000,0,0.000,0,0.000,0,0.000,0,0.000,0,0.000,0,0.000,0
261,0.000,0,0.000,0,0.000,0,0.000,0,0.000,0,2.474,1,0.000,0,0.000,0,0.000,0,0.000,0,0.000,0,0.000,0,0.000,0,2.188,1
262,8.358,6,3.228,2,1.276,1,1.090,1,7.993,5,6.233,4,2.409,2,0.000,0,0.000,0,1.069,1,2.627,2,0.000,0,0.000,0,0.000,0
263,3.589,2,7.119,6,4.968,3,1.205,1,4.429,3,18.930,13,0.000,0,0.000,0,0.000,0,0.000,0,1.487,1,0.000,0,0.000,0,0.000,0
264,14.163,9,6.828,5,0.000,0,3.263,2,2.030,1,38.970,25,1.090,1,0.000,0,0.000,0,3.671,2,3.982,3,0.000,0,0.000,0,0.000,0
265,18.238,13,11.099,7,26.808,16,2.530,2,0.000,0,13.509,9,5.334,2,0.000,0,0.000,0,0.000,0,2.914,2,5.983,4,0.000,0,0.000,0
266,34.443,24,3.396,2,22.291,15,2.288,2,9.925,7,7.850,6,7.492,6,0.000,0,0.000,0,0.000,0,0.000,0,1.341,1,2.902,2,2.796,2
267,16.220,12,13.234,8,5.520,4,9.994,8,10.366,6,25.324,20,1.262,1,2.016,2,0.000,0,3.188,2,2.480,2,2.088,2,0.000,0,2.110,2
268,26.256,21,14.685,11,5.948,4,12.275,5,6.363,5,15.748,12,1.248,1,2.796,2,0.000,0,4.018,2,1.491,1,0.000,0,7.587,4,0.000,0
269,28.705,19,6.972,4,21.764,16,20.734,18,14.814,10,15.502,11,6.953,5,3.760,2,0.000,0,3.146,2,3.146,2,0.000,0,2.152,2,0.000,0
270,61.576,40,25.596,18,27.028,18,10.757,7,3.088,2,34.624,23,4.257,3,0.000,0,0.000,0,13.143,10,11.196,6,0.000,0,0.000,0,0.000,0
271,33.405,25,37.174,25,14.524,10,4.860,4,71.847,46,8.575,7,10.167,6,0.000,0,0.000,0,0.000,0,3.024,3,0.000,0,6.764,4,9.975,6
272,28.667,19,25.566,19,4.848,4,0.000,0,32.771,23,20.755,13,5.420,4,10.852,8,0.000,0,9.380,8,0.000,0,0.000,0,0.000,0,5.464,4
273,78.855,51,108.844,69,46.214,32,22.454,16,74.983,52,23.424,18,12.375,7,12.337,7,3.632,2,9.124,7,4.200,3,8.780,4,5.034,4,0.000,0
274,114.915,79,70.939,40,82.740,50,91.514,57,130.250,92,139.227,93,9.347,7,19.520,15,13.755,5,1.273,1,13.601,11,6.156,4,3.188,2,18.191,12
275,65.345,46,102.200,65,53.703,33,19.983,13,182.257,120,259.480,176,29.346,21,1.101,1,2.707,2,0.000,0,13.750,10,10.329,6,4.911,3,1.523,1
276,86.135,58,107.135,71,70.467,45,58.816,40,85.543,61,75.322,54,28.012,17,10.584,7,6.037,3,26.813,14,12.789,9,14.415,8,2.088,2,2.774,2
277,107.559,63,123.780,73,100.672,72,73.268,54,255.988,168,42.256,24,19.279,14,9.236,4,17.948,7,1.190,1,7.018,5,10.824,10,0.000,0,0.000,0
278,69.251,50,75.073,49,37.312,27,34.547,26,45.556,32,44.967,30,2.370,2,7.164,4,0.000,0,8.215,4,6.532,4,20.346,12,3.165,3,8.118,6
279,114.010,71,59.184,34,6.285,3,23.370,16,11.802,9,27.638,20,11.985,7,12.610,7,0.000,0,0.000,0,0.000,0,2.566,2,0.000,0,4.708,3
280,87.893,54,56.242,37,22.487,16,21.347,11,57.191,43,18.368,12,0.000,0,7.668,6,1.937,1,5.803,4,14.385,10,1.669,1,0.000,0,3.528,3
281,141.898,94,69.951,44,27.033,15,41.565,27,122.647,84,39.204,25,34.664,20,4.737,3,18.105,8,4.194,3,0.000,0,3.874,2,13.178,7,10.789,7
282,108.943,71,110.166,63,77.922,52,22.503,17,10.180,8,20.618,13,57.318,36,0.000,0,2.684,1,7.650,5,3.368,2,3.781,3,0.000,0,6.467,4
283,131.091,80,69.557,47,116.063,76,48.813,35,9.538,6,101.628,69,31.102,16,2.488,2,1.416,1,6.452,5,7.252,4,2.602,2,7.349,5,3.615,3
284,75.325,51,58.417,39,40.460,25,27.680,20,6.224,5,24.580,17,31.213,19,6.578,3,2.173,1,6.537,4,7.367,5,0.000,0,4.548,3,1.026,1
285,97.131,54,46.803,30,46.846,28,29.756,21,3.628,2,35.098,22,27.712,19,11.308,7,2.652,2,3.614,3,6.220,4,1.734,1,0.000,0,4.705,4
286,27.367,19,22.586,16,19.948,14,14.806,8,1.005,1,14.374,9,16.541,9,0.000,0,5.388,4,0.000,0,3.835,2,3.138,2,0.000,0,1.766,1
287,96.209,65,19.995,12,28.818,20,21.443,16,0.000,0,30.984,22,24.129,15,5.224,4,0.000,0,0.000,0,3.922,3,7.492,4,8.161,5,4.065,3
288,83.359,48,47.670,34,44.619,28,6.581,4,1.773,1,7.424,5,32.665,21,4.448,4,1.326,1,2.052,2,6.491,4,0.000,0,3.036,3,3.324,3
289,65.211,47,52.823,35,47.152,31,27.075,16,15.184,11,62.159,43,28.680,18,0.000,0,2.681,2,0.000,0,7.891,6,3.708,3,9.971,5,0.000,0
290,72.209,49,56.268,33,58.167,36,16.861,12,10.552,8,56.978,39,4.132,2,4.304,2,3.428,1,6.576,4,8.230,6,7.110,6,0.000,0,0.000,0
291,27.447,19,39.498,23,18.347,12,16.972,12,8.529,6,44.939,31,25.163,18,0.000,0,5.256,3,2.474,1,4.904,2,6.256,4,5.720,4,1.126,1
292,10.920,8,7.736,5,8.674,7,0.000,0,0.000,0,18.356,13,0.000,0,0.000,0,0.000,0,0.000,0,0.000,0,0.000,0,0.000,0,3.096,2
293,36.767,21,2.274,2,41.964,24,5.488,4,0.000,0,42.168,31,5.749,4,0.000,0,0.000,0,3.366,3,2.974,2,5.018,4,0.000,0,0.000,0
294,72.003,46,38.537,19,19.567,12,4.829,3,6.713,4,86.793,59,2.466,2,0.000,0,1.937,1,0.000,0,1.044,1,0.000,0,0.000,0,1.366,1
295,93.059,55,34.387,20,49.473,28,9.115,6,2.652,2,33.206,21,20.589,13,0.000,0,0.000,0,1.005,1,0.000,0,0.000,0,2.732,2,3.940,2
296,88.061,61,60.186,34,48.420,31,3.142,2,1.090,1,14.927,10,18.266,9,4.596,2,3.239,2,1.373,1,3.994,3,2.660,2,3.874,2,2.846,2
297,65.106,45,64.372,44,13.257,6,31.254,20,2.244,2,16.485,11,19.113,14,1.080,1,0.000,0,2.767,2,9.241,4,5.412,4,2.088,2,5.063,4
298,79.038,51,40.953,26,8.286,6,38.614,25,8.784,7,159.674,102,17.091,12,0.000,0,0.000,0,1.326,1,2.624,2,1.594,1,9.238,6,1.019,1
299,90.465,57,39.414,25,16.401,9,24.936,16,1.498,1,96.352,64,9.637,7,0.000,0,1.308,1,11.034,7,15.818,8,0.000,0,17.462,10,3.657,2
300,57.562,35,46.594,28,16.396,10,16.067,11,6.062,4,25.449,17,22.851,16,3.082,2,0.000,0,11.167,7,4.146,3,1.158,1,12.467,8,1.087,1
301,66.706,51,77.756,50,33.919,23,16.233,12,25.419,16,7.056,6,15.981,11,7.120,4,1.741,1,3.314,2,5.554,4,10.472,8,6.070,4,4.304,2
302,121.344,72,58.911,34,78.405,52,20.480,14,3.761,3,72.093,51,17.428,13,1.230,1,3.435,2,1.248,1,1.026,1,3.500,2,3.064,2,0.000,0
303,117.173,77,41.277,28,82.002,49,30.336,18,8.922,6,45.618,30,9.641,7,3.603,3,8.826,3,3.035,2,6.355,4,2.702,2,3.385,3,5.614,4
304,113.219,68,58.225,37,40.917,25,23.621,17,8.783,4,39.780,26,50.146,33,16.297,9,6.856,2,7.208,5,5.243,2,9.798,7,6.519,3,6.638,5
305,85.582,53,41.697,26,37.789,26,44.198,33,9.129,5,141.673,92,21.627,11,1.630,1,3.353,2,3.263,2,9.405,7,11.294,8,4.379,3,13.564,10
306,95.731,59,47.058,31,43.651,27,30.617,20,6.962,5,42.237,24,38.069,24,3.336,3,7.045,3,1.262,1,7.264,5,3.299,3,5.612,4,6.984,5
307,63.663,42,27.957,19,19.005,13,17.348,11,8.626,6,59.876,38,41.064,26,0.000,0,0.000,0,0.000,0,1.469,1,4.773,3,0.000,0,2.088,2
308,47.681,33,33.521,21,39.959,23,24.078,15,1.158,1,4.994,3,27.567,14,3.238,2,1.090,1,5.862,3,3.835,3,1.441,1,5.662,4,8.608,4
309,79.866,51,43.517,28,43.014,27,18.803,13,3.160,3,25.049,14,14.802,11,3.594,3,2.534,1,2.846,2,5.385,4,0.000,0,5.528,4,0.000,0
310,94.191,62,28.091,20,19.351,15,21.166,15,13.192,7,10.353,7,0.000,0,3.474,2,10.560,5,3.085,2,7.674,5,1.573,1,11.280,8,4.861,3
311,53.625,35,44.705,27,32.002,18,5.873,3,5.287,5,18.813,15,5.819,4,0.000,0,2.005,1,5.829,4,0.000,0,7.664,4,2.946,2,0.000,0
312,26.808,19,41.796,24,9.250,6,34.383,23,15.049,9,27.579,18,19.308,14,1.366,1,0.000,0,1.223,1,6.727,4,0.000,0,2.932,2,0.000,0
313,4.261,4,8.148,6,13.305,7,2.248,1,1.802,1,4.618,4,0.000,0,3.024,2,0.000,0,7.799,5,1.873,1,0.000,0,0.000,0,0.000,0
314,54.954,39,40.414,25,9.323,6,1.083,1,3.015,3,0.000,0,6.192,4,0.000,0,5.842,4,0.000,0,1.022,1,4.149,3,0.000,0,0.000,0
315,85.565,52,17.140,9,11.886,8,20.253,14,0.000,0,1.097,1,13.922,8,3.504,3,6.134,4,2.949,2,3.636,3,5.606,4,3.302,2,7.248,6
316,67.148,42,20.503,16,9.126,6,13.509,9,0.000,0,1.169,1,7.732,4,3.932,3,1.019,1,7.238,3,5.402,4,2.646,2,4.311,3,3.688,2
317,76.728,44,25.427,14,13.941,10,26.042,16,0.000,0,5.018,3,0.000,0,0.000,0,4.623,3,2.974,2,9.645,6,0.000,0,0.000,0,3.524,2
318,61.737,41,32.334,21,14.727,9,28.619,17,2.524,2,0.000,0,6.238,3,5.233,3,5.766,3,1.641,1,3.031,2,0.000,0,0.000,0,2.124,2
319,57.404,35,30.650,18,40.907,25,26.800,16,13.317,9,12.346,5,11.581,7,0.000,0,5.788,3,2.967,2,2.291,1,2.824,2,7.947,6,0.000,0
320,105.002,62,42.093,26,55.994,31,51.090,31,2.767,2,0.000,0,23.353,15,13.287,7,7.218,4,11.055,7,0.000,0,0.000,0,3.496,2,7.408,4
321,89.651,50,29.331,20,6.517,5,14.837,9,1.419,1,0.000,0,0.000,0,1.684,1,5.219,3,1.108,1,1.594,1,5.884,4,0.000,0,5.492,4
322,83.007,52,39.611,26,16.545,8,31.972,18,0.000,0,8.594,6,4.368,3,12.062,9,7.671,5,3.142,2,2.248,1,5.770,4,2.352,2,0.000,0
323,46.329,30,12.868,7,19.656,12,16.168,10,1.240,1,5.083,4,0.000,0,0.000,0,1.205,1,4.854,2,1.998,1,2.788,2,4.686,3,4.224,3
324,6.756,4,4.025,2,2.616,2,1.698,1,0.000,0,0.000,0,0.000,0,0.000,0,0.000,0,0.000,0,0.000,0,1.072,1,0.000,0,0.000,0
325,108.155,71,52.797,34,25.166,17,25.276,17,3.819,3,6.786,5,8.108,6,0.000,0,12.695,7,3.578,2,1.523,1,1.405,1,5.332,4,1.301,1
326,79.793,47,34.839,22,45.483,28,32.511,18,9.442,8,43.427,28,7.782,6,0.000,0,0.000,0,7.393,4,10.956,6,2.496,2,8.406,4,12.561,8
327,36.759,22,40.122,25,4.594,3,12.379,8,0.000,0,11.076,8,34.510,22,10.062,5,4.469,3,0.000,0,6.434,4,13.285,9,3.724,2,3.188,3
328,32.822,24,40.364,26,9.805,6,12.697,9,4.590,3,3.518,2,8.111,7,0.000,0,1.659,1,1.523,1,7.978,3,7.958,6,0.000,0,3.068,2
329,56.023,37,39.216,24,2.516,2,10.514,6,2.480,2,1.873,1,12.916,8,3.368,3,19.980,11,1.802,1,10.691,6,1.083,1,0.000,0,10.242,5
330,40.776,22,6.928,5,10.314,6,0.000,0,0.000,0,2.088,2,13.033,8,0.000,0,1.998,1,1.766,1,4.125,3,12.541,7,5.804,2,0.000,0
331,26.714,14,17.430,9,28.255,21,23.279,14,10.269,5,14.601,8,0.000,0,0.000,0,9.280,5,1.998,1,0.000,0,0.000,0,6.856,2,2.166,2
332,25.684,16,19.243,11,9.988,6,8.451,5,0.000,0,8.976,7,10.318,9,0.000,0,6.856,2,5.252,3,0.000,0,0.000,0,7.412,4,0.000,0
333,56.184,36,8.547,6,29.723,18,18.138,12,0.000,0,5.981,5,13.989,11,0.000,0,0.000,0,0.000,0,2.838,2,3.982,2,20.470,12,0.000,0
334,42.879,24,9.276,6,14.396,9,27.108,16,4.837,3,48.465,33,5.988,3,0.000,0,3.453,2,12.130,7,7.100,6,6.071,4,10.125,6,4.173,3
335,68.863,39,23.844,18,10.801,7,19.035,14,2.480,2,4.092,3,16.810,9,0.000,0,2.610,2,1.777,1,0.000,0,4.182,3,0.000,0,0.000,0
336,35.319,26,31.823,20,26.035,15,3.406,2,5.018,3,1.612,1,17.116,13,3.974,2,1.083,1,0.000,0,8.054,4,2.610,2,0.000,0,4.400,3
337,30.770,18,45.623,28,47.515,31,11.429,8,6.417,3,7.444,4,7.745,5,1.105,1,6.260,4,0.000,0,1.937,1,2.038,2,13.076,6,0.000,0
338,45.308,28,34.916,22,23.062,14,17.976,10,1.791,1,8.764,6,7.464,3,2.631,1,3.996,3,0.000,0,2.173,1,1.083,1,0.000,0,3.324,3
339,76.249,39,19.242,13,48.212,31,24.970,14,2.216,1,10.324,5,2.613,2,1.373,1,4.640,3,15.900,8,0.000,0,3.495,3,0.000,0,0.000,0
340,75.540,43,52.955,32,67.325,40,22.805,9,3.303,2,13.209,8,24.724,15,0.000,0,3.368,2,8.386,5,6.248,3,0.000,0,1.230,1,6.217,4
341,67.216,41,57.561,36,27.523,16,45.163,27,0.000,0,13.642,10,14.244,9,0.000,0,0.000,0,0.000,0,13.245,7,8.608,6,11.596,6,0.000,0
342,66.814,45,34.711,24,39.192,24,4.880,3,2.570,2,11.640,6,9.018,3,1.466,1,0.000,0,1.162,1,2.588,1,1.208,1,0.000,0,0.000,0
343,74.776,44,58.098,37,51.664,28,11.939,7,0.000,0,10.664,8,2.674,2,0.000,0,6.094,3,2.580,2,0.000,0,0.000,0,0.000,0,3.399,3
344,0.000,0,0.000,0,0.000,0,0.000,0,0.000,0,0.000,0,0.000,0,0.000,0,0.000,0,0.000,0,0.000,0,0.000,0,0.000,0,0.000,0
345,68.806,46,33.394,17,24.366,15,12.450,8,1.044,1,8.297,6,10.740,7,1.230,1,1.298,1,3.564,3,0.000,0,6.988,4,0.000,0,4.572,4
346,12.090,5,0.000,0,7.542,3,0.000,0,0.000,0,0.000,0,0.000,0,0.000,0,0.000,0,0.000,0,0.000,0,0.000,0,0.000,0,0.000,0
347,33.929,24,6.426,4,18.586,10,17.051,9,1.122,1,0.000,0,6.875,5,0.000,0,0.000,0,5.162,3,2.685,2,0.000,0,15.176,9,0.000,0
348,77.025,47,21.706,13,23.781,15,38.468,23,4.346,2,6.184,4,5.840,4,0.000,0,18.989,10,1.065,1,0.000,0,3.096,2,0.000,0,2.194,2
349,50.589,32,8.153,5,26.947,16,14.959,9,11.977,10,15.005,11,0.000,0,0.000,0,2.191,2,1.165,1,0.000,0,0.000,0,0.000,0,0.000,0
350,51.279,34,6.030,4,55.053,34,26.688,15,0.000,0,30.179,17,13.903,8,0.000,0,1.827,1,1.230,1,0.000,0,1.158,1,2.652,2,0.000,0
351,76.389,52,2.566,2,14.424,9,12.861,6,0.000,0,6.863,4,2.481,1,0.000,0,7.002,3,0.000,0,0.000,0,2.916,2,5.529,4,0.000,0
352,58.156,38,9.169,6,11.660,8,17.735,12,0.000,0,2.352,2,2.088,2,0.000,0,3.678,3,0.000,0,4.998,3,2.060,2,2.010,2,1.165,1
353,50.421,36,0.000,0,33.387,21,6.785,5,0.000,0,0.000,0,10.774,6,0.000,0,0.000,0,3.163,2,2.327,2,11.463,6,6.634,4,0.000,0
354,57.919,35,2.981,2,6.060,4,10.248,6,4.840,4,12.726,9,12.511,10,0.000,0,0.000,0,3.031,2,5.377,3,0.000,0,8.050,5,3.446,2
355,68.330,41,6.034,4,30.366,18,11.593,8,15.653,8,69.404,45,12.579,9,0.000,0,4.097,3,5.811,3,2.534,1,2.388,2,16.154,8,9.330,6
356,37.274,21,1.566,1,4.161,2,0.000,0,5.785,4,13.028,8,13.905,9,0.000,0,5.359,4,2.563,1,0.000,0,0.000,0,5.068,2,0.000,0
357,37.441,31,7.978,5,0.000,0,1.130,1,6.760,3,2.038,2,22.684,13,0.000,0,0.000,0,1.237,1,0.000,0,0.000,0,7.841,4,12.729,8
358,28.738,21,3.178,2,0.000,0,12.089,6,1.394,1,5.976,4,24.263,14,0.000,0,0.000,0,1.280,1,2.742,2,5.090,3,0.000,0,0.000,0
359,23.131,17,3.046,2,1.612,1,7.014,4,0.000,0,1.012,1,3.582,3,0.000,0,5.162,3,6.788,4,0.000,0,0.000,0,0.000,0,0.000,0
360,27.230,16,3.132,3,0.000,0,8.989,6,0.000,0,9.880,4,1.723,1,0.000,0,0.000,0,1.162,1,0.000,0,6.852,5,0.000,0,0.000,0
361,27.568,19,4.548,4,5.719,5,28.007,16,1.441,1,10.732,6,22.576,14,0.000,0,2.667,1,6.217,4,2.742,2,0.000,0,0.000,0,3.003,3
362,28.679,19,4.458,3,29.601,20,21.933,16,5.158,3,12.389,7,16.564,13,0.000,0,5.562,4,6.006,4,7.389,5,5.661,3,0.000,0,5.426,2
363,36.572,24,5.474,4,15.632,12,12.130,8,16.347,9,89.152,52,18.774,13,1.326,1,1.366,1,1.344,1,5.344,3,0.000,0,0.000,0,0.000,0
364,34.418,23,4.858,3,6.598,5,7.382,5,0.000,0,0.000,0,3.465,3,0.000,0,0.000,0,2.638,2,6.185,4,2.230,2,0.000,0,0.000,0
365,15.421,11,29.298,21,11.493,7,17.201,11,4.990,4,0.000,0,2.330,2,0.000,0,1.430,1,3.715,3,4.161,3,9.973,5,0.000,0,0.000,0
