,cluster0,,,cluster1,,,cluster2,,,cluster3,,,cluster4,,
date,n,senti,pos_n,neg_n,n,senti,pos_n,neg_n,n,senti,pos_n,neg_n,n,senti,pos_n,neg_n,n,senti,pos_n,neg_n
2014-01-22,12,-3.247,1,3,10,1.935,0,0,4,1.444,0,0,0,0.000,0,0,0,0.000,0,0
2014-01-23,143,-2.558,20,20,93,-13.028,12,19,36,4.180,7,4,2,-1.818,0,1,5,2.762,1,0
2014-01-24,121,15.514,22,17,107,10.715,20,11,40,9.785,7,2,3,-0.846,0,0,3,0.025,0,0
2014-01-25,76,-12.330,7,10,81,-5.421,8,10,60,4.369,11,8,9,1.344,1,0,0,0.000,0,0
2014-01-26,125,1.513,18,15,110,10.873,18,14,57,-14.400,5,11,5,1.622,2,1,4,2.134,1,0
2014-01-27,205,8.493,28,21,139,-0.197,20,17,50,6.134,8,5,8,1.207,1,0,0,0.000,0,0
2014-01-28,147,6.371,21,18,144,-6.371,16,17,44,5.363,6,4,5,6.210,3,0,3,1.960,1,0
2014-01-29,105,-3.293,12,10,127,0.476,16,16,36,1.760,3,3,4,-0.136,0,0,1,-0.142,0,0
2014-01-30,101,3.287,16,13,119,9.790,20,18,29,2.056,3,0,3,-1.179,0,0,2,-2.543,0,1
2014-01-31,112,9.640,15,11,109,7.464,16,11,32,-5.593,3,4,3,-0.636,1,1,3,2.045,2,0
2014-02-01,95,-4.712,10,12,98,-8.280,15,20,62,-4.089,8,8,5,-1.102,1,1,1,-0.142,0,0
2014-02-02,92,-4.039,12,14,146,8.614,26,20,71,10.145,17,7,9,-3.961,1,3,4,1.651,1,0
2014-02-03,129,-1.988,17,19,175,-2.067,34,28,68,7.688,10,5,3,-0.426,0,0,2,3.124,2,0
2014-02-04,131,7.953,17,14,125,-8.904,13,15,34,-0.950,4,5,4,0.166,1,0,4,-0.313,1,0
2014-02-05,105,-3.353,14,17,141,-11.565,21,19,44,-9.066,3,9,6,5.013,2,0,0,0.000,0,0
2014-02-06,123,-14.849,13,16,120,-4.367,14,14,26,-0.532,4,3,4,2.702,0,0,2,0.376,0,0
2014-02-07,128,-5.191,14,15,109,-0.620,15,18,24,-2.341,5,4,5,0.408,0,0,3,-2.269,0,1
2014-02-08,129,4.481,25,15,121,-10.717,16,17,45,4.602,7,8,6,5.253,3,0,5,3.426,2,0
2014-02-09,82,-0.048,12,8,92,-7.296,11,14,50,2.085,5,4,2,1.243,1,0,0,0.000,0,0
2014-02-10,111,1.505,14,11,116,-4.675,15,10,32,0.323,5,5,3,-0.785,0,0,1,-2.053,0,1
2014-02-11,105,-8.858,14,18,102,-29.174,7,19,29,-12.614,3,7,8,2.029,2,0,2,1.069,1,0
2014-02-12,121,-7.230,18,16,115,1.220,15,14,28,-1.777,3,3,5,-3.102,0,0,2,0.550,1,1
2014-02-13,129,-9.476,15,16,166,-17.222,25,29,39,-4.519,5,8,11,1.164,1,0,3,1.051,0,0
2014-02-14,132,23.182,19,9,133,12.862,26,19,52,18.045,14,4,9,5.635,3,0,2,-1.172,0,1
2014-02-15,133,-3.780,15,12,121,-7.736,23,20,71,5.859,13,9,7,-1.297,1,1,2,-3.517,0,2
2014-02-16,142,35.091,31,9,81,-3.914,12,18,70,2.629,8,6,4,-0.568,0,0,1,1.907,1,0
2014-02-17,136,5.077,14,13,114,1.535,13,12,41,15.407,13,5,5,0.902,0,0,2,0.092,0,0
2014-02-18,101,-11.187,11,11,117,-6.833,18,21,37,9.024,7,4,6,-1.602,0,0,2,-1.303,0,0
2014-02-19,115,3.301,15,12,129,-7.725,16,16,28,4.282,6,3,12,2.254,1,0,2,0.625,0,0
2014-02-20,125,5.607,18,12,129,16.895,21,14,29,3.977,5,4,5,-1.485,0,1,3,1.378,1,0
2014-02-21,107,-2.279,16,17,118,0.826,15,14,33,11.481,11,3,7,4.975,3,0,3,1.765,1,0
2014-02-22,116,2.588,14,9,101,-1.776,18,13,42,2.915,8,5,6,-2.905,0,1,6,2.332,1,0
2014-02-23,71,9.937,13,6,122,2.339,21,13,52,-0.418,8,8,7,-0.515,0,0,2,0.195,0,0
2014-02-24,110,-1.522,16,13,131,-20.595,10,20,23,-4.221,1,2,4,0.334,0,0,1,-1.264,0,1
2014-02-25,110,-4.024,13,12,122,4.479,16,12,28,0.961,4,5,7,1.501,0,0,8,2.367,1,0
2014-02-26,98,-0.019,14,11,131,-12.932,11,18,28,-6.087,3,5,4,-2.259,0,1,5,-0.053,0,0
2014-02-27,131,-11.856,20,23,123,15.723,17,9,22,-2.497,1,0,4,0.252,0,0,3,-0.199,0,0
2014-02-28,0,0.000,0,0,0,0.000,0,0,0,0.000,0,0,0,0.000,0,0,0,0.000,0,0
2014-03-01,135,-1.946,14,12,100,6.642,17,21,53,1.488,11,7,5,0.337,1,0,2,-0.284,0,0
2014-03-02,77,4.321,11,6,141,-0.518,27,23,37,-9.268,6,7,9,-0.469,1,1,5,0.130,0,1
2014-03-03,76,15.471,12,6,170,23.308,36,21,32,-1.052,3,4,5,-0.554,0,1,2,1.129,1,0
2014-03-04,70,3.611,8,5,124,16.364,16,9,19,4.578,5,3,9,2.297,2,0,1,1.161,1,0
2014-03-05,69,7.119,12,6,126,5.816,17,17,28,1.635,3,2,4,1.921,1,0,0,0.000,0,0
2014-03-06,60,6.228,9,6,112,1.098,16,12,20,6.795,4,2,6,1.601,0,0,1,-2.078,0,1
2014-03-07,87,2.195,14,9,106,-3.342,13,10,31,11.382,8,2,8,0.376,1,0,2,2.752,2,0
2014-03-08,72,8.491,9,4,52,4.404,10,5,44,-9.354,7,6,2,1.587,1,0,9,0.264,2,1
2014-03-09,64,9.975,7,2,28,2.058,7,6,51,15.418,8,1,3,-0.891,0,0,17,5.153,4,1
2014-03-10,125,-1.067,20,14,21,-3.598,0,4,27,8.763,9,5,9,-2.869,0,1,8,2.248,2,1
2014-03-11,131,14.038,22,7,36,1.495,8,5,32,-4.660,7,8,10,-3.972,1,2,1,-1.683,0,1
2014-03-12,128,-2.486,16,14,38,7.240,5,0,29,2.961,4,4,7,5.401,2,0,7,1.485,1,0
2014-03-13,150,2.717,21,23,27,-3.641,3,6,30,-5.690,2,2,8,-1.740,0,0,3,0.599,0,0
2014-03-14,132,7.907,15,11,41,9.617,8,4,26,4.010,4,3,14,-1.304,1,1,10,2.847,3,1
2014-03-15,125,19.633,26,7,56,6.605,12,8,72,-1.453,11,8,9,0.219,1,2,6,3.100,2,0
2014-03-16,147,-2.809,20,19,99,-24.499,7,16,56,-20.282,2,13,7,0.099,0,0,3,-1.009,0,1
2014-03-17,137,5.844,19,17,122,-4.297,17,19,37,2.287,5,5,6,2.926,2,0,7,-3.633,0,1
2014-03-18,154,-6.781,16,13,153,-12.439,15,25,41,5.562,5,1,5,1.573,1,0,7,-0.629,1,1
2014-03-19,164,3.926,28,20,135,10.216,18,16,24,-7.636,1,5,8,1.256,1,0,6,-0.643,1,1
2014-03-20,150,-22.054,16,29,216,28.707,37,16,30,1.842,5,3,14,-6.772,0,5,8,3.331,2,0
2014-03-21,172,4.862,23,19,205,-4.428,32,29,30,-5.617,5,7,10,-0.303,1,1,6,-1.993,0,1
2014-03-22,211,12.331,36,28,140,-24.536,21,31,51,2.392,9,4,4,0.085,0,0,4,2.301,2,0
2014-03-23,128,-21.756,12,21,170,-4.893,24,23,63,-1.550,5,8,3,-0.891,0,0,4,-0.807,1,1
2014-03-24,145,-3.845,16,16,134,-4.533,19,18,18,-4.319,1,2,5,0.387,0,0,10,5.241,3,0
2014-03-25,189,-22.293,17,27,118,-12.308,16,19,23,-2.049,4,4,13,-0.284,0,1,10,1.774,3,1
2014-03-26,143,-0.940,18,12,144,-23.913,10,22,22,4.795,7,3,5,5.635,1,0,14,0.348,1,1
2014-03-27,132,13.779,15,9,184,-0.442,20,22,33,-5.490,2,4,5,3.238,2,0,5,-0.107,0,0
2014-03-28,186,-1.642,30,20,138,1.192,18,17,36,13.710,12,2,10,1.738,1,0,13,1.027,2,2
2014-03-29,126,-0.534,15,8,129,9.473,34,24,42,4.044,8,5,9,1.779,1,0,0,0.000,0,0
2014-03-30,121,5.974,18,11,141,-19.447,19,27,51,-1.632,8,6,10,-0.544,2,1,1,-0.142,0,0
2014-03-31,203,-2.606,16,17,176,-11.660,26,24,29,-0.007,4,5,124,32.172,24,5,10,-3.093,0,0
2014-04-01,165,0.637,23,17,161,14.507,26,18,30,-3.174,5,4,15,3.775,0,0,3,-1.044,0,0
2014-04-02,144,-9.412,17,20,114,-2.971,10,11,19,8.481,4,0,31,3.077,4,1,3,-0.668,0,0
2014-04-03,119,-0.216,22,15,153,-15.186,23,25,36,7.348,10,3,93,10.282,15,4,5,0.575,1,1
2014-04-04,91,-0.073,11,8,127,6.551,21,16,43,10.239,9,1,38,8.786,6,3,11,-1.584,0,0
2014-04-05,87,-1.773,12,12,109,-1.228,15,12,37,-3.958,6,6,90,9.682,14,7,10,-2.120,2,2
2014-04-06,103,3.708,11,8,161,41.657,38,12,48,-0.347,6,4,79,14.200,14,4,7,1.683,1,0
2014-04-07,116,3.065,13,12,148,0.905,21,18,29,-6.738,2,7,3,-2.014,0,1,7,0.543,1,0
2014-04-08,101,-5.160,9,12,135,4.817,18,12,17,1.619,3,3,8,-2.621,0,0,4,-1.481,1,1
2014-04-09,118,15.133,17,6,135,-18.458,14,17,35,10.534,11,6,6,0.972,0,0,8,2.251,1,0
2014-04-10,147,47.694,37,12,152,7.190,24,13,32,-3.890,4,4,6,-0.160,0,0,6,2.858,2,0
2014-04-11,100,-0.546,17,9,120,-8.563,17,13,25,-0.630,4,4,8,1.418,2,1,9,2.039,2,0
2014-04-12,145,-5.715,21,22,111,-0.620,24,18,30,5.756,6,4,16,4.188,5,1,5,2.404,1,0
2014-04-13,106,20.011,21,10,125,35.179,29,9,44,-4.528,8,10,20,8.375,6,2,7,-0.221,2,2
2014-04-14,118,-8.012,12,13,113,6.052,16,14,31,-3.145,3,4,5,-1.555,0,0,6,2.553,1,0
2014-04-15,112,18.640,19,6,139,-2.343,17,12,25,-8.193,1,4,12,-4.968,1,3,6,-0.852,0,0
2014-04-16,145,26.940,24,8,130,4.546,23,20,27,4.148,8,3,11,-0.594,0,1,6,-0.924,0,1
2014-04-17,140,5.620,24,19,109,15.747,19,9,27,3.359,4,4,26,2.495,3,0,4,2.372,1,0
2014-04-18,110,18.807,20,8,139,0.563,20,15,32,-4.452,5,6,66,12.581,15,5,7,-0.650,1,1
2014-04-19,123,34.692,27,5,98,13.121,14,7,27,2.409,5,3,91,11.680,12,3,5,-2.124,0,1
2014-04-20,126,9.058,23,12,106,-9.566,14,18,46,-7.497,7,11,97,-10.991,10,13,4,0.568,0,0
2014-04-21,72,-8.137,7,8,118,-2.024,14,15,25,-1.144,3,4,26,4.813,5,1,5,-1.016,1,1
2014-04-22,121,1.551,14,14,147,4.635,25,20,40,-3.434,3,6,46,6.196,7,4,2,-1.350,0,1
2014-04-23,136,27.157,31,13,123,4.260,20,16,30,-6.260,3,5,44,-2.874,2,2,8,0.393,1,1
2014-04-24,144,15.002,18,4,114,-14.643,9,14,31,-2.590,4,4,47,0.390,4,3,2,-0.284,0,0
2014-04-25,100,6.298,19,8,124,-8.459,12,9,38,9.272,8,3,11,-1.392,0,0,1,-0.142,0,0
2014-04-26,145,9.613,20,12,101,-10.590,8,15,35,-5.992,4,6,11,1.186,1,0,3,-0.426,0,0
2014-04-27,117,8.544,20,12,63,6.025,9,4,54,-7.684,6,8,7,1.423,0,0,2,1.126,0,0
2014-04-28,122,7.386,16,6,47,-9.356,5,8,29,2.473,5,3,4,0.298,0,0,3,3.000,1,0
2014-04-29,109,-14.666,11,18,35,-12.454,4,8,26,-3.794,6,5,12,1.505,2,1,8,-0.586,0,0
2014-04-30,122,-4.610,8,9,40,-19.012,1,8,45,-1.514,3,3,6,1.069,1,0,6,-0.287,1,1
2014-05-01,101,7.123,14,9,41,-7.594,4,7,35,9.560,7,2,13,2.499,1,0,5,-3.079,1,1
2014-05-02,168,0.902,19,15,37,-5.531,3,7,26,0.138,4,2,22,9.433,6,1,5,-3.616,0,2
2014-05-03,152,14.167,22,10,27,6.820,6,0,38,3.352,7,5,83,5.483,11,5,2,2.024,1,0
2014-05-04,142,13.770,22,11,49,3.314,4,2,42,3.263,9,5,81,6.007,12,7,5,-0.540,0,0
2014-05-05,102,28.944,16,7,24,-4.564,1,3,19,2.794,2,1,24,-2.036,0,1,6,0.771,1,0
2014-05-06,75,-6.265,8,6,48,7.356,7,3,29,-3.695,4,3,37,1.383,4,4,11,3.544,5,2
2014-05-07,73,1.969,7,7,28,-1.556,3,4,39,13.364,8,3,51,17.179,13,1,5,-2.920,0,1
2014-05-08,90,11.694,13,10,29,-0.758,5,2,21,1.839,2,2,4,2.201,0,0,9,-3.942,0,2
2014-05-09,147,19.911,21,12,28,2.256,3,1,45,0.632,8,7,32,5.183,6,2,12,2.851,1,0
2014-05-10,92,2.513,13,8,28,3.518,4,2,37,-2.622,4,6,58,-1.317,4,5,12,5.709,4,0
2014-05-11,61,12.308,15,5,38,1.489,4,4,52,6.036,9,4,67,13.112,13,4,5,5.159,3,0
2014-05-12,53,-13.779,2,9,32,2.844,5,3,40,4.586,7,3,47,5.739,9,7,7,-1.130,1,2
2014-05-13,117,11.678,20,9,37,-0.170,8,5,29,-2.141,4,6,6,2.946,2,1,4,-1.066,0,0
2014-05-14,111,-11.071,12,13,45,-0.242,4,3,30,-6.545,4,5,11,-2.829,1,1,2,-1.247,0,1
2014-05-15,94,11.366,11,7,46,-6.514,6,9,27,9.292,5,1,7,-2.167,1,2,7,-0.011,0,0
2014-05-16,73,-2.609,6,6,33,-0.870,4,4,33,7.338,7,3,13,4.204,2,0,4,1.874,1,0
2014-05-17,71,13.891,14,9,40,8.790,7,2,53,-9.260,3,9,8,-1.961,0,1,4,1.413,1,0
2014-05-18,48,9.753,7,1,36,11.136,9,4,27,5.788,4,0,15,-4.699,0,1,2,-1.616,0,1
2014-05-19,69,-0.896,8,6,34,-11.915,1,7,27,3.106,7,4,8,1.527,2,0,5,-0.867,0,1
2014-05-20,60,5.282,9,2,42,2.101,6,5,30,4.052,4,1,23,5.450,5,1,4,-1.535,0,1
2014-05-21,57,-6.361,2,5,37,1.634,5,2,43,2.143,4,2,53,9.938,10,2,3,-0.426,0,0
2014-05-22,68,10.720,6,2,38,-2.086,4,4,23,2.200,2,3,43,3.115,5,3,4,0.763,1,0
2014-05-23,62,-5.076,4,4,50,3.240,8,6,23,4.515,5,1,64,11.642,11,2,3,-1.247,0,0
2014-05-24,53,0.789,9,6,39,-13.046,1,6,36,4.036,6,3,77,12.048,15,5,11,-3.258,0,2
2014-05-25,65,13.446,12,4,45,-0.983,2,2,44,-0.192,7,6,97,1.124,15,12,4,0.684,1,1
2014-05-26,48,8.185,7,4,31,-0.405,3,4,24,7.453,7,1,8,-0.487,0,1,4,1.757,1,0
2014-05-27,71,4.628,12,7,23,-4.640,1,4,17,0.548,2,2,8,1.273,2,1,4,-0.594,1,1
2014-05-28,83,14.625,16,5,44,-7.012,7,9,11,3.730,2,1,15,-0.329,3,1,7,3.365,2,0
2014-05-29,77,3.594,8,6,45,-1.714,7,6,23,-4.291,4,5,5,-1.694,0,1,7,0.714,1,1
2014-05-30,67,21.694,13,3,41,4.593,8,5,27,-2.543,2,3,13,-1.666,1,1,6,-0.651,2,3
2014-05-31,0,0.000,0,0,0,0.000,0,0,0,0.000,0,0,0,0.000,0,0,0,0.000,0,0
2014-06-01,42,7.838,6,1,33,8.624,7,2,38,5.102,7,6,17,2.097,1,1,7,1.133,1,0
2014-06-02,57,-4.600,6,8,48,0.690,8,5,20,9.953,6,0,8,-2.082,1,1,13,4.029,2,0
2014-06-03,73,11.289,14,5,38,5.341,5,1,21,1.859,2,2,11,3.298,2,0,5,0.792,1,0
2014-06-04,90,1.870,10,6,36,6.162,8,2,25,-1.912,5,3,12,0.863,3,2,6,-0.870,1,1
2014-06-05,112,7.110,17,9,28,7.103,4,3,28,-2.278,4,3,5,3.220,2,0,5,-0.728,0,0
2014-06-06,97,2.456,11,11,33,6.932,3,2,59,20.713,12,2,49,14.455,12,2,10,0.546,1,1
2014-06-07,81,4.837,10,5,35,2.398,8,8,37,1.324,3,2,122,23.995,21,9,13,7.264,3,0
2014-06-08,56,-10.286,3,6,33,3.980,7,6,37,2.974,8,6,70,5.461,11,6,8,1.424,1,0
2014-06-09,89,-16.236,9,14,41,-0.471,10,5,28,-12.093,2,8,32,1.203,5,2,5,3.710,3,0
2014-06-10,69,-4.113,6,4,34,3.069,4,4,24,1.067,3,2,73,28.696,16,2,4,1.942,1,0
2014-06-11,76,5.416,10,7,39,3.343,6,3,29,-7.008,3,7,79,-8.147,9,7,7,-0.405,1,0
2014-06-12,83,2.499,11,11,68,6.060,8,8,18,0.730,2,1,67,-5.479,5,5,10,4.204,2,0
2014-06-13,70,8.472,13,8,29,-3.952,5,6,27,2.690,4,1,42,3.393,7,4,1,1.321,1,0
2014-06-14,54,19.423,14,2,28,3.575,6,3,42,-8.347,3,8,17,1.948,3,0,12,0.316,1,2
2014-06-15,89,36.544,22,2,35,4.440,4,0,28,2.961,6,2,6,1.715,1,0,2,-0.284,0,0
2014-06-16,68,8.608,10,6,40,-5.531,3,6,40,-4.747,6,7,9,3.369,2,0,2,-0.284,0,0
2014-06-17,75,10.555,11,3,52,-1.888,6,6,21,4.008,3,0,23,8.550,7,1,19,1.809,2,1
2014-06-18,103,-13.501,10,13,50,-9.939,6,8,19,-1.536,1,2,54,-1.890,5,4,23,4.925,4,1
2014-06-19,147,-17.566,12,16,39,5.303,6,1,18,-2.388,3,4,50,2.058,8,8,15,5.310,6,1
2014-06-20,112,-3.583,9,9,52,-4.891,6,10,29,3.508,7,4,5,0.784,0,0,11,0.074,2,1
2014-06-21,69,3.311,10,6,32,-0.276,3,2,31,-1.388,4,5,41,-0.517,7,6,85,17.267,22,10
2014-06-22,88,0.384,10,10,52,7.925,9,7,61,8.957,14,8,23,6.177,8,4,66,16.393,15,4
2014-06-23,70,-3.931,7,7,43,9.659,6,4,26,0.529,5,3,11,1.114,1,0,10,-1.406,0,1
2014-06-24,86,-0.745,9,9,50,-4.315,4,5,26,-0.301,4,4,8,1.185,1,0,3,2.372,1,0
2014-06-25,123,9.753,19,13,45,1.942,8,7,35,0.840,7,6,7,0.078,0,0,8,3.373,2,0
2014-06-26,99,6.021,11,5,61,7.666,10,5,25,3.781,7,2,29,-0.710,5,3,8,-5.171,0,3
2014-06-27,80,9.858,11,8,55,12.634,12,5,23,0.421,4,3,71,26.721,18,2,6,1.254,1,0
2014-06-28,50,15.669,10,0,35,6.343,6,4,26,3.647,5,2,141,14.837,24,11,17,6.163,2,1
2014-06-29,59,12.085,11,3,36,-10.643,3,6,26,-2.656,3,4,58,17.639,9,2,2,-0.284,0,0
2014-06-30,101,-11.345,9,12,70,-13.194,9,11,14,8.451,5,0,31,14.927,8,1,6,-0.966,0,1
2014-07-01,140,0.575,16,13,73,-4.597,12,11,37,7.240,7,4,30,-3.244,1,2,11,0.464,1,0
2014-07-02,108,-1.083,12,11,26,5.434,5,2,13,1.057,3,1,62,19.263,17,3,4,0.231,0,0
2014-07-03,121,-0.197,10,9,40,5.598,7,1,36,-1.636,3,3,57,10.542,7,3,4,-0.568,0,0
2014-07-04,185,17.443,25,11,32,5.782,8,2,42,2.801,7,4,93,2.348,13,9,15,-1.399,1,1
2014-07-05,199,19.223,33,16,37,0.994,8,3,23,-3.933,1,3,75,4.883,7,2,15,-2.213,1,2
2014-07-06,182,13.747,29,17,25,-0.043,4,3,27,-7.425,3,7,64,6.336,8,4,15,-0.158,3,3
2014-07-07,111,25.307,21,8,37,-1.476,5,6,23,8.833,8,1,8,0.803,1,0,0,0.000,0,0
2014-07-08,83,10.318,11,5,58,-19.690,6,12,33,3.508,6,6,6,0.270,0,0,0,0.000,0,0
2014-07-09,59,-1.462,5,7,50,1.820,9,5,23,2.832,4,2,6,-0.871,1,1,2,-0.764,0,0
2014-07-10,56,2.366,9,4,45,-9.825,2,6,29,2.416,4,2,6,-0.852,0,0,7,2.443,1,0
2014-07-11,71,7.442,13,5,34,2.614,4,0,32,4.710,6,5,14,6.845,4,0,17,4.288,3,0
2014-07-12,42,5.269,5,1,25,6.184,6,4,45,15.442,13,4,6,-3.012,0,2,6,1.914,1,0
2014-07-13,35,1.431,5,6,33,10.428,10,2,37,2.610,5,3,9,-0.215,0,1,10,-0.544,1,1
2014-07-14,56,-15.136,6,14,35,-9.030,6,9,25,-0.796,5,4,6,5.801,4,0,6,3.561,2,0
2014-07-15,55,-2.589,6,4,37,-0.037,5,6,22,-4.601,2,4,5,-2.742,0,1,11,-1.045,0,1
2014-07-16,60,10.823,11,8,34,-1.049,4,5,24,-0.246,3,2,3,-0.426,0,0,7,-0.103,1,0
2014-07-17,58,-7.489,4,8,46,-15.708,3,7,36,-2.253,1,2,4,-0.767,0,0,2,3.536,2,0
2014-07-18,65,2.958,6,6,32,-2.977,2,4,33,1.459,3,2,39,12.704,9,1,8,0.085,1,0
2014-07-19,58,12.531,7,2,21,2.084,5,2,32,-4.399,4,4,91,16.516,17,6,13,2.685,3,1
2014-07-20,56,0.848,4,3,26,7.401,5,1,50,6.062,7,6,110,22.483,21,3,4,-0.568,0,0
2014-07-21,63,19.977,13,2,42,-10.622,1,7,20,9.352,6,0,38,8.047,5,1,5,4.200,3,0
2014-07-22,75,16.424,11,3,21,6.064,3,0,36,5.669,4,4,74,1.492,7,4,3,-0.426,0,0
2014-07-23,93,18.708,19,8,18,5.785,3,1,24,-5.995,3,6,78,21.950,19,4,8,2.205,2,1
2014-07-24,71,-5.064,7,10,26,0.569,2,1,23,0.893,2,2,36,15.856,8,0,2,2.222,1,0
2014-07-25,65,8.987,12,3,22,-6.283,0,5,22,1.559,2,0,7,-2.629,1,2,2,-0.284,0,0
2014-07-26,43,-5.402,4,6,10,1.285,2,1,33,1.409,4,2,52,8.056,8,5,18,5.674,4,2
2014-07-27,37,10.909,5,2,26,4.000,8,4,50,-2.764,4,4,42,11.414,7,1,66,11.934,9,3
2014-07-28,50,-4.620,7,6,23,-2.182,3,2,30,-2.884,5,6,14,0.255,2,1,16,-2.049,2,1
2014-07-29,75,5.718,10,4,28,2.324,4,1,22,-7.380,2,6,14,-0.210,1,2,4,-0.380,0,0
2014-07-30,50,8.827,9,3,28,1.446,3,1,29,2.738,4,4,11,5.752,3,0,7,0.653,0,0
2014-07-31,86,13.626,19,10,44,0.768,4,4,41,7.934,8,3,16,2.230,2,0,2,-0.284,0,0
2014-08-01,71,3.998,7,3,28,-2.214,1,1,35,7.200,7,1,10,2.218,2,1,14,-2.216,3,2
2014-08-02,46,7.199,9,4,26,-4.529,1,4,39,0.939,5,5,11,-2.518,1,2,15,7.602,6,1
2014-08-03,42,0.408,5,5,29,4.789,6,3,66,4.235,13,7,3,-0.923,0,0,6,0.597,1,0
2014-08-04,93,17.790,16,6,30,3.531,3,2,20,7.308,4,1,4,-0.568,0,0,3,0.827,1,0
2014-08-05,138,19.222,27,16,9,-0.229,0,0,43,1.074,6,7,28,1.298,3,1,10,1.467,1,0
2014-08-06,79,-11.989,5,10,27,-2.980,5,3,23,5.396,4,1,82,8.141,14,6,7,-0.417,1,1
2014-08-07,56,9.171,9,5,27,-5.550,4,5,40,3.799,5,4,64,13.596,10,2,4,0.131,0,0
2014-08-08,85,14.078,18,8,27,-5.119,2,3,33,-5.431,3,7,75,7.198,13,7,6,1.306,1,0
2014-08-09,51,9.510,9,3,18,-1.052,1,1,34,1.227,3,2,61,12.202,12,2,16,-2.064,0,1
2014-08-10,45,-1.524,5,7,8,-1.449,1,1,28,4.539,4,2,72,11.605,10,6,5,0.884,1,0
2014-08-11,58,-9.098,1,7,23,-4.169,1,4,16,-6.189,0,3,43,1.774,2,2,4,0.692,1,0
2014-08-12,65,12.185,13,4,18,-0.136,3,3,56,-10.134,3,7,87,13.424,14,4,0,0.000,0,0
2014-08-13,63,21.093,9,6,17,3.426,4,0,36,3.257,6,5,42,3.927,8,4,4,1.928,1,0
2014-08-14,83,-7.599,11,12,16,-0.957,2,3,26,0.568,3,3,6,1.977,0,0,3,-0.426,0,0
2014-08-15,0,0.000,0,0,0,0.000,0,0,2,-0.757,0,0,0,0.000,0,0,0,0.000,0,0
2014-08-16,0,0.000,0,0,0,0.000,0,0,0,0.000,0,0,0,0.000,0,0,0,0.000,0,0
2014-08-17,0,0.000,0,0,0,0.000,0,0,0,0.000,0,0,0,0.000,0,0,0,0.000,0,0
2014-08-18,0,0.000,0,0,0,0.000,0,0,0,0.000,0,0,0,0.000,0,0,0,0.000,0,0
2014-08-19,0,0.000,0,0,0,0.000,0,0,0,0.000,0,0,0,0.000,0,0,0,0.000,0,0
2014-08-20,0,0.000,0,0,0,0.000,0,0,0,0.000,0,0,0,0.000,0,0,0,0.000,0,0
2014-08-21,20,10.980,7,1,12,-4.756,0,2,4,1.544,1,0,0,0.000,0,0,3,0.454,1,1
2014-08-22,62,16.128,15,5,44,-6.495,3,4,34,9.803,8,3,9,5.315,4,0,4,0.661,0,0
2014-08-23,0,0.000,0,0,0,0.000,0,0,0,0.000,0,0,0,0.000,0,0,0,0.000,0,0
2014-08-24,0,0.000,0,0,0,0.000,0,0,0,0.000,0,0,0,0.000,0,0,0,0.000,0,0
2014-08-25,0,0.000,0,0,0,0.000,0,0,0,0.000,0,0,0,0.000,0,0,0,0.000,0,0
2014-08-26,0,0.000,0,0,0,0.000,0,0,0,0.000,0,0,0,0.000,0,0,0,0.000,0,0
2014-08-27,11,-0.760,1,1,8,-0.293,1,2,2,-0.898,0,1,0,0.000,0,0,0,0.000,0,0
2014-08-28,94,5.406,15,11,98,15.925,17,9,36,3.411,4,3,13,-0.473,1,1,8,-0.811,1,1
2014-08-29,109,-8.356,14,16,91,-0.554,15,11,36,-4.271,4,4,33,7.553,7,2,21,-3.019,1,2
2014-08-30,77,6.760,14,6,104,6.154,21,15,48,7.580,9,4,69,10.590,10,3,64,1.855,6,4
2014-08-31,0,0.000,0,0,0,0.000,0,0,0,0.000,0,0,0,0.000,0,0,0,0.000,0,0
2014-09-01,64,8.690,10,6,69,3.362,10,11,43,2.675,5,4,9,0.763,0,0,7,2.642,2,0
2014-09-02,95,0.393,10,7,82,-4.917,10,14,31,3.043,7,4,6,1.349,1,0,3,1.484,1,0
2014-09-03,101,-2.046,15,13,78,1.193,10,8,37,0.739,5,4,8,-1.136,0,0,4,3.025,1,0
2014-09-04,109,2.816,14,10,84,-11.940,6,12,35,0.930,5,5,7,-0.001,0,1,21,-1.891,1,1
2014-09-05,59,9.260,11,6,52,2.659,4,4,38,3.258,9,6,6,2.052,2,0,20,0.696,2,1
2014-09-06,0,0.000,0,0,0,0.000,0,0,0,0.000,0,0,0,0.000,0,0,0,0.000,0,0
2014-09-07,0,0.000,0,0,0,0.000,0,0,0,0.000,0,0,0,0.000,0,0,0,0.000,0,0
2014-09-08,0,0.000,0,0,0,0.000,0,0,0,0.000,0,0,0,0.000,0,0,0,0.000,0,0
2014-09-09,0,0.000,0,0,0,0.000,0,0,0,0.000,0,0,0,0.000,0,0,0,0.000,0,0
2014-09-10,0,0.000,0,0,0,0.000,0,0,0,0.000,0,0,0,0.000,0,0,0,0.000,0,0
2014-09-11,0,0.000,0,0,0,0.000,0,0,0,0.000,0,0,0,0.000,0,0,0,0.000,0,0
2014-09-12,0,0.000,0,0,0,0.000,0,0,0,0.000,0,0,0,0.000,0,0,0,0.000,0,0
2014-09-13,0,0.000,0,0,0,0.000,0,0,0,0.000,0,0,0,0.000,0,0,0,0.000,0,0
2014-09-14,0,0.000,0,0,0,0.000,0,0,0,0.000,0,0,0,0.000,0,0,0,0.000,0,0
2014-09-15,0,0.000,0,0,0,0.000,0,0,0,0.000,0,0,0,0.000,0,0,0,0.000,0,0
2014-09-16,0,0.000,0,0,0,0.000,0,0,0,0.000,0,0,0,0.000,0,0,0,0.000,0,0
2014-09-17,0,0.000,0,0,0,0.000,0,0,0,0.000,0,0,0,0.000,0,0,0,0.000,0,0
2014-09-18,0,0.000,0,0,0,0.000,0,0,0,0.000,0,0,0,0.000,0,0,0,0.000,0,0
2014-09-19,0,0.000,0,0,0,0.000,0,0,0,0.000,0,0,0,0.000,0,0,0,0.000,0,0
2014-09-20,0,0.000,0,0,0,0.000,0,0,0,0.000,0,0,0,0.000,0,0,0,0.000,0,0
2014-09-21,0,0.000,0,0,0,0.000,0,0,0,0.000,0,0,0,0.000,0,0,0,0.000,0,0
2014-09-22,0,0.000,0,0,0,0.000,0,0,0,0.000,0,0,0,0.000,0,0,0,0.000,0,0
2014-09-23,0,0.000,0,0,0,0.000,0,0,0,0.000,0,0,0,0.000,0,0,0,0.000,0,0
2014-09-24,0,0.000,0,0,0,0.000,0,0,0,0.000,0,0,0,0.000,0,0,0,0.000,0,0
2014-09-25,0,0.000,0,0,0,0.000,0,0,0,0.000,0,0,0,0.000,0,0,0,0.000,0,0
2014-09-26,0,0.000,0,0,0,0.000,0,0,0,0.000,0,0,0,0.000,0,0,0,0.000,0,0
2014-09-27,0,0.000,0,0,0,0.000,0,0,0,0.000,0,0,0,0.000,0,0,0,0.000,0,0
2014-09-28,0,0.000,0,0,0,0.000,0,0,0,0.000,0,0,0,0.000,0,0,0,0.000,0,0
2014-09-29,3,0.035,0,0,7,-0.931,1,1,2,-0.284,0,0,0,0.000,0,0,1,-1.286,0,1
2014-09-30,56,-1.266,8,6,70,9.009,12,6,23,7.075,6,0,11,-0.757,2,2,3,-3.189,0,2
2014-10-01,92,8.794,13,7,75,-3.076,5,8,34,-0.303,2,2,59,10.621,8,1,7,2.848,1,0
2014-10-02,89,6.653,12,8,65,0.083,9,9,27,-1.928,5,4,96,1.772,13,13,5,-1.048,0,1
2014-10-03,62,-0.195,6,6,60,2.987,8,8,35,-2.795,3,4,5,-0.366,0,0,7,2.918,3,0
2014-10-04,54,2.412,6,6,47,-3.589,3,6,36,1.289,2,2,2,0.561,0,0,1,-2.596,0,1
2014-10-05,66,20.467,13,3,75,-18.416,10,15,26,0.126,4,1,1,-0.142,0,0,6,3.135,2,1
2014-10-06,61,-15.013,8,10,53,5.573,7,3,15,6.000,4,1,3,-0.426,0,0,2,1.722,1,0
2014-10-07,62,7.496,12,7,49,-4.681,6,8,20,7.122,5,2,4,1.310,0,0,7,-0.988,1,1
2014-10-08,64,-10.457,4,11,60,2.547,9,9,27,0.092,5,2,5,0.741,0,0,5,3.512,2,0
2014-10-09,110,15.059,22,9,73,-0.339,9,7,20,1.245,3,1,2,1.353,1,0,5,-1.144,0,1
2014-10-10,109,-11.600,15,17,63,-2.877,12,11,23,6.010,5,1,2,-0.994,0,0,2,-1.357,0,1
2014-10-11,80,15.156,11,4,48,3.117,7,7,25,-3.222,2,3,3,0.724,1,0,3,1.150,1,0
2014-10-12,64,15.720,10,4,40,-7.195,2,7,37,4.999,5,2,3,0.046,0,0,6,0.791,1,0
2014-10-13,62,-10.220,8,12,26,-4.209,1,5,22,-13.306,1,7,4,1.125,0,0,3,-1.062,1,2
2014-10-14,80,9.297,15,5,37,7.435,4,0,9,-2.879,1,2,3,-2.024,0,1,3,3.128,2,0
2014-10-15,80,22.140,19,10,66,-3.206,11,11,24,-2.587,1,2,3,-0.096,1,1,5,0.753,1,0
2014-10-16,97,9.880,21,12,41,2.859,2,2,20,-1.453,2,4,10,1.377,1,1,29,7.055,7,1
2014-10-17,112,4.611,14,14,67,-2.512,10,8,19,-4.788,1,4,7,2.791,2,0,41,-7.743,3,7
2014-10-18,30,1.048,3,1,27,-2.362,3,4,14,-5.259,1,3,2,-0.284,0,0,10,0.345,1,0
2014-10-19,0,0.000,0,0,0,0.000,0,0,0,0.000,0,0,0,0.000,0,0,0,0.000,0,0
2014-10-20,10,0.608,1,1,11,-1.131,1,2,1,0.277,0,0,7,0.571,0,0,18,0.313,2,1
2014-10-21,67,0.966,8,6,42,2.613,6,4,19,-4.919,2,4,7,2.432,1,0,52,-0.756,9,6
2014-10-22,82,3.609,13,12,56,-2.967,6,5,13,1.608,0,0,0,0.000,0,0,12,-2.014,1,1
2014-10-23,90,8.513,13,6,53,2.707,9,6,15,-4.296,1,3,3,1.331,0,0,10,0.966,1,0
2014-10-24,70,-3.703,8,7,44,11.459,8,2,28,2.622,5,1,5,0.401,0,0,5,-1.531,0,0
2014-10-25,62,13.197,11,6,35,0.381,6,4,34,9.012,9,2,7,3.721,4,1,65,20.480,18,3
2014-10-26,58,-7.472,6,7,50,8.209,11,3,37,-2.648,4,4,10,-2.372,0,1,46,7.841,7,2
2014-10-27,60,-11.667,7,14,42,2.551,7,4,19,1.276,3,3,6,-0.650,1,1,14,0.130,2,1
2014-10-28,87,-4.633,12,11,56,7.917,9,6,17,-4.398,1,3,5,-1.545,0,1,4,1.324,1,0
2014-10-29,112,18.530,18,7,62,12.172,8,4,19,-5.936,2,4,2,0.106,0,0,6,1.509,1,0
2014-10-30,97,16.884,17,11,54,-3.501,7,7,31,3.431,6,5,3,2.531,1,0,5,0.266,0,0
2014-10-31,90,7.202,11,7,53,20.314,13,3,30,-2.839,5,3,2,2.020,1,0,14,3.628,3,1
2014-11-01,62,1.458,10,10,49,11.900,9,2,40,3.488,4,3,5,-0.710,0,0,33,5.687,6,2
2014-11-02,64,3.280,8,5,42,10.832,9,3,49,-3.532,5,6,3,-1.588,1,1,13,2.861,3,1
2014-11-03,70,-1.224,9,10,52,-1.770,3,6,12,5.884,2,0,6,-0.895,0,1,52,-1.572,7,6
2014-11-04,68,-9.266,9,14,46,0.821,6,5,16,2.749,5,3,4,0.089,0,0,3,-1.957,0,1
2014-11-05,74,9.831,16,14,47,5.540,9,5,22,4.381,5,1,6,-0.775,0,0,4,5.053,2,0
2014-11-06,65,-0.769,8,6,42,-2.610,1,1,43,9.070,8,1,8,1.604,2,0,3,2.017,1,0
2014-11-07,67,-1.269,7,4,36,-1.892,4,6,17,-2.246,1,2,3,-0.426,0,0,6,-0.852,0,0
2014-11-08,56,4.587,4,2,49,1.422,10,6,26,4.063,7,2,5,0.842,1,0,3,0.675,0,0
2014-11-09,17,3.531,2,1,10,-1.397,1,1,12,5.213,2,1,0,0.000,0,0,3,0.802,1,0
2014-11-10,53,-3.826,5,5,24,-7.062,2,3,10,-0.296,1,2,1,1.001,1,0,2,-0.284,0,0
2014-11-11,75,4.604,10,7,46,-12.627,3,11,20,7.961,8,2,2,0.387,0,0,2,-0.284,0,0
2014-11-12,67,10.715,10,1,36,4.000,9,6,31,4.901,4,3,3,-0.426,0,0,6,-1.360,0,0
2014-11-13,80,-0.009,11,9,48,5.403,6,5,38,-2.962,4,4,2,-1.747,0,1,9,1.541,1,0
2014-11-14,61,0.376,8,4,36,7.331,5,2,16,0.392,4,4,3,0.394,0,0,4,0.351,0,0
2014-11-15,64,-3.555,6,7,45,-6.135,6,5,29,0.791,4,1,11,0.553,2,1,3,-0.426,0,0
2014-11-16,74,13.783,15,7,66,-7.637,4,8,57,8.825,13,6,4,-0.568,0,0,3,0.142,0,0
2014-11-17,68,-5.686,8,10,40,11.360,10,1,21,-3.845,2,3,7,1.061,1,0,2,-1.854,0,0
2014-11-18,85,-14.607,10,17,51,1.670,8,4,21,8.637,5,1,4,-0.568,0,0,8,1.978,2,0
2014-11-19,82,3.227,11,7,34,-4.990,1,3,19,0.793,4,2,4,-0.068,0,0,1,-0.142,0,0
2014-11-20,11,2.393,3,2,5,-2.205,0,1,0,0.000,0,0,1,-1.282,0,1,1,0.355,0,0
2014-11-21,107,8.290,15,9,53,2.604,8,7,25,7.466,7,1,4,-1.097,0,0,9,-0.956,1,2
2014-11-22,99,11.383,15,7,52,-2.356,7,5,34,5.832,7,3,11,-4.519,1,3,22,6.388,5,2
2014-11-23,31,4.771,4,1,36,2.275,5,4,20,-5.518,1,4,1,-0.142,0,0,6,0.515,1,0
2014-11-24,40,-0.808,5,5,52,-0.032,8,6,16,-2.898,0,1,0,0.000,0,0,3,-0.426,0,0
2014-11-25,49,-3.520,5,3,57,-10.934,6,7,13,1.853,1,0,3,1.104,0,0,1,-0.142,0,0
2014-11-26,47,12.687,9,2,20,4.373,2,0,11,1.097,1,0,6,-3.271,0,2,2,0.898,1,0
2014-11-27,40,2.549,4,3,8,4.835,4,1,17,2.502,3,3,3,0.820,0,0,6,6.849,3,0
2014-11-28,43,2.284,5,1,5,0.827,0,0,5,0.283,1,1,3,0.341,0,0,4,3.398,2,0
2014-11-29,77,-4.025,9,9,11,-2.441,1,3,28,7.477,7,3,2,0.681,0,0,3,0.923,1,0
2014-11-30,45,-2.477,5,5,16,-0.495,2,3,28,0.771,4,2,5,0.624,0,0,31,3.561,3,0
2014-12-01,70,4.032,12,6,30,0.712,3,2,17,2.530,3,1,1,-0.142,0,0,1,-0.142,0,0
2014-12-02,73,4.833,9,5,43,2.183,7,4,12,-1.405,1,1,1,-0.142,0,0,7,-0.892,0,1
2014-12-03,93,1.657,12,8,52,0.269,9,8,12,-1.700,3,2,4,2.514,1,0,9,2.441,1,1
2014-12-04,70,-2.292,8,8,58,-10.107,5,9,12,2.319,2,0,0,0.000,0,0,2,-0.583,0,0
2014-12-05,90,13.964,12,3,56,-13.352,5,9,38,-8.075,7,8,3,-1.499,0,1,6,1.395,1,0
2014-12-06,82,11.834,13,5,56,-6.309,10,12,22,0.064,2,3,1,-0.142,0,0,8,1.929,0,0
2014-12-07,55,16.321,12,6,57,6.964,9,6,47,1.975,9,6,1,0.802,0,0,7,3.220,3,0
2014-12-08,84,2.106,12,9,61,4.581,8,3,17,0.535,2,2,3,2.418,2,0,1,1.743,1,0
2014-12-09,78,6.048,12,5,55,-9.894,5,10,20,0.620,2,0,6,-0.310,0,1,7,0.551,2,1
2014-12-10,0,0.000,0,0,0,0.000,0,0,0,0.000,0,0,0,0.000,0,0,0,0.000,0,0
2014-12-11,83,-0.096,7,6,44,-4.676,2,5,24,-6.835,4,5,3,0.756,1,0,1,-0.142,0,0
2014-12-12,6,7.979,3,0,2,-1.193,0,1,4,-2.955,0,1,0,0.000,0,0,2,-0.284,0,0
2014-12-13,37,11.363,8,0,8,1.036,1,0,8,-0.385,2,2,1,-0.142,0,0,0,0.000,0,0
2014-12-14,80,1.652,10,5,24,9.647,9,3,33,7.633,7,3,3,0.344,0,0,9,0.373,1,0
2014-12-15,71,10.756,8,6,20,7.585,3,1,21,5.756,5,0,3,0.194,2,1,6,2.297,3,1
2014-12-16,81,12.060,15,8,6,-1.001,2,2,23,4.967,7,5,1,0.167,0,0,12,0.560,1,0
2014-12-17,75,1.059,13,7,13,-0.533,0,1,14,3.568,2,0,2,-1.186,0,1,1,1.587,1,0
2014-12-18,65,-4.683,10,13,14,-1.814,1,3,19,-0.978,3,4,0,0.000,0,0,1,-0.142,0,0
2014-12-19,43,10.760,9,2,9,-2.107,0,2,19,2.410,1,1,3,-1.662,0,1,4,0.447,0,0
2014-12-20,53,7.705,8,3,21,4.926,4,1,17,1.970,2,0,3,0.593,0,0,6,0.866,2,1
2014-12-21,68,14.808,13,5,9,1.786,1,0,24,-1.355,3,3,7,1.665,2,1,36,4.624,7,2
2014-12-22,24,2.959,3,1,8,-2.564,0,1,5,-2.508,0,2,4,-1.711,0,1,3,0.983,1,0
2014-12-23,31,4.303,4,1,8,3.333,4,2,5,0.390,2,1,7,-0.967,0,1,1,0.412,0,0
2014-12-24,30,0.157,8,6,8,1.682,2,1,9,5.590,4,1,1,0.788,0,0,1,0.476,0,0
2014-12-25,16,3.544,2,1,2,0.198,0,0,5,1.957,1,0,0,0.000,0,0,2,-1.435,0,1
2014-12-26,24,3.455,3,0,5,-1.034,1,0,8,2.800,1,0,0,0.000,0,0,2,3.348,1,0
2014-12-27,24,-3.876,0,2,14,-1.271,0,0,32,-0.616,2,3,2,0.610,1,0,6,2.759,2,0
2014-12-28,47,7.765,7,4,13,-5.771,0,2,25,3.698,6,3,6,4.343,3,0,8,-0.554,0,0
2014-12-29,34,-3.738,4,3,14,-3.571,1,2,9,5.154,3,0,8,7.190,4,0,68,3.161,11,6
2014-12-30,39,2.465,5,3,14,-4.507,1,2,6,3.174,3,1,1,-0.142,0,0,6,-0.852,0,0
2014-12-31,29,10.253,7,2,31,-1.385,5,4,25,2.367,5,4,0,0.000,0,0,6,0.543,0,0
2015-01-01,34,11.805,6,1,14,-1.891,1,1,43,-1.772,7,6,3,-0.426,0,0,7,1.786,1,0
2015-01-02,23,3.960,2,0,3,2.059,1,0,10,7.333,3,0,2,-1.204,0,1,6,2.336,3,2
2015-01-03,35,4.740,6,4,13,5.351,4,0,23,-2.188,3,3,10,-3.101,0,1,14,1.808,2,0
2015-01-04,47,10.736,10,4,34,-11.508,2,5,28,-6.892,1,5,4,1.210,0,0,66,17.908,18,7
2015-01-05,28,-2.191,3,5,50,1.193,6,5,15,1.363,2,2,2,0.731,1,0,3,2.212,2,0
2015-01-06,20,-2.971,2,3,48,7.985,8,3,32,-8.931,4,7,3,-0.426,0,0,2,0.096,0,0
2015-01-07,27,5.157,5,0,32,2.783,3,2,18,-7.443,1,6,1,-0.142,0,0,0,0.000,0,0
2015-01-08,71,13.954,19,7,49,4.841,6,5,18,-8.457,2,5,0,0.000,0,0,1,-0.142,0,0
2015-01-09,46,3.366,8,7,42,-1.318,2,3,44,-8.189,2,5,2,-1.967,0,1,4,0.202,1,1
2015-01-10,36,-1.883,5,7,41,1.886,4,2,44,4.595,8,5,0,0.000,0,0,1,-0.142,0,0
2015-01-11,39,-4.818,6,9,71,-4.213,10,12,45,1.564,9,3,0,0.000,0,0,2,0.660,0,0
2015-01-12,48,-4.107,9,11,45,10.654,10,6,15,-0.619,1,2,5,2.688,1,0,2,0.944,1,0
2015-01-13,45,14.440,9,3,49,-3.948,10,7,26,-4.371,2,3,3,1.089,1,1,1,-0.142,0,0
2015-01-14,63,7.492,8,6,41,-0.046,4,6,31,-5.372,2,8,2,2.152,1,0,3,0.543,0,0
2015-01-15,45,9.227,5,2,56,1.568,10,5,39,-6.165,6,8,3,-0.014,0,0,3,0.025,0,0
2015-01-16,28,-4.781,5,4,36,4.272,7,1,22,1.488,3,1,9,2.445,1,0,3,-0.426,0,0
2015-01-17,36,6.907,7,2,47,10.348,9,3,27,1.388,4,1,2,0.994,0,0,1,1.505,1,0
2015-01-18,61,6.591,10,5,42,-3.836,4,5,46,13.138,14,4,2,1.534,1,0,2,0.337,0,0
2015-01-19,45,6.487,10,5,29,-0.911,2,2,13,5.383,3,1,1,-0.142,0,0,2,0.966,1,0
2015-01-20,50,3.649,8,4,38,-2.602,4,3,28,3.545,5,4,5,4.205,2,0,2,-0.284,0,0
2015-01-21,71,9.374,11,5,52,5.737,5,4,25,-6.359,1,3,0,0.000,0,0,2,1.321,1,0
2015-01-22,85,4.113,15,13,51,4.739,8,3,15,-4.976,0,2,4,-2.349,0,1,2,-0.026,0,0
2015-01-23,67,5.359,10,4,39,2.191,4,3,62,-11.486,10,12,3,0.156,0,0,1,-0.142,0,0
2015-01-24,46,13.090,9,3,55,-3.797,8,9,29,1.980,7,2,1,-0.142,0,0,5,5.578,4,0
2015-01-25,57,11.560,8,5,32,-4.597,2,4,31,7.472,6,1,1,1.054,1,0,2,-0.764,0,0
2015-01-26,65,-0.769,9,5,54,0.969,8,8,8,-4.042,0,2,2,0.763,0,0,3,-0.426,0,0
2015-01-27,61,2.724,9,8,45,6.254,8,4,16,10.247,5,1,2,-0.714,0,0,2,-1.286,0,1
2015-01-28,76,14.226,15,6,42,10.701,8,2,21,-2.699,2,5,3,3.135,2,0,0,0.000,0,0
2015-01-29,45,2.069,7,4,45,-5.491,3,5,50,-10.778,7,8,1,1.125,1,0,6,-2.227,1,1
2015-01-30,54,5.892,8,2,43,-5.183,6,5,29,7.450,6,4,1,0.930,0,0,1,1.825,1,0
2015-01-31,53,14.578,10,1,44,7.524,9,5,35,-0.503,5,4,2,1.168,1,0,4,0.959,0,0
2015-02-01,63,16.822,16,6,44,2.798,7,5,34,6.314,7,4,3,0.447,0,0,5,3.419,2,0
2015-02-02,52,7.140,10,2,99,-17.176,14,22,38,-1.219,6,2,8,-2.253,1,2,1,-0.526,0,0
2015-02-03,56,-8.622,6,10,50,2.447,8,8,24,7.799,5,2,0,0.000,0,0,1,-0.142,0,0
2015-02-04,49,0.373,8,5,49,-6.101,4,11,15,2.233,3,1,3,0.330,1,0,4,3.895,2,0
2015-02-05,48,5.790,8,3,59,-4.298,8,9,18,6.966,3,1,3,-0.092,0,0,1,-0.142,0,0
2015-02-06,69,5.498,9,6,46,-2.234,6,5,47,-5.824,6,10,3,0.092,0,0,3,1.420,1,0
2015-02-07,70,20.075,17,6,51,4.410,7,6,77,-11.674,11,14,0,0.000,0,0,0,0.000,0,0
2015-02-08,61,15.848,16,4,53,-3.085,11,10,55,-15.921,3,8,5,-3.129,0,1,3,-0.849,0,0
2015-02-09,83,-2.278,13,10,79,0.400,18,16,22,-5.012,1,2,1,0.777,0,0,2,-0.835,0,0
2015-02-10,48,0.194,8,8,55,2.324,7,5,32,-15.967,1,6,3,1.917,0,0,1,0.401,0,0
2015-02-11,59,5.178,10,4,98,1.654,13,9,25,-3.880,3,4,2,0.152,1,1,9,5.843,5,1
2015-02-12,97,14.824,16,9,68,-18.926,7,16,30,-5.138,4,5,4,1.470,1,0,10,8.656,5,0
2015-02-13,79,6.494,11,5,43,2.124,4,3,22,-0.139,4,3,2,0.657,0,0,1,-0.142,0,0
2015-02-14,61,5.685,9,5,60,9.063,11,5,30,5.939,5,3,2,1.062,1,0,2,1.537,1,0
2015-02-15,67,4.106,12,7,49,0.868,9,8,25,-2.313,2,2,8,-0.014,0,0,2,1.474,1,0
2015-02-16,108,13.743,15,6,62,-6.202,6,6,17,7.165,5,0,4,1.793,1,0,2,-0.284,0,0
2015-02-17,63,8.712,10,3,66,0.311,10,8,8,1.058,1,2,3,1.008,1,0,0,0.000,0,0
2015-02-18,80,-11.464,7,14,57,-4.189,4,6,13,-0.462,2,1,1,-0.142,0,0,7,2.112,1,0
2015-02-19,76,5.019,10,6,52,6.613,7,2,23,-3.150,4,4,5,1.668,1,0,0,0.000,0,0
2015-02-20,84,17.628,17,5,45,-2.679,5,3,16,6.950,5,0,4,0.646,1,0,1,0.245,0,0
2015-02-21,109,9.312,12,6,42,5.241,7,4,23,-1.123,2,3,4,1.612,1,0,3,1.676,1,0
2015-02-22,114,11.120,12,3,55,-8.591,8,9,17,3.813,3,0,3,0.756,1,0,2,3.593,2,0
2015-02-23,65,21.693,13,5,71,5.466,9,5,18,0.672,4,4,3,1.448,1,0,1,-0.142,0,0
2015-02-24,72,11.994,12,4,57,5.477,9,5,26,2.655,5,2,4,-0.568,0,0,0,0.000,0,0
2015-02-25,74,-10.397,7,9,48,6.984,8,5,20,3.760,5,1,6,-2.138,0,2,2,0.778,0,0
2015-02-26,47,15.322,13,1,64,-23.334,2,11,25,-4.559,2,4,4,0.479,1,0,3,3.125,1,0
2015-02-27,65,4.732,8,7,58,2.146,10,8,16,3.092,2,2,4,-0.320,1,1,1,-0.050,0,0
2015-02-28,0,0.000,0,0,0,0.000,0,0,0,0.000,0,0,0,0.000,0,0,0,0.000,0,0
2015-03-01,58,10.159,9,2,48,-0.696,8,5,28,-4.590,2,3,5,-0.118,0,0,3,1.338,1,0
2015-03-02,45,4.831,3,2,51,4.320,8,3,7,-1.239,2,2,5,-0.146,0,0,2,-0.284,0,0
2015-03-03,38,-7.103,3,5,48,9.580,7,3,25,8.374,6,1,3,0.461,1,1,3,-2.031,0,1
2015-03-04,37,1.329,6,4,45,0.275,4,4,23,2.122,3,2,1,-0.437,0,0,0,0.000,0,0
2015-03-05,34,2.544,3,2,49,5.590,8,6,33,-8.212,4,6,4,-1.698,0,1,0,0.000,0,0
2015-03-06,56,10.014,2,1,42,0.229,6,4,25,-0.726,3,3,1,-0.142,0,0,1,-0.142,0,0
2015-03-07,35,4.338,3,1,18,-0.777,3,2,19,8.311,5,0,4,0.966,0,0,2,1.534,1,0
2015-03-08,55,3.756,5,2,12,2.704,4,1,31,3.515,5,2,4,0.806,1,0,3,2.830,1,0
2015-03-09,74,12.605,11,6,8,1.615,0,0,11,0.312,0,0,1,-0.142,0,0,2,1.065,0,0
2015-03-10,104,-7.948,11,11,13,-5.800,0,3,25,-3.829,1,6,0,0.000,0,0,2,1.321,1,0
2015-03-11,71,-1.816,5,5,20,-2.409,2,3,33,3.356,3,0,1,-0.142,0,0,1,-0.142,0,0
2015-03-12,107,14.741,19,5,21,2.081,2,1,25,2.197,3,1,3,-0.426,0,0,3,1.935,1,0
2015-03-13,86,15.184,14,5,12,0.663,2,1,18,-2.168,2,3,4,0.401,0,0,2,1.083,1,0
2015-03-14,210,67.697,48,12,45,4.706,9,6,65,5.717,13,10,13,3.086,3,0,10,1.963,1,0
2015-03-15,162,15.201,24,18,67,2.501,14,9,69,-0.167,12,9,7,5.244,3,0,3,-0.426,0,0
2015-03-16,136,16.759,18,11,87,-1.935,9,6,13,-1.862,1,2,4,0.301,1,1,7,4.243,3,0
2015-03-17,94,-8.928,13,11,95,-2.365,12,13,37,-7.325,7,9,6,-0.913,0,0,4,-2.813,0,1
2015-03-18,99,0.250,16,10,74,-13.056,6,12,51,2.437,9,4,5,-1.071,1,0,4,-0.121,1,1
2015-03-19,67,-8.060,3,7,49,-0.679,8,8,13,-6.020,1,3,3,-1.829,1,1,5,-3.157,0,2
2015-03-20,107,16.573,19,9,78,0.959,7,9,18,3.193,2,1,4,-0.568,0,0,6,0.646,1,0
2015-03-21,135,-9.643,14,16,89,25.463,19,2,30,6.620,5,3,7,2.950,3,0,6,-0.234,0,0
2015-03-22,166,-5.214,20,16,98,13.024,21,10,33,0.122,5,4,7,-1.811,0,1,10,-0.525,1,0
2015-03-23,31,8.387,5,3,30,-11.721,0,6,7,4.629,3,0,0,0.000,0,0,3,0.614,0,0
2015-03-24,0,0.000,0,0,0,0.000,0,0,0,0.000,0,0,0,0.000,0,0,0,0.000,0,0
2015-03-25,122,12.265,23,9,87,2.074,9,7,29,-6.842,3,5,7,0.972,2,1,4,0.106,1,0
2015-03-26,115,16.640,25,11,79,-4.519,9,13,24,6.337,5,1,2,0.582,0,0,12,3.838,3,1
2015-03-27,36,4.559,6,3,30,3.506,9,5,7,-1.701,2,2,1,1.360,1,0,5,-0.710,0,0
2015-03-28,43,14.426,9,3,24,-8.831,1,7,10,-0.902,0,1,3,-0.426,0,0,2,0.664,0,0
2015-03-29,22,1.048,0,1,25,-4.386,4,5,9,-4.173,1,2,0,0.000,0,0,3,-0.792,0,1
2015-03-30,18,-1.509,4,3,3,0.706,0,0,1,-0.142,0,0,2,1.712,1,0,0,0.000,0,0
2015-03-31,5,-2.867,0,2,4,-0.117,1,1,0,0.000,0,0,0,0.000,0,0,0,0.000,0,0
2015-04-01,6,1.928,2,0,2,1.026,1,0,1,-0.142,0,0,0,0.000,0,0,0,0.000,0,0
2015-04-02,21,4.755,5,1,4,0.263,0,0,1,0.362,0,0,1,2.201,1,0,1,-0.142,0,0
2015-04-03,13,-2.689,0,1,6,-1.890,0,1,5,-0.710,0,0,0,0.000,0,0,0,0.000,0,0
2015-04-04,5,-0.710,0,0,5,-0.093,0,0,2,-0.284,0,0,1,-0.142,0,0,0,0.000,0,0
2015-04-05,7,1.861,1,0,5,-3.135,1,2,2,1.008,1,1,1,0.568,0,0,2,-0.284,0,0
2015-04-06,1,-0.142,0,0,1,0.344,0,0,0,0.000,0,0,0,0.000,0,0,0,0.000,0,0
2015-04-07,53,-0.597,7,6,43,8.847,11,4,4,1.047,0,0,3,-0.465,0,0,3,-0.426,0,0
2015-04-08,129,1.624,18,13,101,-3.060,13,11,15,6.329,5,1,10,2.334,1,0,8,1.615,1,0
2015-04-09,100,6.968,13,8,117,-4.914,17,12,12,4.012,3,0,23,5.626,5,3,13,0.756,1,0
2015-04-10,32,7.990,6,0,26,5.799,4,0,15,-1.128,2,1,2,-0.437,0,1,9,0.938,1,0
2015-04-11,11,6.216,5,1,5,0.049,0,0,3,0.866,1,0,1,-1.183,0,1,1,-0.142,0,0
2015-04-12,5,3.078,2,0,5,0.183,0,0,2,-1.804,0,1,2,1.278,1,0,0,0.000,0,0
2015-04-13,18,8.802,4,0,6,2.411,1,0,3,-0.426,0,0,19,5.616,3,0,2,1.179,1,0
2015-04-14,18,7.179,4,0,3,2.687,2,0,1,-1.073,0,1,10,2.248,1,0,5,2.028,1,0
2015-04-15,11,8.691,4,0,8,1.004,0,0,2,0.131,0,0,5,4.254,1,0,2,1.491,1,0
2015-04-16,34,9.621,8,3,13,0.601,1,1,0,0.000,0,0,5,2.503,1,0,0,0.000,0,0
2015-04-17,17,-0.100,1,1,4,5.699,2,0,1,-0.142,0,0,0,0.000,0,0,0,0.000,0,0
2015-04-18,6,0.831,1,0,4,-2.291,0,1,3,0.625,0,0,7,-1.069,0,0,2,0.276,1,0
2015-04-19,7,-1.336,1,1,4,0.476,0,0,0,0.000,0,0,10,3.299,3,0,0,0.000,0,0
2015-04-20,79,5.376,15,12,16,6.592,5,3,2,1.548,1,0,19,7.317,5,0,3,0.341,0,0
2015-04-21,208,11.192,30,16,101,4.941,20,10,14,3.095,4,1,67,6.124,9,4,13,-2.455,1,1
2015-04-22,171,38.958,35,18,115,16.362,19,9,21,3.987,3,2,33,7.145,8,2,18,-1.191,1,2
2015-04-23,12,3.973,1,0,3,-0.157,1,1,5,-2.351,0,1,5,-0.157,0,0,3,1.683,1,0
2015-04-24,20,0.832,2,1,8,2.876,2,0,5,2.273,1,0,0,0.000,0,0,2,-0.284,0,0
2015-04-25,168,29.947,22,4,83,10.812,15,4,63,-6.520,8,7,11,6.213,4,1,9,3.493,2,0
2015-04-26,118,-3.111,13,10,73,-7.816,6,7,52,-1.331,10,7,16,6.972,4,1,8,-1.983,1,1
2015-04-27,128,-8.722,14,16,42,-3.604,10,9,28,-6.864,3,5,8,6.782,4,0,6,2.202,2,0
2015-04-28,54,0.237,5,3,13,8.280,5,0,5,-0.043,1,0,5,1.417,1,0,4,-1.332,0,1
2015-04-29,63,7.503,10,4,10,1.139,1,1,9,1.529,1,0,2,1.182,0,0,4,-0.568,0,0
2015-04-30,64,-3.765,4,6,4,1.772,1,0,11,4.347,2,0,6,0.213,0,0,13,0.762,1,1
2015-05-01,53,-2.255,3,2,10,2.487,2,2,5,2.535,2,1,3,0.295,0,0,14,4.573,3,0
2015-05-02,30,2.792,4,1,5,1.928,0,0,3,1.789,1,0,4,-0.647,0,1,18,5.876,4,1
2015-05-03,10,1.367,1,0,2,-0.366,0,1,4,-1.726,0,1,3,0.099,1,1,4,-0.568,0,0
2015-05-04,5,0.771,0,0,2,0.309,0,0,3,0.504,0,0,2,0.589,0,0,1,-0.142,0,0
2015-05-05,6,5.158,3,0,1,0.678,0,0,0,0.000,0,0,2,-0.284,0,0,0,0.000,0,0
2015-05-06,0,0.000,0,0,0,0.000,0,0,0,0.000,0,0,0,0.000,0,0,0,0.000,0,0
2015-05-07,4,-0.568,0,0,2,0.731,0,0,1,-0.142,0,0,2,-0.284,0,0,1,-0.142,0,0
2015-05-08,0,0.000,0,0,0,0.000,0,0,0,0.000,0,0,0,0.000,0,0,0,0.000,0,0
2015-05-09,0,0.000,0,0,0,0.000,0,0,0,0.000,0,0,0,0.000,0,0,0,0.000,0,0
2015-05-10,0,0.000,0,0,0,0.000,0,0,0,0.000,0,0,0,0.000,0,0,0,0.000,0,0
2015-05-11,11,-0.632,0,0,1,-0.142,0,0,1,0.951,0,0,1,-0.142,0,0,0,0.000,0,0
2015-05-12,14,1.817,3,1,0,0.000,0,0,0,0.000,0,0,0,0.000,0,0,1,-0.142,0,0
2015-05-13,17,10.656,6,0,2,-0.284,0,0,1,1.136,1,0,3,1.150,1,0,1,-0.142,0,0
2015-05-14,9,0.984,1,0,1,1.605,1,0,1,-0.142,0,0,1,-0.142,0,0,0,0.000,0,0
2015-05-15,10,1.140,1,0,2,0.277,0,0,4,0.287,0,0,1,0.873,0,0,0,0.000,0,0
2015-05-16,6,1.917,0,0,0,0.000,0,0,2,1.420,1,0,4,0.039,0,0,1,-0.142,0,0
2015-05-17,26,4.054,2,0,4,1.995,1,0,4,1.913,1,0,4,-1.389,0,0,3,1.914,1,0
2015-05-18,54,9.300,5,0,8,1.093,2,2,7,1.328,1,0,6,-0.907,1,0,3,0.905,1,0
2015-05-19,8,-1.545,0,1,1,-2.379,0,1,3,-0.426,0,0,4,-0.568,0,0,7,0.305,1,0
2015-05-20,10,1.406,1,0,0,0.000,0,0,6,3.401,1,0,10,0.370,1,1,4,0.791,0,0
2015-05-21,49,0.043,6,3,12,1.051,1,0,5,1.562,1,0,14,4.771,4,0,13,-2.748,0,1
2015-05-22,49,4.194,3,2,12,5.347,2,1,8,0.035,0,0,32,-0.532,3,2,18,1.007,4,2
2015-05-23,62,13.885,8,1,2,-0.284,0,0,7,1.998,0,0,88,32.943,23,2,11,3.131,3,1
2015-05-24,40,1.182,4,2,11,5.904,2,0,17,5.955,3,0,34,10.370,9,1,4,0.085,0,0
2015-05-25,33,5.629,4,1,1,1.086,1,0,8,2.530,1,0,23,2.687,2,0,1,-0.142,0,0
2015-05-26,36,2.179,7,3,5,1.299,2,1,4,1.888,1,1,16,4.406,1,0,14,1.718,0,0
2015-05-27,0,0.000,0,0,0,0.000,0,0,0,0.000,0,0,0,0.000,0,0,0,0.000,0,0
2015-05-28,0,0.000,0,0,0,0.000,0,0,0,0.000,0,0,0,0.000,0,0,0,0.000,0,0
2015-05-29,0,0.000,0,0,0,0.000,0,0,0,0.000,0,0,0,0.000,0,0,0,0.000,0,0
2015-05-30,0,0.000,0,0,0,0.000,0,0,0,0.000,0,0,0,0.000,0,0,0,0.000,0,0
2015-05-31,0,0.000,0,0,0,0.000,0,0,0,0.000,0,0,0,0.000,0,0,0,0.000,0,0
2015-06-01,35,-1.797,2,1,9,3.312,2,0,7,1.317,2,1,10,3.709,0,0,8,1.018,2,1
2015-06-02,52,3.361,6,3,1,0.873,0,0,6,-0.930,0,0,6,1.892,0,0,8,-0.022,1,0
2015-06-03,28,-0.292,1,0,6,3.288,3,0,5,2.527,1,0,5,0.199,0,0,10,4.857,2,0
2015-06-04,47,0.838,6,2,8,3.524,2,0,10,0.837,1,0,7,1.299,1,0,21,-0.494,0,1
2015-06-05,49,4.975,7,4,11,1.285,1,1,17,5.968,6,1,3,0.231,0,0,12,3.064,3,1
2015-06-06,43,11.041,7,1,4,0.742,1,0,12,3.670,3,1,6,2.889,3,1,45,18.720,11,1
2015-06-07,50,7.469,9,3,9,5.454,3,0,16,0.684,1,1,6,4.054,3,1,75,38.911,23,3
2015-06-08,64,9.095,7,1,12,6.238,3,0,4,2.780,2,0,9,3.490,2,0,12,2.936,2,0
2015-06-09,40,5.274,5,0,7,1.580,1,1,6,2.825,2,1,23,-2.262,1,1,10,-0.439,3,2
2015-06-10,27,9.657,7,0,5,0.696,1,1,5,1.669,1,0,17,6.625,3,0,14,-4.381,0,4
2015-06-11,62,12.833,9,2,4,1.118,0,0,2,-0.284,0,0,14,1.969,2,0,5,-1.225,0,0
2015-06-12,0,0.000,0,0,0,0.000,0,0,0,0.000,0,0,0,0.000,0,0,0,0.000,0,0
2015-06-13,0,0.000,0,0,0,0.000,0,0,0,0.000,0,0,0,0.000,0,0,0,0.000,0,0
2015-06-14,0,0.000,0,0,0,0.000,0,0,0,0.000,0,0,0,0.000,0,0,0,0.000,0,0
2015-06-15,27,10.590,7,0,4,-1.030,0,0,6,2.879,2,0,14,1.430,1,1,9,4.086,2,0
2015-06-16,6,-0.852,0,0,0,0.000,0,0,1,-0.142,0,0,6,3.018,2,0,2,2.752,1,0
2015-06-17,6,-0.852,0,0,1,1.015,1,0,3,-0.501,0,1,5,0.972,1,1,0,0.000,0,0
2015-06-18,14,3.402,1,0,4,-0.522,0,0,1,-0.142,0,0,0,0.000,0,0,2,0.575,0,0
2015-06-19,8,-0.434,1,0,3,0.369,0,0,4,1.243,0,0,1,1.434,1,0,3,1.296,1,0
2015-06-20,7,2.592,1,0,1,-0.142,0,0,3,-0.981,0,0,1,-1.765,0,1,5,-0.710,0,0
2015-06-21,8,4.418,2,0,1,1.300,1,0,2,1.857,0,0,1,-1.708,0,1,3,-0.225,0,0
2015-06-22,9,4.154,2,0,1,1.392,1,0,2,-0.565,0,1,0,0.000,0,0,2,-0.284,0,0
2015-06-23,12,-1.119,0,0,1,-0.142,0,0,1,1.015,1,0,2,0.774,0,0,4,2.510,1,0
2015-06-24,13,-1.006,0,0,0,0.000,0,0,3,-0.426,0,0,11,1.051,1,0,3,0.845,1,0
2015-06-25,29,3.355,4,0,2,-0.284,0,0,6,1.381,1,1,4,1.754,1,0,2,2.113,1,0
2015-06-26,37,4.852,7,3,1,-0.142,0,0,4,0.302,0,0,10,1.157,0,0,3,0.121,0,0
2015-06-27,57,3.760,5,2,8,2.997,2,0,11,3.135,2,0,33,13.755,9,0,6,-0.852,0,0
2015-06-28,47,0.310,2,0,3,-0.426,0,0,23,1.632,4,2,38,8.307,8,3,8,2.616,1,0
2015-06-29,62,-3.271,5,1,6,-0.813,0,0,4,2.806,1,0,10,1.438,2,0,8,2.450,1,0
2015-06-30,56,-4.052,4,4,2,-1.488,0,1,8,0.717,0,0,7,2.319,1,0,8,2.574,2,0
2015-07-01,51,13.684,5,0,3,1.520,1,0,8,-2.866,0,1,11,1.754,2,0,14,8.396,4,0
2015-07-02,53,10.651,5,1,9,1.530,1,0,10,2.314,2,1,6,1.331,0,0,9,-1.193,1,1
2015-07-03,62,9.435,10,1,6,1.877,2,0,17,4.278,2,0,31,0.040,3,0,8,-0.480,0,0
2015-07-04,80,21.383,17,1,11,6.255,4,0,8,1.526,2,1,67,17.913,15,2,11,8.790,6,0
2015-07-05,62,21.602,11,2,10,1.445,2,0,13,8.378,4,0,61,13.264,12,1,13,2.602,1,0
2015-07-06,45,11.948,2,0,6,-1.851,0,1,2,-1.715,0,1,12,-0.108,0,0,3,2.258,1,0
2015-07-07,53,-1.004,4,2,5,5.020,3,0,12,3.986,2,0,29,10.149,6,0,5,0.593,1,0
2015-07-08,25,3.848,3,0,7,-1.453,0,2,9,-0.108,1,0,28,12.225,9,1,8,5.549,2,0
2015-07-09,69,6.749,10,7,4,-0.139,1,1,5,0.110,0,0,20,1.200,2,0,8,1.962,3,1
2015-07-10,83,0.442,8,7,2,-0.629,1,1,6,-1.922,0,1,34,4.855,7,3,5,-1.598,0,1
2015-07-11,113,10.192,16,5,6,4.268,2,0,6,-1.595,1,1,27,6.476,6,0,7,1.946,2,0
2015-07-12,67,-1.004,7,5,6,3.180,2,0,13,0.253,1,0,36,-1.012,1,1,5,2.108,1,0
2015-07-13,78,-1.204,8,5,4,-0.004,0,1,6,3.632,2,1,36,14.505,9,1,8,1.967,3,0
2015-07-14,40,11.162,6,0,5,3.700,3,0,8,-0.426,0,0,7,-0.533,1,1,12,5.139,4,0
2015-07-15,33,7.570,3,0,6,1.620,2,0,4,0.962,1,0,4,-0.160,0,0,7,3.684,4,1
2015-07-16,55,-6.253,5,8,14,1.476,1,0,5,2.766,1,0,5,1.519,0,0,11,1.068,1,0
2015-07-17,46,-7.684,3,4,5,5.248,3,0,8,3.939,3,0,5,3.512,2,0,28,6.512,4,0
2015-07-18,75,17.291,10,2,11,4.694,1,0,15,7.467,5,1,11,2.533,3,1,21,4.407,4,1
2015-07-19,15,4.220,4,1,4,0.859,0,0,8,0.373,1,0,6,1.957,1,0,9,1.761,2,0
2015-07-20,31,2.626,2,1,2,-0.284,0,0,8,-2.444,0,1,3,0.323,0,0,7,2.024,0,1
2015-07-21,52,11.521,3,0,10,1.846,1,0,10,-2.944,0,1,4,0.724,1,0,17,1.222,1,1
2015-07-22,32,8.569,5,0,4,1.619,1,0,7,1.196,0,0,7,0.567,3,2,8,1.682,0,0
2015-07-23,50,21.510,9,2,7,0.982,1,1,12,1.104,0,0,16,1.062,2,1,12,2.926,3,0
2015-07-24,56,11.277,6,0,7,5.105,3,0,11,2.758,2,0,37,3.118,3,1,9,3.828,1,0
2015-07-25,33,9.667,6,0,11,0.998,0,0,9,0.913,1,0,33,11.046,7,1,17,-0.967,1,2
2015-07-26,27,1.991,2,0,4,-0.284,0,0,7,-0.476,0,0,33,5.666,5,1,13,3.110,3,0
2015-07-27,20,3.224,1,0,2,1.537,1,0,0,0.000,0,0,3,0.355,1,0,25,7.585,7,1
2015-07-28,18,0.794,0,1,1,-0.142,0,0,1,-0.142,0,0,0,0.000,0,0,12,1.214,2,2
2015-07-29,12,0.308,0,0,6,-1.208,0,1,5,-1.832,0,1,6,0.398,1,0,20,-1.507,2,3
2015-07-30,17,3.742,3,0,0,0.000,0,0,3,1.868,1,0,2,0.561,0,0,15,0.929,2,2
2015-07-31,1,-0.579,0,0,1,-0.142,0,0,0,0.000,0,0,2,-0.284,0,0,0,0.000,0,0
2015-08-01,0,0.000,0,0,0,0.000,0,0,0,0.000,0,0,0,0.000,0,0,0,0.000,0,0
2015-08-02,0,0.000,0,0,0,0.000,0,0,0,0.000,0,0,0,0.000,0,0,0,0.000,0,0
2015-08-03,0,0.000,0,0,0,0.000,0,0,0,0.000,0,0,0,0.000,0,0,0,0.000,0,0
2015-08-04,15,4.646,3,0,2,-0.359,0,0,2,0.749,0,0,7,3.597,2,0,4,0.752,0,0
2015-08-05,22,2.477,3,0,1,-0.739,0,0,1,-0.142,0,0,12,2.745,3,1,9,0.486,0,0
2015-08-06,10,0.838,1,1,0,0.000,0,0,1,0.376,0,0,8,1.533,2,0,14,0.058,1,1
2015-08-07,19,5.911,4,0,2,-1.215,0,1,1,-0.142,0,0,8,-0.157,0,1,6,0.639,1,0
2015-08-08,3,1.427,1,0,1,-0.142,0,0,2,-0.664,0,0,8,-0.103,0,0,5,1.938,1,0
2015-08-09,4,-0.071,0,0,1,-0.142,0,0,2,-1.073,0,0,0,0.000,0,0,0,0.000,0,0
2015-08-10,6,-0.852,0,0,0,0.000,0,0,1,0.245,0,0,0,0.000,0,0,0,0.000,0,0
2015-08-11,3,0.074,0,0,0,0.000,0,0,0,0.000,0,0,0,0.000,0,0,0,0.000,0,0
2015-08-12,21,0.859,1,0,0,0.000,0,0,2,0.962,1,0,4,0.113,2,1,8,-1.222,1,1
2015-08-13,34,1.255,2,0,4,-1.662,0,1,8,0.728,1,1,2,0.515,0,0,7,-0.103,1,1
2015-08-14,72,11.741,6,1,6,2.844,1,0,7,5.177,2,0,6,3.969,3,0,22,7.257,4,0
2015-08-15,40,-1.478,2,2,2,0.422,0,0,5,1.865,1,0,8,0.483,1,0,33,8.704,6,2
2015-08-16,0,0.000,0,0,0,0.000,0,0,0,0.000,0,0,0,0.000,0,0,0,0.000,0,0
2015-08-17,0,0.000,0,0,0,0.000,0,0,0,0.000,0,0,0,0.000,0,0,0,0.000,0,0
2015-08-18,0,0.000,0,0,0,0.000,0,0,0,0.000,0,0,0,0.000,0,0,0,0.000,0,0
2015-08-19,0,0.000,0,0,0,0.000,0,0,0,0.000,0,0,0,0.000,0,0,0,0.000,0,0
2015-08-20,0,0.000,0,0,0,0.000,0,0,0,0.000,0,0,0,0.000,0,0,0,0.000,0,0
2015-08-21,42,5.021,4,1,6,0.330,1,0,2,0.742,0,0,43,8.979,7,1,14,0.741,0,0
2015-08-22,61,5.257,5,2,3,3.170,1,0,15,-2.736,1,2,61,20.291,18,6,15,-1.331,0,0
2015-08-23,59,-0.673,4,2,7,2.897,2,0,11,-3.682,0,1,29,11.004,8,0,85,21.192,19,3
2015-08-24,63,5.568,7,3,19,3.496,5,1,7,2.421,1,0,42,13.870,12,5,23,4.068,5,1
2015-08-25,82,19.358,10,1,13,0.706,2,1,10,2.205,1,0,10,3.574,3,0,18,-3.977,1,2
2015-08-26,40,4.493,3,2,10,1.524,1,0,4,0.160,0,0,3,1.704,1,0,14,0.438,0,1
2015-08-27,54,4.681,5,1,15,7.218,5,0,4,2.681,1,0,4,2.035,1,0,4,0.621,1,0
2015-08-28,59,7.237,9,2,23,6.919,6,2,5,-1.151,1,1,18,-1.787,2,2,12,0.031,3,3
2015-08-29,71,7.511,7,2,20,0.006,2,1,8,0.589,1,1,35,7.835,7,0,25,0.103,2,0
2015-08-30,39,1.084,2,0,20,2.309,3,1,14,2.825,3,2,46,1.669,6,3,13,-4.084,1,2
2015-08-31,0,0.000,0,0,0,0.000,0,0,0,0.000,0,0,0,0.000,0,0,0,0.000,0,0
2015-09-01,48,6.626,5,1,8,-2.380,0,0,3,-0.426,0,0,2,-1.140,0,0,19,6.275,3,1
2015-09-02,43,-2.416,3,3,12,-3.580,0,2,4,-0.118,0,0,5,-3.452,0,1,8,1.896,2,1
2015-09-03,82,4.038,5,4,18,7.670,4,0,11,-1.211,1,1,8,-0.076,0,1,28,5.223,4,0
2015-09-04,67,5.484,2,2,16,7.365,5,0,8,-1.234,2,2,10,0.990,0,0,55,4.856,10,6
2015-09-05,68,5.616,5,4,15,6.177,4,1,12,4.569,4,0,15,6.920,4,0,70,12.150,10,3
2015-09-06,33,8.898,4,0,17,4.712,4,1,8,-1.609,0,1,3,3.761,3,0,32,7.287,6,0
2015-09-07,39,3.695,3,1,18,-1.151,0,1,16,0.047,1,1,14,-6.819,0,3,34,2.121,4,2
2015-09-08,22,4.651,1,0,5,0.543,1,1,6,3.518,1,0,4,-1.179,0,0,13,1.970,0,0
2015-09-09,16,4.134,2,0,4,1.779,2,1,1,-0.142,0,0,1,-0.142,0,0,5,0.824,1,0
2015-09-10,21,1.445,1,0,7,0.429,0,0,2,-0.281,0,0,13,0.982,3,2,8,1.207,1,0
2015-09-11,12,5.422,3,0,3,2.574,1,0,0,0.000,0,0,4,-0.568,0,0,0,0.000,0,0
2015-09-12,17,-0.488,1,1,3,0.518,0,0,4,-1.705,0,1,2,1.339,1,0,1,0.809,0,0
2015-09-13,25,3.940,3,0,5,3.910,2,0,11,3.075,2,0,30,2.909,2,0,9,-0.096,1,0
2015-09-14,29,8.919,5,0,5,3.159,2,0,2,-0.327,1,1,3,0.391,0,0,5,0.796,0,0
2015-09-15,30,7.327,7,1,3,-2.011,0,2,2,-0.284,0,0,19,3.254,4,0,8,1.902,0,0
2015-09-16,14,2.631,2,0,1,-0.142,0,0,5,-0.710,0,0,14,5.186,1,0,7,0.784,2,0
2015-09-17,15,-0.838,2,1,1,-0.142,0,0,0,0.000,0,0,11,6.650,5,1,5,0.948,1,0
2015-09-18,4,-0.568,0,0,0,0.000,0,0,2,0.355,0,0,0,0.000,0,0,1,-0.142,0,0
2015-09-19,21,8.530,3,0,3,0.334,0,0,2,0.295,0,0,9,0.613,2,1,11,0.472,1,0
2015-09-20,9,2.848,2,1,2,1.807,1,0,2,0.426,0,0,3,1.402,1,0,20,0.742,2,1
2015-09-21,58,8.084,4,1,17,5.233,3,1,2,1.513,1,0,5,1.501,0,0,36,1.950,7,4
2015-09-22,70,16.054,7,2,12,3.109,4,1,9,-1.463,0,1,2,-0.284,0,0,18,3.320,4,1
2015-09-23,63,17.713,6,1,8,-0.199,0,0,4,-1.854,0,1,9,1.626,2,1,9,0.685,2,1
2015-09-24,42,1.098,3,0,7,3.146,2,1,3,1.551,2,0,9,0.787,1,1,14,3.602,3,0
2015-09-25,46,8.754,7,0,12,1.575,2,1,3,0.092,0,0,4,1.718,1,0,23,0.411,2,1
2015-09-26,41,10.013,7,1,8,2.595,1,0,16,3.392,5,1,9,2.065,3,1,10,1.889,1,0
2015-09-27,63,3.742,7,2,28,-0.096,2,1,14,5.534,3,0,6,-1.815,0,1,48,3.382,6,3
2015-09-28,39,0.950,4,0,16,5.542,4,0,4,1.342,1,0,22,1.647,3,2,7,-3.498,0,1
2015-09-29,30,2.132,1,0,5,0.785,0,0,4,2.972,1,0,26,-3.345,2,4,13,-4.021,1,2
2015-09-30,31,-3.180,2,3,9,0.355,1,1,8,0.446,1,2,24,4.424,5,0,11,3.106,2,1
2015-10-01,35,6.994,6,1,5,0.009,1,1,7,0.798,3,2,27,2.320,3,2,45,2.172,5,2
2015-10-02,41,2.225,2,0,12,2.949,1,0,7,-0.263,0,0,29,-0.978,2,0,116,2.170,15,9
2015-10-03,39,2.026,2,1,17,4.240,3,1,16,1.959,4,2,32,2.496,4,1,12,0.060,0,0
2015-10-04,55,18.923,12,1,25,5.854,7,3,16,0.378,3,2,64,16.417,15,5,12,-4.315,0,2
2015-10-05,52,-2.813,4,5,10,1.068,1,0,5,4.427,2,0,10,4.719,4,0,15,2.621,2,0
2015-10-06,21,5.951,3,0,4,3.000,2,1,4,0.756,0,0,7,2.024,2,0,10,2.933,3,1
2015-10-07,26,0.190,3,0,6,-0.369,0,0,2,1.619,1,0,38,2.225,6,1,3,4.662,3,0
2015-10-08,55,7.587,8,1,9,5.933,2,0,8,4.853,3,0,82,0.514,9,4,14,0.912,2,1
2015-10-09,27,7.253,4,0,13,-4.117,0,3,8,-0.458,2,2,2,0.525,1,0,13,2.283,2,1
2015-10-10,52,16.131,10,2,21,8.465,7,1,6,-0.626,0,1,3,-0.426,0,0,47,10.779,12,3
2015-10-11,45,5.144,3,0,14,6.270,2,0,15,3.206,3,0,5,-2.202,0,1,7,1.742,2,1
2015-10-12,41,13.455,7,1,16,7.124,4,0,7,4.292,3,0,4,0.564,1,1,14,4.900,3,0
2015-10-13,17,8.099,3,0,0,0.000,0,0,2,0.817,0,0,4,1.370,0,0,3,2.169,1,0
2015-10-14,20,6.112,1,1,2,-0.284,0,0,6,2.390,2,0,0,0.000,0,0,7,1.377,1,0
2015-10-15,7,1.302,1,0,1,0.735,0,0,1,-0.142,0,0,0,0.000,0,0,1,-0.142,0,0
2015-10-16,9,2.663,2,0,2,3.182,2,0,3,1.392,1,0,1,1.094,1,0,3,1.758,1,0
2015-10-17,21,1.374,3,1,3,0.252,0,0,7,0.585,0,1,2,-0.284,0,0,7,-0.011,0,0
2015-10-18,21,7.335,4,0,2,1.342,0,0,4,2.254,1,0,4,1.544,1,0,28,2.345,3,0
2015-10-19,23,3.874,2,1,3,2.386,1,0,1,-0.142,0,0,1,0.309,0,0,16,0.450,2,1
2015-10-20,24,15.514,6,0,3,-0.426,0,0,3,-2.806,0,1,1,-0.142,0,0,8,-0.647,2,1
2015-10-21,14,4.367,2,1,5,1.821,0,0,0,0.000,0,0,1,-0.142,0,0,4,-0.142,0,0
2015-10-22,25,-0.813,2,3,6,1.694,1,0,2,-0.284,0,0,0,0.000,0,0,7,1.884,0,0
2015-10-23,25,5.588,2,1,2,1.484,0,0,2,0.287,0,0,2,0.465,0,0,8,2.703,2,0
2015-10-24,6,-0.110,0,0,2,2.144,2,0,3,2.361,2,0,0,0.000,0,0,4,0.731,1,0
2015-10-25,49,8.068,3,0,9,1.229,0,0,15,5.637,4,0,1,0.902,0,0,44,6.460,7,2
2015-10-26,69,0.151,4,4,10,-2.168,0,1,8,3.547,1,0,1,1.491,1,0,14,5.022,2,1
2015-10-27,54,-1.394,4,4,10,-0.132,1,1,9,0.401,1,0,4,0.408,0,0,15,5.588,3,0
2015-10-28,39,-2.876,0,0,16,3.178,2,0,5,2.283,1,0,4,2.027,1,0,17,-1.801,0,2
2015-10-29,76,6.963,5,2,25,-0.726,2,2,7,0.166,1,1,9,1.722,0,0,43,5.881,8,2
2015-10-30,63,14.276,10,1,14,0.656,2,0,6,-2.223,0,1,3,0.280,0,0,31,11.834,8,1
2015-10-31,64,6.356,9,4,11,0.883,2,1,7,-4.340,0,3,2,1.275,0,0,19,-5.377,3,2
2015-11-01,51,1.809,5,1,24,0.410,2,1,29,2.316,6,3,7,-0.625,1,1,91,21.170,16,0
2015-11-02,78,1.823,7,3,13,-3.602,1,1,4,1.160,0,0,2,-0.284,0,0,26,-2.396,2,4
2015-11-03,59,-4.083,4,3,14,1.008,2,1,3,1.150,1,0,4,-0.327,0,0,15,-2.522,1,2
2015-11-04,35,4.305,5,1,9,2.048,1,0,4,0.667,2,1,0,0.000,0,0,8,-5.454,0,3
2015-11-05,50,7.758,8,3,13,-1.876,2,2,7,0.077,1,0,4,1.629,1,0,5,-0.643,0,0
2015-11-06,53,9.413,8,2,9,-0.018,1,1,8,-1.961,0,1,3,0.614,0,0,8,-0.810,0,2
2015-11-07,15,1.336,1,0,9,-0.161,0,1,2,1.928,1,0,4,0.312,0,0,12,-1.744,1,2
