how,cluster0,cluster1,cluster2,cluster3,cluster4,cluster5,cluster6,cluster7,cluster8,cluster9,cluster10,cluster11,cluster12,cluster13,cluster14,cluster15
0,58,7,33,11,25,5,12,9,0,20,2,5,1,0,2,0
1,36,3,31,2,8,3,6,2,0,19,0,2,0,0,5,0
2,35,10,26,5,4,0,3,3,1,14,1,0,0,0,3,0
3,22,4,39,2,10,6,5,4,2,5,0,4,0,0,0,0
4,16,2,35,3,1,6,2,9,0,1,0,0,0,0,2,0
5,8,4,20,1,2,1,2,8,4,1,0,2,0,0,1,0
6,7,1,10,0,0,0,0,1,0,0,0,1,0,0,0,0
7,4,0,2,0,0,0,0,3,0,0,0,1,0,0,0,0
8,1,0,2,0,0,0,0,1,0,0,0,0,0,0,0,0
9,1,0,0,0,0,0,1,0,0,0,0,0,0,0,0,0
10,1,1,1,1,1,0,0,0,0,0,0,0,1,0,0,0
11,4,3,1,0,1,0,0,0,0,0,0,0,0,0,0,0
12,4,1,2,4,2,2,11,3,0,2,0,0,0,0,0,2
13,4,2,4,5,2,0,13,3,1,1,0,1,0,0,0,1
14,13,2,15,3,6,3,4,13,0,4,0,4,0,0,1,0
15,25,5,12,2,11,1,3,14,0,0,1,0,0,0,1,0
16,35,7,14,14,31,3,5,15,0,13,0,4,0,0,1,1
17,42,3,17,5,41,8,22,16,0,17,1,3,0,0,3,0
18,27,13,14,4,21,5,5,15,0,8,0,6,0,0,3,1
19,17,6,13,2,14,5,9,9,0,11,0,0,0,0,4,0
20,32,7,16,8,15,6,11,5,0,5,0,2,0,0,3,2
21,30,10,21,9,9,7,9,8,0,9,0,2,0,0,5,2
22,44,8,22,12,5,7,6,4,0,10,0,3,0,0,2,0
23,53,2,7,13,5,6,15,4,1,18,0,2,0,0,2,2
24,31,5,14,2,7,8,10,4,0,6,0,2,0,0,2,0
25,7,5,4,0,4,3,7,2,0,5,0,7,1,0,1,0
26,15,5,6,1,6,3,7,3,1,1,0,0,0,0,3,0
27,8,1,5,1,1,0,4,2,0,5,0,2,0,0,1,0
28,13,1,1,0,1,0,1,0,0,1,0,1,1,0,0,0
29,6,1,6,1,2,0,0,0,0,0,0,0,0,0,2,0
30,0,1,2,0,0,0,3,1,0,0,0,0,0,0,0,0
31,0,0,0,0,0,0,0,0,0,0,0,0,0,0,0,0
32,1,0,0,0,0,0,0,0,0,0,0,0,0,0,0,0
33,0,1,0,0,0,0,0,0,0,0,0,0,0,0,0,0
34,5,1,2,7,2,0,0,0,0,0,0,0,0,0,0,0
35,6,6,4,2,4,3,3,0,0,1,0,0,0,0,0,0
36,11,0,0,1,0,6,3,1,0,0,0,0,0,0,0,0
37,46,6,1,1,7,6,1,7,0,3,0,1,0,0,1,0
38,15,1,0,3,8,1,7,4,0,3,0,3,0,0,2,0
39,16,6,4,4,9,3,11,5,0,6,0,2,0,0,2,0
40,23,4,5,1,13,1,5,9,0,6,0,1,0,0,0,0
41,21,12,8,3,11,2,1,6,0,10,0,6,0,0,1,0
42,14,5,3,2,3,0,5,5,0,1,1,8,0,0,1,0
43,19,7,9,3,2,4,2,3,0,27,0,3,0,0,2,0
44,6,7,12,6,4,4,2,1,0,25,0,0,0,0,1,0
45,23,8,15,9,8,2,4,2,0,8,0,2,1,0,2,1
46,18,10,24,11,22,4,10,3,1,7,0,2,0,0,0,6
47,26,6,12,6,19,7,10,2,0,7,0,1,0,0,3,0
48,23,3,13,8,6,1,8,3,0,12,0,2,0,0,2,0
49,22,6,7,4,5,1,11,1,0,15,0,10,0,0,3,1
50,8,4,8,0,6,3,5,2,0,28,0,2,0,0,3,0
51,7,5,5,0,4,3,0,1,0,1,0,12,0,0,1,0
52,6,0,3,0,2,1,0,0,0,2,0,1,0,0,0,0
53,1,1,1,0,0,0,0,0,0,0,0,2,0,0,1,0
54,1,0,1,0,2,1,0,0,0,0,0,3,0,0,0,0
55,0,0,0,0,0,0,0,0,0,0,0,0,0,0,0,0
56,0,0,1,0,1,0,0,0,0,0,0,0,0,0,0,0
57,0,0,2,0,0,0,0,0,0,0,0,1,0,0,0,0
58,3,0,1,6,1,1,3,0,0,0,0,0,0,0,0,0
59,10,4,4,3,3,0,1,2,0,1,0,0,0,0,0,0
60,28,4,1,5,2,7,3,0,0,1,0,2,0,0,0,0
61,29,5,3,6,9,7,1,3,0,4,0,2,0,0,0,0
62,19,6,2,6,2,6,6,5,0,23,0,6,0,0,4,0
63,12,6,7,0,3,8,4,7,0,5,2,3,0,0,1,0
64,30,7,11,4,7,2,6,14,1,9,0,4,0,0,1,0
65,15,14,9,3,3,3,2,5,0,5,0,5,0,0,0,0
66,18,9,3,3,3,11,5,4,0,2,0,5,0,0,0,0
67,22,7,7,5,2,4,2,6,0,13,0,1,0,0,2,0
68,7,8,15,15,6,2,5,2,0,2,0,1,0,0,2,0
69,30,3,12,14,13,1,7,4,0,3,0,1,0,0,0,1
70,26,7,18,26,22,3,13,5,0,6,1,4,0,0,1,0
71,24,7,13,20,19,2,5,11,0,9,0,0,0,0,0,0
72,16,3,8,5,12,1,12,8,0,19,1,2,0,0,2,0
73,5,5,7,6,3,1,13,2,0,8,1,1,2,0,1,0
74,10,2,10,2,1,0,6,3,0,7,0,0,0,0,0,1
75,8,4,10,2,4,0,4,2,0,0,0,1,0,0,2,0
76,10,1,4,0,0,1,1,0,0,1,0,0,1,0,0,0
77,0,1,3,1,0,0,0,1,0,2,0,1,0,0,0,0
78,2,0,0,0,1,2,0,1,0,0,0,0,0,0,0,0
79,0,0,0,0,1,0,0,0,0,0,0,0,0,0,0,0
80,9,0,0,0,1,0,0,0,0,0,0,0,0,0,0,0
81,0,0,0,0,1,0,0,0,0,0,0,0,0,0,0,0
82,4,2,0,6,1,1,0,0,0,0,1,0,0,0,0,0
83,8,1,0,1,2,1,1,0,0,1,1,0,1,0,1,0
84,9,2,1,1,2,7,4,0,0,1,0,0,0,0,0,0
85,14,3,2,3,2,5,9,1,0,6,0,3,0,0,0,0
86,16,3,3,3,4,5,5,5,0,0,0,0,0,0,0,0
87,22,6,5,4,10,7,7,3,0,0,0,4,0,0,1,0
88,17,12,4,6,7,5,14,9,0,6,0,11,0,0,3,0
89,19,8,3,9,6,7,7,12,0,13,0,2,0,0,0,0
90,24,6,6,2,5,1,5,3,0,8,4,4,0,0,1,0
91,30,6,9,9,5,5,5,2,0,23,0,3,0,0,2,0
92,26,1,12,6,7,5,3,3,0,11,0,3,0,0,1,0
93,26,7,18,4,20,1,12,1,0,10,0,1,0,0,4,0
94,36,7,28,14,24,2,17,6,0,5,2,2,0,0,2,1
95,34,8,17,29,27,1,9,5,0,15,0,4,0,0,2,0
96,13,5,17,14,10,3,7,3,0,17,0,6,0,0,5,0
97,13,6,14,10,3,0,5,1,0,20,0,0,0,0,1,0
98,11,3,12,2,7,1,6,1,0,16,1,0,0,0,2,0
99,7,8,14,8,1,0,6,1,0,4,2,0,0,0,0,0
100,5,3,4,2,3,0,3,2,0,0,0,2,0,0,0,0
101,3,0,6,0,1,0,0,0,0,0,0,0,0,0,0,0
102,0,0,0,0,0,0,1,0,0,0,0,0,0,0,0,0
103,0,0,2,0,1,0,0,0,0,0,0,2,0,0,0,0
104,0,1,0,0,0,0,0,0,0,0,0,1,0,0,0,0
105,0,0,1,0,3,0,0,0,0,0,0,0,0,0,0,0
106,2,4,1,6,1,3,1,0,0,0,0,0,0,0,0,0
107,7,6,6,5,1,0,4,0,0,0,0,0,0,0,0,0
108,29,3,4,6,6,5,3,7,0,0,0,1,0,0,0,0
109,21,5,4,2,7,17,5,5,0,8,0,4,0,0,0,0
110,36,8,2,5,4,6,3,5,0,6,0,1,0,0,1,0
111,45,4,4,2,2,3,7,8,0,6,0,2,0,0,0,0
112,35,7,7,6,11,2,7,7,0,1,0,6,0,0,0,0
113,24,6,11,2,5,7,3,9,0,8,0,8,0,0,2,0
114,37,9,8,5,11,5,3,5,0,3,1,4,0,0,2,0
115,26,8,6,3,5,6,6,11,0,8,0,6,0,0,2,0
116,21,3,9,6,3,8,3,0,0,9,0,2,0,0,0,0
117,24,6,16,11,11,2,3,4,0,15,0,3,0,0,1,0
118,20,6,19,17,16,4,9,6,0,15,2,1,1,0,3,0
119,29,9,20,24,10,10,13,7,0,12,2,2,0,0,1,1
120,28,6,15,10,7,5,9,6,0,15,0,0,0,0,2,1
121,18,2,23,2,8,2,5,5,0,13,0,3,1,0,1,1
122,13,2,13,2,2,1,7,3,0,23,0,2,0,0,3,0
123,19,2,8,0,0,2,4,6,1,13,0,2,0,0,1,0
124,10,1,7,0,0,2,2,0,0,0,0,1,0,0,1,0
125,8,3,4,0,0,0,13,2,0,0,0,2,0,0,0,0
126,5,1,2,0,0,0,1,0,0,0,0,0,0,0,1,0
127,4,0,1,0,0,0,0,3,0,0,0,0,0,0,0,0
128,0,0,0,1,1,0,0,0,0,2,0,0,0,0,0,0
129,1,1,0,0,0,0,0,0,0,2,0,0,0,0,0,0
130,2,3,0,6,1,2,0,0,0,0,0,0,0,0,0,0
131,4,4,5,3,3,1,7,2,0,0,1,0,0,0,0,0
132,24,7,2,2,4,3,7,1,0,2,0,1,0,0,1,0
133,33,4,0,1,8,4,4,5,0,3,0,6,0,0,3,0
134,24,7,2,4,5,3,5,4,0,5,0,1,0,0,1,0
135,24,5,6,5,5,2,8,5,0,9,0,2,0,0,0,0
136,47,7,9,4,0,3,14,6,0,1,0,7,1,0,4,0
137,30,7,11,0,6,3,5,6,0,9,1,11,0,0,3,1
138,26,13,7,5,7,5,3,8,0,16,0,3,0,0,0,1
139,18,6,9,0,9,1,3,10,0,9,0,5,0,0,4,0
140,16,9,17,12,7,5,7,6,0,12,0,4,0,0,1,0
141,46,14,11,9,40,4,11,6,1,7,0,4,0,0,6,1
142,44,17,30,10,29,4,12,2,0,17,0,1,0,0,3,1
143,49,13,26,13,49,6,18,11,0,21,0,1,0,0,3,0
144,42,12,20,4,21,5,15,6,0,13,0,6,0,0,2,0
145,25,12,21,2,7,2,16,6,1,9,0,1,0,0,4,1
146,39,5,20,2,12,4,10,6,1,21,0,2,0,0,2,0
147,26,3,26,2,9,4,10,5,3,11,0,2,0,0,7,0
148,18,2,22,5,0,0,4,5,2,5,0,0,0,0,4,2
149,7,6,15,0,0,1,3,3,2,2,0,1,0,0,0,1
150,15,2,3,0,0,0,2,3,1,0,0,0,0,0,0,0
151,6,0,1,1,0,0,0,3,0,0,0,0,0,0,0,0
152,1,1,0,0,0,0,1,0,0,0,0,0,0,0,0,0
153,1,0,0,0,0,0,0,0,0,0,0,0,0,0,0,0
154,2,0,0,0,1,0,0,0,0,0,0,0,0,0,0,0
155,7,0,1,2,0,1,1,0,0,2,0,0,0,0,0,0
156,8,1,4,0,0,0,7,3,0,1,0,0,0,0,1,0
157,19,3,8,4,2,3,3,14,0,21,0,1,0,0,1,0
158,16,4,17,6,7,2,9,6,0,18,0,3,0,0,1,0
159,26,4,11,4,10,4,4,20,0,15,0,8,0,0,4,1
160,38,15,17,9,9,13,11,19,0,9,0,1,0,0,4,0
161,51,16,16,6,13,11,14,27,0,15,0,2,0,0,4,3
162,34,12,15,8,20,2,11,22,0,8,0,1,1,0,3,1
163,33,13,13,7,31,6,7,22,0,16,0,8,1,0,5,0
164,49,15,17,11,21,6,12,17,0,17,0,9,0,0,3,0
165,40,8,34,7,21,4,10,12,0,13,0,7,0,0,3,0
166,29,11,21,18,35,8,8,6,0,14,0,6,1,0,2,0
167,40,14,26,13,28,9,11,6,0,18,0,1,0,0,2,0
