date,pos_n,neg_n,sum_senti,n
2014-01-22,25,44,-35.952,230
2014-01-23,459,534,-308.640,3291
2014-01-24,449,471,-180.131,3218
2014-01-25,496,522,-203.745,3405
2014-01-26,607,585,-105.571,3979
2014-01-27,780,673,70.599,4714
2014-01-28,512,561,-251.880,3703
2014-01-29,490,575,-332.735,3591
2014-01-30,431,469,-183.749,3186
2014-01-31,436,449,-135.419,3141
2014-02-01,455,392,-11.083,2951
2014-02-02,661,569,40.135,4069
2014-02-03,912,827,-62.922,5468
2014-02-04,460,472,-126.971,3291
2014-02-05,433,536,-320.221,3402
2014-02-06,468,427,-44.988,2957
2014-02-07,379,407,-153.670,2856
2014-02-08,520,461,-64.298,3374
2014-02-09,496,427,-25.043,3170
2014-02-10,458,457,-136.110,3247
2014-02-11,388,439,-207.275,2885
2014-02-12,376,379,-120.816,2858
2014-02-13,469,485,-172.191,3291
2014-02-14,532,355,264.422,3048
2014-02-15,530,467,-18.019,3552
2014-02-16,523,430,36.677,3238
2014-02-17,445,474,-197.172,3236
2014-02-18,486,524,-225.728,3401
2014-02-19,424,374,-29.110,2824
2014-02-20,369,363,-83.952,2659
2014-02-21,410,398,-87.927,2823
2014-02-22,464,367,74.066,2809
2014-02-23,415,376,-61.670,2804
2014-02-24,366,421,-201.090,2699
2014-02-25,375,435,-227.309,2872
2014-02-26,398,393,-61.045,2633
2014-02-27,420,433,-136.203,2938
2014-02-28,425,411,-58.599,3005
2014-03-01,483,345,172.219,2691
2014-03-02,440,455,-152.498,2955
2014-03-03,596,456,185.299,3387
2014-03-04,334,338,-114.697,2547
2014-03-05,378,338,-20.803,2591
2014-03-06,333,325,-88.968,2274
2014-03-07,432,366,-14.476,2714
2014-03-08,368,292,56.738,2347
2014-03-09,357,308,-5.684,2257
2014-03-10,351,289,33.299,2231
2014-03-11,400,293,85.837,2472
2014-03-12,340,338,-90.232,2353
2014-03-13,351,310,-14.424,2337
2014-03-14,385,335,36.534,2621
2014-03-15,490,365,9.080,2812
2014-03-16,540,522,-76.954,3432
2014-03-17,426,462,-208.154,3101
2014-03-18,392,419,-187.667,3079
2014-03-19,381,442,-239.101,2989
2014-03-20,498,482,-98.208,3403
2014-03-21,569,596,-223.265,3954
2014-03-22,601,568,-79.655,3838
2014-03-23,521,460,-23.933,3575
2014-03-24,467,439,-102.238,3143
2014-03-25,405,470,-207.293,3166
2014-03-26,355,424,-214.442,2989
2014-03-27,428,418,-64.991,3166
2014-03-28,501,506,-145.587,3453
2014-03-29,485,387,-3.004,3069
2014-03-30,503,435,46.881,3162
2014-03-31,659,485,138.993,4115
2014-04-01,457,454,-97.102,3238
2014-04-02,404,389,-103.346,2951
2014-04-03,480,487,-142.806,3393
2014-04-04,406,372,-94.133,2829
2014-04-05,469,351,84.378,3061
2014-04-06,588,464,54.892,3443
2014-04-07,398,407,-74.857,2788
2014-04-08,381,348,-43.643,2679
2014-04-09,363,365,-111.983,2705
2014-04-10,426,345,63.397,2765
2014-04-11,398,332,-19.356,2626
2014-04-12,467,429,-33.907,3033
2014-04-13,492,406,85.988,3029
2014-04-14,379,387,-122.434,2783
2014-04-15,369,379,-149.386,2820
2014-04-16,439,404,-16.569,2947
2014-04-17,438,368,17.728,2767
2014-04-18,496,413,50.141,3074
2014-04-19,531,384,107.782,3185
2014-04-20,603,444,248.891,3402
2014-04-21,354,318,-3.104,2422
2014-04-22,488,420,42.173,3121
2014-04-23,443,382,28.623,2908
2014-04-24,429,370,6.316,3023
2014-04-25,379,356,-106.603,2713
2014-04-26,417,349,14.110,2925
2014-04-27,410,313,82.111,2596
2014-04-28,356,294,37.261,2403
2014-04-29,367,402,-168.178,2759
2014-04-30,341,320,-95.571,2498
2014-05-01,385,350,-40.624,2557
2014-05-02,375,343,-56.527,2709
2014-05-03,478,403,8.137,3197
2014-05-04,476,387,29.066,3189
2014-05-05,340,305,-55.004,2502
2014-05-06,381,353,-55.801,2655
2014-05-07,346,298,27.327,2328
2014-05-08,359,274,88.685,2262
2014-05-09,452,344,98.520,2837
2014-05-10,422,342,37.320,2676
2014-05-11,497,384,119.370,2865
2014-05-12,343,377,-167.294,2530
2014-05-13,362,348,-11.606,2522
2014-05-14,404,458,-245.194,3056
2014-05-15,339,359,-104.066,2510
2014-05-16,304,306,-101.527,2389
2014-05-17,350,321,-44.964,2338
2014-05-18,379,298,38.541,2359
2014-05-19,337,329,-103.314,2303
2014-05-20,344,311,-19.548,2337
2014-05-21,343,345,-107.279,2479
2014-05-22,348,321,-60.604,2450
2014-05-23,348,294,-28.427,2510
2014-05-24,380,283,39.588,2479
2014-05-25,370,320,-21.397,2554
2014-05-26,316,300,-53.771,2080
2014-05-27,292,354,-203.610,2285
2014-05-28,340,342,-161.337,2515
2014-05-29,343,384,-197.053,2630
2014-05-30,356,345,-65.196,2371
2014-05-31,363,324,-27.308,2340
2014-06-01,351,322,26.297,2318
2014-06-02,335,341,-92.026,2396
2014-06-03,307,319,-154.058,2298
2014-06-04,325,335,-147.266,2322
2014-06-05,328,327,-95.573,2443
2014-06-06,468,380,61.770,3047
2014-06-07,417,313,104.320,2674
2014-06-08,424,378,-16.361,2723
2014-06-09,381,357,-71.407,2561
2014-06-10,385,378,-44.456,2798
2014-06-11,406,409,-182.631,2999
2014-06-12,382,377,-97.936,2887
2014-06-13,406,392,-103.181,2878
2014-06-14,462,355,91.877,2775
2014-06-15,449,294,181.244,2606
2014-06-16,430,433,-166.601,3049
2014-06-17,391,405,-121.741,2833
2014-06-18,450,420,-139.181,3125
2014-06-19,457,472,-201.711,3289
2014-06-20,423,418,-132.995,2884
2014-06-21,431,394,-57.875,2896
2014-06-22,512,461,-42.885,3234
2014-06-23,349,303,-45.910,2522
2014-06-24,363,406,-188.651,2790
2014-06-25,452,424,-76.820,3026
2014-06-26,420,352,-7.375,2857
2014-06-27,472,345,79.260,2983
2014-06-28,470,394,5.388,3176
2014-06-29,399,394,-129.224,2896
2014-06-30,545,536,-150.696,3519
2014-07-01,522,490,-85.855,3607
2014-07-02,415,349,-11.295,2857
2014-07-03,446,352,66.394,3075
2014-07-04,600,353,298.053,3462
2014-07-05,567,381,177.293,3452
2014-07-06,458,342,96.872,2938
2014-07-07,384,351,-22.991,2623
2014-07-08,415,391,-77.790,2758
2014-07-09,370,368,-91.558,2626
2014-07-10,360,344,-60.446,2527
2014-07-11,444,357,29.722,2752
2014-07-12,336,307,1.529,2424
2014-07-13,435,370,-0.828,2683
2014-07-14,358,419,-271.477,2599
2014-07-15,371,380,-138.382,2565
2014-07-16,371,355,-75.749,2440
2014-07-17,343,365,-128.931,2571
2014-07-18,356,353,-74.483,2584
2014-07-19,424,310,50.226,2573
2014-07-20,395,326,7.429,2781
2014-07-21,373,370,-95.225,2574
2014-07-22,436,396,-56.389,2941
2014-07-23,450,392,-47.174,3053
2014-07-24,441,426,-133.737,2832
2014-07-25,354,359,-121.191,2514
2014-07-26,348,320,-91.238,2426
2014-07-27,357,333,-76.086,2657
2014-07-28,363,343,-90.958,2459
2014-07-29,353,338,-79.674,2501
2014-07-30,314,374,-206.359,2607
2014-07-31,371,340,-13.852,2687
2014-08-01,396,336,-29.941,2653
2014-08-02,372,379,-133.430,2488
2014-08-03,403,470,-249.548,2878
2014-08-04,378,337,-38.774,2537
2014-08-05,431,419,-90.132,2882
2014-08-06,378,389,-173.283,2764
2014-08-07,417,336,81.100,2692
2014-08-08,380,390,-115.485,2626
2014-08-09,401,343,1.087,2619
2014-08-10,414,390,-46.390,2875
2014-08-11,348,397,-165.068,2612
2014-08-12,384,383,-143.704,2770
2014-08-13,385,306,45.039,2370
2014-08-14,355,343,-56.706,2484
2014-08-15,7,5,9.474,52
2014-08-16,0,0,0.000,0
2014-08-17,0,0,0.000,0
2014-08-18,0,0,0.000,0
2014-08-19,0,0,0.000,0
2014-08-20,0,0,0.000,0
2014-08-21,53,52,-30.005,443
2014-08-22,321,319,-124.225,2108
2014-08-23,0,0,0.000,0
2014-08-24,0,0,0.000,0
2014-08-25,0,0,0.000,0
2014-08-26,0,0,0.000,0
2014-08-27,31,45,-34.898,254
2014-08-28,336,296,-12.673,2487
2014-08-29,376,301,37.977,2556
2014-08-30,519,343,192.322,3171
2014-08-31,348,283,37.729,2416
2014-09-01,317,308,-140.351,2328
2014-09-02,284,340,-181.764,2257
2014-09-03,305,351,-142.722,2426
2014-09-04,277,354,-191.031,2413
2014-09-05,254,225,8.393,1625
2014-09-06,0,0,0.000,0
2014-09-07,0,0,0.000,0
2014-09-08,0,0,0.000,0
2014-09-09,0,0,0.000,0
2014-09-10,0,0,0.000,0
2014-09-11,0,0,0.000,0
2014-09-12,0,0,0.000,0
2014-09-13,0,0,0.000,0
2014-09-14,0,0,0.000,0
2014-09-15,0,0,0.000,0
2014-09-16,0,0,0.000,0
2014-09-17,0,0,0.000,0
2014-09-18,0,0,0.000,0
2014-09-19,0,0,0.000,0
2014-09-20,0,0,0.000,0
2014-09-21,0,0,0.000,0
2014-09-22,0,0,0.000,0
2014-09-23,0,0,0.000,0
2014-09-24,0,0,0.000,0
2014-09-25,0,0,0.000,0
2014-09-26,0,0,0.000,0
2014-09-27,0,0,0.000,0
2014-09-28,0,0,0.000,0
2014-09-29,14,10,0.577,104
2014-09-30,266,250,-23.196,1721
2014-10-01,276,216,54.595,2031
2014-10-02,310,329,-136.085,2286
2014-10-03,281,262,-37.776,1828
2014-10-04,250,202,32.669,1684
2014-10-05,290,270,-54.432,2041
2014-10-06,200,217,-96.495,1580
2014-10-07,250,235,-60.701,1623
2014-10-08,241,241,-53.069,1683
2014-10-09,298,257,-38.025,1917
2014-10-10,301,266,-36.762,1961
2014-10-11,250,149,118.093,1529
2014-10-12,276,249,-39.684,1840
2014-10-13,221,238,-84.006,1621
2014-10-14,245,218,-35.220,1620
2014-10-15,236,211,20.508,1559
2014-10-16,270,222,24.457,1810
2014-10-17,270,217,26.827,1806
2014-10-18,148,135,-1.237,1044
2014-10-19,0,0,0.000,0
2014-10-20,80,59,8.520,539
2014-10-21,262,244,-57.306,1844
2014-10-22,215,213,-34.803,1555
2014-10-23,229,229,-35.994,1628
2014-10-24,247,213,20.616,1725
2014-10-25,277,208,18.800,1818
2014-10-26,322,271,15.396,2074
2014-10-27,224,205,-10.838,1479
2014-10-28,243,231,-54.548,1697
2014-10-29,221,202,-12.356,1574
2014-10-30,255,203,46.950,1609
2014-10-31,309,217,146.621,1684
2014-11-01,293,250,30.418,1873
2014-11-02,279,225,39.143,1823
2014-11-03,246,239,-17.389,1818
2014-11-04,221,176,24.063,1388
2014-11-05,256,208,14.292,1665
2014-11-06,214,200,-57.019,1585
2014-11-07,205,190,-17.994,1440
2014-11-08,266,197,59.390,1667
2014-11-09,65,39,34.885,383
2014-11-10,134,114,-17.853,954
2014-11-11,250,234,-12.034,1627
2014-11-12,233,236,-73.296,1591
2014-11-13,218,248,-93.310,1720
2014-11-14,227,192,-6.129,1458
2014-11-15,289,227,45.124,1800
2014-11-16,364,250,137.099,1968
2014-11-17,214,204,-11.085,1494
2014-11-18,270,290,-95.880,1857
2014-11-19,176,181,-48.387,1209
2014-11-20,29,18,11.068,182
2014-11-21,271,211,34.205,1770
2014-11-22,349,252,98.589,2223
2014-11-23,248,233,-38.273,1667
2014-11-24,296,258,-6.052,1842
2014-11-25,247,313,-175.334,1891
2014-11-26,195,219,-52.189,1475
2014-11-27,397,174,410.210,1628
2014-11-28,197,163,33.069,1228
2014-11-29,253,180,75.499,1616
2014-11-30,301,253,-8.992,1952
2014-12-01,200,212,-54.355,1455
2014-12-02,196,215,-58.358,1556
2014-12-03,255,267,-86.285,1799
2014-12-04,215,245,-129.022,1616
2014-12-05,233,262,-97.860,1765
2014-12-06,300,240,73.468,2024
2014-12-07,376,298,19.682,2316
2014-12-08,256,241,-42.489,1748
2014-12-09,282,253,-14.584,1928
2014-12-10,271,244,-16.205,1862
2014-12-11,229,206,-30.461,1578
2014-12-12,14,12,2.914,93
2014-12-13,122,71,61.395,651
2014-12-14,316,222,72.577,1923
2014-12-15,228,224,-66.145,1624
2014-12-16,233,229,-22.233,1618
2014-12-17,220,218,-58.844,1524
2014-12-18,218,183,31.645,1548
2014-12-19,250,222,6.281,1583
2014-12-20,255,218,-0.517,1626
2014-12-21,367,329,-27.923,2221
2014-12-22,198,175,20.250,1356
2014-12-23,218,181,38.145,1494
2014-12-24,285,221,46.193,1651
2014-12-25,398,165,393.085,1594
2014-12-26,220,177,19.070,1360
2014-12-27,225,207,-23.389,1544
2014-12-28,264,242,-41.503,1782
2014-12-29,289,294,-144.846,1975
2014-12-30,175,179,-79.805,1302
2014-12-31,225,211,-43.185,1470
2015-01-01,382,220,142.838,1926
2015-01-02,263,238,60.375,1758
2015-01-03,270,264,51.209,1901
2015-01-04,406,403,62.613,2645
2015-01-05,219,303,-25.389,2052
2015-01-06,219,273,14.399,1668
2015-01-07,235,225,49.578,1511
2015-01-08,276,302,44.916,1869
2015-01-09,194,208,36.731,1519
2015-01-10,258,230,64.087,1687
2015-01-11,291,257,71.579,1862
2015-01-12,236,224,62.142,1564
2015-01-13,250,263,47.700,1741
2015-01-14,413,191,135.603,1657
2015-01-15,331,217,83.247,1643
2015-01-16,207,208,35.665,1464
2015-01-17,230,172,69.681,1470
2015-01-18,303,269,62.022,1861
2015-01-19,250,194,69.358,1507
2015-01-20,198,178,52.094,1409
2015-01-21,228,250,42.189,1810
2015-01-22,215,189,56.818,1458
2015-01-23,202,178,48.311,1407
2015-01-24,205,146,64.238,1307
2015-01-25,233,156,83.457,1365
2015-01-26,216,219,39.118,1580
2015-01-27,168,199,36.795,1304
2015-01-28,210,184,65.330,1393
2015-01-29,221,199,50.468,1405
2015-01-30,212,167,63.901,1362
2015-01-31,224,143,86.094,1455
2015-02-01,320,184,123.423,1723
2015-02-02,426,373,86.237,2538
2015-02-03,184,183,51.923,1374
2015-02-04,195,142,61.134,1239
2015-02-05,189,157,57.173,1313
2015-02-06,266,164,92.461,1542
2015-02-07,300,234,93.910,1850
2015-02-08,289,240,71.342,1763
2015-02-09,337,296,80.077,2098
2015-02-10,212,181,49.012,1414
2015-02-11,200,181,49.262,1514
2015-02-12,238,202,63.949,1588
2015-02-13,339,191,119.209,1799
2015-02-14,317,187,126.772,1757
2015-02-15,357,230,104.234,1845
2015-02-16,265,223,77.195,1768
2015-02-17,261,214,83.486,1640
2015-02-18,229,245,36.986,1659
2015-02-19,231,245,43.105,1755
2015-02-20,237,220,55.577,1716
2015-02-21,291,209,97.042,1862
2015-02-22,293,195,109.050,1855
2015-02-23,301,245,80.069,1817
2015-02-24,170,161,48.029,1306
2015-02-25,190,191,43.799,1386
2015-02-26,184,179,51.056,1439
2015-02-27,206,197,58.267,1535
2015-02-28,219,143,87.255,1413
2015-03-01,265,190,81.782,1678
2015-03-02,193,190,45.436,1467
2015-03-03,183,185,44.966,1478
2015-03-04,162,183,31.688,1323
2015-03-05,216,243,29.464,1637
2015-03-06,224,168,82.668,1507
2015-03-07,229,180,62.456,1486
2015-03-08,257,177,81.610,1597
2015-03-09,201,144,73.103,1325
2015-03-10,220,187,64.696,1509
2015-03-11,263,193,82.862,1563
2015-03-12,261,223,70.941,1711
2015-03-13,258,191,87.892,1537
2015-03-14,479,272,174.609,2685
2015-03-15,496,347,170.323,2884
2015-03-16,350,292,93.555,2217
2015-03-17,327,300,78.288,2120
2015-03-18,264,205,72.585,1813
2015-03-19,146,158,28.107,1068
2015-03-20,268,195,85.128,1765
2015-03-21,332,243,124.658,2206
2015-03-22,424,327,135.025,2632
2015-03-23,141,138,25.897,900
2015-03-24,0,0,0.000,0
2015-03-25,276,257,63.650,1876
2015-03-26,279,264,72.398,2124
2015-03-27,162,134,40.998,1059
2015-03-28,114,67,52.191,741
2015-03-29,115,89,38.210,697
2015-03-30,55,48,14.357,363
2015-03-31,17,25,-0.840,136
2015-04-01,17,12,5.567,102
2015-04-02,50,33,15.107,291
2015-04-03,41,36,12.528,317
2015-04-04,49,27,16.373,262
2015-04-05,42,25,16.420,179
2015-04-06,6,10,-0.798,46
2015-04-07,113,101,34.116,805
2015-04-08,388,353,94.743,2612
2015-04-09,387,305,117.672,2617
2015-04-10,150,120,44.940,969
2015-04-11,39,18,14.481,202
2015-04-12,40,20,18.573,217
2015-04-13,56,17,32.188,289
2015-04-14,43,25,20.133,290
2015-04-15,42,27,15.817,273
2015-04-16,56,31,22.668,320
2015-04-17,25,8,12.826,129
2015-04-18,41,3,24.466,166
2015-04-19,34,13,13.475,157
2015-04-20,131,92,48.410,797
2015-04-21,455,400,103.596,3046
2015-04-22,457,342,154.514,2974
2015-04-23,28,9,17.410,177
2015-04-24,44,33,15.347,342
2015-04-25,497,326,193.038,3192
2015-04-26,474,326,155.499,2921
2015-04-27,365,278,116.972,2168
2015-04-28,83,73,24.186,665
2015-04-29,80,80,18.672,698
2015-04-30,91,62,41.099,798
2015-05-01,97,61,42.948,686
2015-05-02,53,19,28.779,348
2015-05-03,37,8,20.527,179
2015-05-04,11,1,11.009,92
2015-05-05,8,2,5.239,58
2015-05-06,0,0,0.000,0
2015-05-07,8,1,4.763,53
2015-05-08,0,0,0.000,0
2015-05-09,0,0,0.000,0
2015-05-10,0,0,0.000,0
2015-05-11,9,8,3.826,120
2015-05-12,13,4,5.706,73
2015-05-13,27,10,11.940,97
2015-05-14,10,2,6.703,78
2015-05-15,16,2,10.238,108
2015-05-16,20,6,11.098,103
2015-05-17,54,18,27.876,339
2015-05-18,73,34,41.293,603
2015-05-19,18,6,10.565,147
2015-05-20,32,12,17.101,212
2015-05-21,97,50,44.766,682
2015-05-22,98,44,57.018,730
2015-05-23,162,45,85.182,1023
2015-05-24,132,30,76.008,768
2015-05-25,99,30,51.166,578
2015-05-26,80,50,30.351,520
2015-05-27,0,0,0.000,0
2015-05-28,0,0,0.000,0
2015-05-29,2,2,0.341,10
2015-05-30,0,0,0.000,0
2015-05-31,97,38,43.447,628
2015-06-01,70,43,29.854,579
2015-06-02,82,42,36.629,574
2015-06-03,64,26,34.718,490
2015-06-04,92,32,47.861,639
2015-06-05,107,33,55.975,686
2015-06-06,157,37,87.684,841
2015-06-07,227,53,119.122,1032
2015-06-08,113,33,56.941,679
2015-06-09,98,39,40.736,584
2015-06-10,89,35,44.286,554
2015-06-11,75,37,37.701,524
2015-06-12,0,0,0.000,0
2015-06-13,0,0,0.000,0
2015-06-14,0,0,0.000,0
2015-06-15,59,24,32.793,437
2015-06-16,9,7,3.183,99
2015-06-17,8,5,4.793,89
2015-06-18,21,12,9.795,179
2015-06-19,18,10,6.705,134
2015-06-20,22,7,11.958,131
2015-06-21,31,4,17.080,131
2015-06-22,14,1,8.990,82
2015-06-23,21,6,9.711,135
2015-06-24,24,3,14.781,197
2015-06-25,22,9,11.955,184
2015-06-26,33,11,16.408,279
2015-06-27,112,24,64.723,671
2015-06-28,90,32,47.450,703
2015-06-29,67,26,34.546,592
2015-06-30,71,44,32.716,595
2015-07-01,82,55,35.718,663
2015-07-02,77,23,47.064,573
2015-07-03,114,42,62.551,826
2015-07-04,201,31,115.659,991
2015-07-05,200,43,108.955,1012
2015-07-06,57,23,32.890,462
2015-07-07,84,38,50.219,629
2015-07-08,53,43,17.178,458
2015-07-09,77,41,37.552,608
2015-07-10,110,63,51.659,829
2015-07-11,165,53,81.799,999
2015-07-12,106,48,55.905,739
2015-07-13,130,71,56.299,925
2015-07-14,75,30,38.340,564
2015-07-15,67,12,40.837,466
2015-07-16,83,43,43.893,648
2015-07-17,98,38,53.515,681
2015-07-18,142,39,78.348,872
2015-07-19,72,30,34.886,489
2015-07-20,47,20,29.031,428
2015-07-21,75,29,44.785,631
2015-07-22,86,36,50.063,591
2015-07-23,93,47,50.408,728
2015-07-24,125,29,75.464,757
2015-07-25,108,35,53.489,658
2015-07-26,80,17,48.207,548
2015-07-27,32,3,22.052,222
2015-07-28,21,12,12.674,211
2015-07-29,34,22,15.146,280
2015-07-30,33,10,20.839,247
2015-07-31,3,0,2.356,29
2015-08-01,0,0,0.000,0
2015-08-02,0,0,0.000,0
2015-08-03,0,0,0.000,0
2015-08-04,29,8,17.971,221
2015-08-05,34,11,19.795,297
2015-08-06,23,8,11.459,181
2015-08-07,33,14,18.238,238
2015-08-08,19,1,11.620,113
2015-08-09,9,1,5.943,66
2015-08-10,6,3,4.100,59
2015-08-11,5,0,2.624,20
2015-08-12,31,14,13.860,260
2015-08-13,45,32,21.535,440
2015-08-14,93,28,62.839,684
2015-08-15,87,26,43.468,594
2015-08-16,0,0,0.000,0
2015-08-17,0,0,0.000,0
2015-08-18,0,0,0.000,0
2015-08-19,0,0,0.000,0
2015-08-20,0,0,0.000,0
2015-08-21,72,25,40.207,619
2015-08-22,151,41,86.109,938
2015-08-23,149,44,85.345,1095
2015-08-24,129,36,68.921,769
2015-08-25,95,29,53.848,738
2015-08-26,68,30,35.857,521
2015-08-27,76,22,39.461,559
2015-08-28,92,49,46.365,791
2015-08-29,120,33,69.196,928
2015-08-30,121,37,58.607,795
2015-08-31,61,36,30.941,594
2015-09-01,61,38,34.279,508
2015-09-02,59,52,19.211,550
2015-09-03,97,43,52.404,849
2015-09-04,105,51,51.547,876
2015-09-05,157,39,99.244,1063
2015-09-06,97,24,63.393,730
2015-09-07,83,28,53.760,701
2015-09-08,35,7,26.205,244
2015-09-09,12,6,7.458,127
2015-09-10,30,22,17.580,320
2015-09-11,23,8,11.552,143
2015-09-12,32,7,18.348,183
2015-09-13,48,10,32.869,418
2015-09-14,38,9,24.881,264
2015-09-15,40,10,23.972,284
2015-09-16,32,7,21.250,224
2015-09-17,26,9,12.849,159
2015-09-18,4,1,3.854,46
2015-09-19,39,11,22.012,294
2015-09-20,36,6,20.167,163
2015-09-21,71,35,38.038,623
2015-09-22,79,37,46.746,653
2015-09-23,65,48,35.994,611
2015-09-24,74,37,41.011,635
2015-09-25,100,36,53.036,634
2015-09-26,172,28,89.949,748
2015-09-27,162,45,85.528,929
2015-09-28,89,41,37.726,557
2015-09-29,54,51,15.622,544
2015-09-30,54,39,22.599,496
2015-10-01,92,51,39.543,710
2015-10-02,120,66,55.596,1086
2015-10-03,109,55,56.098,929
2015-10-04,187,32,105.732,987
2015-10-05,93,40,47.355,618
2015-10-06,54,24,29.323,379
2015-10-07,43,28,21.956,428
2015-10-08,131,70,60.043,1023
2015-10-09,76,39,35.117,587
2015-10-10,125,34,64.771,814
2015-10-11,114,42,62.099,772
2015-10-12,110,40,60.154,693
2015-10-13,17,10,11.284,126
2015-10-14,33,14,21.859,251
2015-10-15,7,6,3.706,65
2015-10-16,41,14,22.099,217
2015-10-17,46,16,26.512,325
2015-10-18,69,9,41.782,369
2015-10-19,32,6,20.431,220
2015-10-20,37,9,22.065,239
2015-10-21,15,2,11.767,135
2015-10-22,40,13,23.948,272
2015-10-23,38,26,16.196,291
2015-10-24,19,11,8.567,158
2015-10-25,105,33,59.729,695
2015-10-26,77,42,40.007,661
2015-10-27,55,51,26.839,647
2015-10-28,50,27,28.621,537
2015-10-29,112,51,51.255,817
2015-10-30,116,43,55.702,739
2015-10-31,110,44,52.774,769
2015-11-01,192,52,93.146,1059
2015-11-02,80,39,44.287,684
2015-11-03,63,30,40.482,626
2015-11-04,40,34,18.400,403
2015-11-05,56,31,27.608,465
2015-11-06,88,45,45.777,541
2015-11-07,33,10,21.061,222
