date,non_n,4sq_n,inst_n,job_n
2014-01-22,230,5,0,0
2014-01-23,3291,36,4,0
2014-01-24,3218,52,0,0
2014-01-25,3405,65,4,0
2014-01-26,3979,63,4,0
2014-01-27,4714,43,6,0
2014-01-28,3703,43,5,0
2014-01-29,3591,46,0,0
2014-01-30,3186,69,1,0
2014-01-31,3141,60,3,0
2014-02-01,2951,100,1,0
2014-02-02,4069,75,4,0
2014-02-03,5468,44,3,0
2014-02-04,3291,42,2,0
2014-02-05,3402,49,3,0
2014-02-06,2957,84,0,0
2014-02-07,2856,51,3,0
2014-02-08,3374,82,1,0
2014-02-09,3170,65,12,0
2014-02-10,3247,45,2,0
2014-02-11,2885,63,1,0
2014-02-12,2858,59,3,0
2014-02-13,3291,45,2,0
2014-02-14,3048,58,1,0
2014-02-15,3552,58,3,0
2014-02-16,3238,69,9,0
2014-02-17,3236,49,3,0
2014-02-18,3401,50,2,0
2014-02-19,2824,56,0,0
2014-02-20,2659,79,1,0
2014-02-21,2823,62,1,0
2014-02-22,2809,74,4,0
2014-02-23,2804,93,4,0
2014-02-24,2699,43,2,0
2014-02-25,2872,56,1,0
2014-02-26,2633,51,3,0
2014-02-27,2938,55,4,0
2014-02-28,3005,58,1,0
2014-03-01,2691,65,14,0
2014-03-02,2955,57,0,0
2014-03-03,3387,47,0,0
2014-03-04,2547,57,2,0
2014-03-05,2591,60,1,0
2014-03-06,2274,36,2,0
2014-03-07,2714,92,1,0
2014-03-08,2347,68,10,0
2014-03-09,2257,67,4,0
2014-03-10,2231,38,5,0
2014-03-11,2472,81,1,0
2014-03-12,2353,47,3,0
2014-03-13,2337,52,4,0
2014-03-14,2621,88,3,0
2014-03-15,2812,100,4,0
2014-03-16,3432,57,3,0
2014-03-17,3101,27,4,0
2014-03-18,3079,67,4,0
2014-03-19,2989,53,8,0
2014-03-20,3403,46,3,0
2014-03-21,3954,85,4,0
2014-03-22,3838,81,12,0
2014-03-23,3575,77,8,0
2014-03-24,3143,54,2,0
2014-03-25,3166,50,0,0
2014-03-26,2989,46,8,0
2014-03-27,3166,71,6,0
2014-03-28,3453,70,10,0
2014-03-29,3069,108,2,0
2014-03-30,3162,65,4,0
2014-03-31,4115,89,10,0
2014-04-01,3238,78,6,0
2014-04-02,2951,68,6,0
2014-04-03,3393,59,5,0
2014-04-04,2829,109,7,0
2014-04-05,3061,94,9,0
2014-04-06,3443,79,5,0
2014-04-07,2788,75,7,0
2014-04-08,2679,51,4,0
2014-04-09,2705,76,3,0
2014-04-10,2765,87,4,0
2014-04-11,2626,80,5,0
2014-04-12,3033,70,7,0
2014-04-13,3029,85,8,0
2014-04-14,2783,44,1,0
2014-04-15,2820,48,1,0
2014-04-16,2947,44,3,0
2014-04-17,2767,78,4,0
2014-04-18,3074,96,8,0
2014-04-19,3185,104,9,0
2014-04-20,3402,39,3,0
2014-04-21,2422,44,5,0
2014-04-22,3121,67,3,0
2014-04-23,2908,74,10,0
2014-04-24,3023,52,4,0
2014-04-25,2713,51,2,0
2014-04-26,2925,76,10,0
2014-04-27,2596,79,11,0
2014-04-28,2403,48,5,0
2014-04-29,2759,63,2,0
2014-04-30,2498,88,9,0
2014-05-01,2557,53,6,0
2014-05-02,2709,120,4,0
2014-05-03,3197,117,6,0
2014-05-04,3189,105,9,0
2014-05-05,2502,48,4,0
2014-05-06,2655,87,4,0
2014-05-07,2328,92,4,0
2014-05-08,2262,56,1,0
2014-05-09,2837,85,4,0
2014-05-10,2676,100,7,0
2014-05-11,2865,69,5,0
2014-05-12,2530,69,9,0
2014-05-13,2522,94,5,0
2014-05-14,3056,83,6,0
2014-05-15,2510,76,0,0
2014-05-16,2389,57,6,0
2014-05-17,2338,94,2,0
2014-05-18,2359,74,5,0
2014-05-19,2303,43,4,0
2014-05-20,2337,73,0,0
2014-05-21,2479,78,3,0
2014-05-22,2450,56,3,0
2014-05-23,2510,58,8,0
2014-05-24,2479,91,10,0
2014-05-25,2554,91,5,0
2014-05-26,2080,40,11,0
2014-05-27,2285,87,3,0
2014-05-28,2515,39,3,0
2014-05-29,2630,27,1,0
2014-05-30,2371,84,1,0
2014-05-31,2340,70,4,0
2014-06-01,2318,42,2,0
2014-06-02,2396,36,9,0
2014-06-03,2298,42,2,0
2014-06-04,2322,46,0,0
2014-06-05,2443,108,1,0
2014-06-06,3047,60,3,0
2014-06-07,2674,92,5,0
2014-06-08,2723,54,2,0
2014-06-09,2561,25,3,0
2014-06-10,2798,38,4,0
2014-06-11,2999,35,2,0
2014-06-12,2887,39,6,0
2014-06-13,2878,35,8,0
2014-06-14,2775,67,5,0
2014-06-15,2606,49,10,0
2014-06-16,3049,28,1,0
2014-06-17,2833,45,0,0
2014-06-18,3125,26,2,0
2014-06-19,3289,31,1,0
2014-06-20,2884,46,2,0
2014-06-21,2896,67,6,0
2014-06-22,3234,35,6,0
2014-06-23,2522,40,4,0
2014-06-24,2790,35,1,0
2014-06-25,3026,25,3,0
2014-06-26,2857,40,3,0
2014-06-27,2983,33,3,0
2014-06-28,3176,51,3,0
2014-06-29,2896,34,5,0
2014-06-30,3519,28,5,0
2014-07-01,3607,40,2,0
2014-07-02,2857,43,2,0
2014-07-03,3075,49,2,0
2014-07-04,3462,92,8,0
2014-07-05,3452,87,5,0
2014-07-06,2938,77,8,0
2014-07-07,2623,41,3,0
2014-07-08,2758,32,5,0
2014-07-09,2626,27,3,0
2014-07-10,2527,34,2,0
2014-07-11,2752,24,3,0
2014-07-12,2424,52,7,0
2014-07-13,2683,34,2,0
2014-07-14,2599,37,3,0
2014-07-15,2565,36,3,0
2014-07-16,2440,35,5,0
2014-07-17,2571,42,0,0
2014-07-18,2584,36,2,0
2014-07-19,2573,59,3,0
2014-07-20,2781,43,7,0
2014-07-21,2574,27,2,0
2014-07-22,2941,40,4,0
2014-07-23,3053,33,5,0
2014-07-24,2832,28,5,0
2014-07-25,2514,17,6,0
2014-07-26,2426,23,8,0
2014-07-27,2657,26,4,0
2014-07-28,2459,15,3,0
2014-07-29,2501,6,0,0
2014-07-30,2607,13,3,0
2014-07-31,2687,14,1,0
2014-08-01,2653,19,0,0
2014-08-02,2488,37,4,0
2014-08-03,2878,21,5,0
2014-08-04,2537,17,8,0
2014-08-05,2882,20,2,0
2014-08-06,2764,15,4,0
2014-08-07,2692,20,4,0
2014-08-08,2626,30,5,0
2014-08-09,2619,31,3,0
2014-08-10,2875,32,7,0
2014-08-11,2612,31,2,0
2014-08-12,2770,18,2,0
2014-08-13,2370,27,1,0
2014-08-14,2484,22,3,0
2014-08-15,52,1,0,0
2014-08-16,0,0,0,0
2014-08-17,0,0,0,0
2014-08-18,0,0,0,0
2014-08-19,0,0,0,0
2014-08-20,0,0,0,0
2014-08-21,443,10,2,0
2014-08-22,2108,14,4,0
2014-08-23,0,0,0,0
2014-08-24,0,0,0,0
2014-08-25,0,0,0,0
2014-08-26,0,0,0,0
2014-08-27,254,4,0,0
2014-08-28,2487,16,3,0
2014-08-29,2556,31,4,0
2014-08-30,3171,49,6,0
2014-08-31,2416,28,8,0
2014-09-01,2328,21,5,0
2014-09-02,2257,19,0,0
2014-09-03,2426,19,6,0
2014-09-04,2413,14,3,0
2014-09-05,1625,17,2,0
2014-09-06,0,0,0,0
2014-09-07,0,0,0,0
2014-09-08,0,0,0,0
2014-09-09,0,0,0,0
2014-09-10,0,0,0,0
2014-09-11,0,0,0,0
2014-09-12,0,0,0,0
2014-09-13,0,0,0,0
2014-09-14,0,0,0,0
2014-09-15,0,0,0,0
2014-09-16,0,0,0,0
2014-09-17,0,0,0,0
2014-09-18,0,0,0,0
2014-09-19,0,0,0,0
2014-09-20,0,0,0,0
2014-09-21,0,0,0,0
2014-09-22,0,0,0,0
2014-09-23,0,0,0,0
2014-09-24,0,0,0,0
2014-09-25,0,0,0,0
2014-09-26,0,0,0,0
2014-09-27,0,0,0,0
2014-09-28,0,0,0,0
2014-09-29,104,2,1,0
2014-09-30,1721,20,1,0
2014-10-01,2031,26,1,0
2014-10-02,2286,19,2,0
2014-10-03,1828,20,3,0
2014-10-04,1684,21,5,0
2014-10-05,2041,30,5,0
2014-10-06,1580,20,2,0
2014-10-07,1623,21,2,0
2014-10-08,1683,16,0,0
2014-10-09,1917,16,1,0
2014-10-10,1961,19,3,0
2014-10-11,1529,37,8,0
2014-10-12,1840,32,7,0
2014-10-13,1621,18,4,0
2014-10-14,1620,21,1,0
2014-10-15,1559,14,1,0
2014-10-16,1810,18,5,0
2014-10-17,1806,18,3,0
2014-10-18,1044,13,2,0
2014-10-19,0,0,0,0
2014-10-20,539,6,3,0
2014-10-21,1844,16,3,0
2014-10-22,1555,16,4,0
2014-10-23,1628,24,2,0
2014-10-24,1725,18,5,0
2014-10-25,1818,31,9,0
2014-10-26,2074,29,10,0
2014-10-27,1479,8,2,0
2014-10-28,1697,30,2,0
2014-10-29,1574,17,1,0
2014-10-30,1609,20,9,0
2014-10-31,1684,17,4,0
2014-11-01,1873,20,4,0
2014-11-02,1823,23,6,0
2014-11-03,1818,13,7,0
2014-11-04,1388,24,2,0
2014-11-05,1665,15,7,0
2014-11-06,1585,20,1,0
2014-11-07,1440,15,1,0
2014-11-08,1667,28,3,0
2014-11-09,383,7,0,0
2014-11-10,954,6,0,0
2014-11-11,1627,17,1,0
2014-11-12,1591,13,1,0
2014-11-13,1720,21,2,0
2014-11-14,1458,13,0,0
2014-11-15,1800,25,7,0
2014-11-16,1968,30,6,0
2014-11-17,1494,9,0,0
2014-11-18,1857,10,3,0
2014-11-19,1209,12,3,0
2014-11-20,182,5,0,0
2014-11-21,1770,13,0,0
2014-11-22,2223,32,2,0
2014-11-23,1667,15,3,0
2014-11-24,1842,10,1,0
2014-11-25,1891,8,1,0
2014-11-26,1475,10,1,0
2014-11-27,1628,8,2,0
2014-11-28,1228,12,6,0
2014-11-29,1616,30,2,0
2014-11-30,1952,21,4,0
2014-12-01,1455,12,2,0
2014-12-02,1556,14,3,0
2014-12-03,1799,13,2,0
2014-12-04,1616,18,2,0
2014-12-05,1765,22,1,0
2014-12-06,2024,35,5,0
2014-12-07,2316,20,2,0
2014-12-08,1748,15,1,0
2014-12-09,1928,15,1,0
2014-12-10,1862,10,3,0
2014-12-11,1578,15,0,0
2014-12-12,93,2,0,0
2014-12-13,651,3,2,0
2014-12-14,1923,13,5,0
2014-12-15,1624,12,1,0
2014-12-16,1618,14,0,0
2014-12-17,1524,10,1,0
2014-12-18,1548,11,4,0
2014-12-19,1583,14,8,0
2014-12-20,1626,25,4,0
2014-12-21,2221,23,1,0
2014-12-22,1356,12,4,0
2014-12-23,1494,9,2,0
2014-12-24,1651,11,1,0
2014-12-25,1594,7,2,0
2014-12-26,1360,17,6,0
2014-12-27,1544,21,10,0
2014-12-28,1782,21,7,0
2014-12-29,1975,16,2,0
2014-12-30,1302,12,0,0
2014-12-31,1470,12,2,0
2015-01-01,1926,21,2,0
2015-01-02,1758,17,4,0
2015-01-03,1901,24,3,0
2015-01-04,2645,26,4,0
2015-01-05,2052,10,0,0
2015-01-06,1668,15,0,0
2015-01-07,1511,13,2,0
2015-01-08,1869,16,0,0
2015-01-09,1519,10,1,0
2015-01-10,1687,19,6,0
2015-01-11,1862,18,1,0
2015-01-12,1564,9,1,0
2015-01-13,1741,20,5,0
2015-01-14,1657,18,3,0
2015-01-15,1643,18,2,0
2015-01-16,1464,16,0,0
2015-01-17,1470,14,7,0
2015-01-18,1861,21,1,0
2015-01-19,1507,14,3,0
2015-01-20,1409,20,0,0
2015-01-21,1810,10,1,0
2015-01-22,1458,18,0,0
2015-01-23,1407,14,0,0
2015-01-24,1307,21,3,0
2015-01-25,1365,28,8,0
2015-01-26,1580,8,5,0
2015-01-27,1304,17,4,0
2015-01-28,1393,19,5,0
2015-01-29,1405,10,1,0
2015-01-30,1362,26,3,0
2015-01-31,1455,31,0,0
2015-02-01,1723,22,4,0
2015-02-02,2538,13,0,0
2015-02-03,1374,11,0,0
2015-02-04,1239,16,1,0
2015-02-05,1313,13,0,0
2015-02-06,1542,26,2,0
2015-02-07,1850,30,5,0
2015-02-08,1763,28,1,0
2015-02-09,2098,11,2,0
2015-02-10,1414,12,2,0
2015-02-11,1514,17,2,0
2015-02-12,1588,13,2,0
2015-02-13,1799,17,2,0
2015-02-14,1757,21,7,0
2015-02-15,1845,20,6,0
2015-02-16,1768,12,4,0
2015-02-17,1640,21,2,0
2015-02-18,1659,19,2,0
2015-02-19,1755,17,2,0
2015-02-20,1716,21,7,0
2015-02-21,1862,21,2,0
2015-02-22,1855,22,4,0
2015-02-23,1817,8,1,0
2015-02-24,1306,15,1,0
2015-02-25,1386,23,3,0
2015-02-26,1439,24,1,0
2015-02-27,1535,14,1,0
2015-02-28,1413,34,3,0
2015-03-01,1678,28,11,0
2015-03-02,1467,14,2,0
2015-03-03,1478,11,1,0
2015-03-04,1323,17,0,0
2015-03-05,1637,12,0,0
2015-03-06,1507,10,4,0
2015-03-07,1486,22,7,0
2015-03-08,1597,30,0,0
2015-03-09,1325,18,3,0
2015-03-10,1509,18,0,0
2015-03-11,1563,9,2,0
2015-03-12,1711,20,3,0
2015-03-13,1537,13,1,0
2015-03-14,2685,37,10,0
2015-03-15,2884,36,3,0
2015-03-16,2217,20,0,0
2015-03-17,2120,14,3,0
2015-03-18,1813,20,3,0
2015-03-19,1068,9,1,0
2015-03-20,1765,24,2,0
2015-03-21,2206,51,9,0
2015-03-22,2632,37,4,0
2015-03-23,900,2,1,0
2015-03-24,0,0,0,0
2015-03-25,1876,15,2,0
2015-03-26,2124,24,4,13
2015-03-27,1059,6,0,0
2015-03-28,741,13,6,12
2015-03-29,697,11,1,1
2015-03-30,363,0,0,6
2015-03-31,136,0,0,1
2015-04-01,102,0,0,0
2015-04-02,291,2,1,0
2015-04-03,317,6,0,0
2015-04-04,262,3,0,0
2015-04-05,179,3,0,0
2015-04-06,46,0,0,0
2015-04-07,805,10,3,0
2015-04-08,2612,21,2,0
2015-04-09,2617,29,2,0
2015-04-10,969,6,2,0
2015-04-11,202,4,0,0
2015-04-12,217,1,1,0
2015-04-13,289,5,1,0
2015-04-14,290,4,0,0
2015-04-15,273,1,0,0
2015-04-16,320,2,0,0
2015-04-17,129,1,1,0
2015-04-18,166,2,0,0
2015-04-19,157,4,0,0
2015-04-20,797,12,9,0
2015-04-21,3046,19,4,0
2015-04-22,2974,23,6,0
2015-04-23,177,2,0,0
2015-04-24,342,4,0,0
2015-04-25,3192,28,10,0
2015-04-26,2921,24,5,0
2015-04-27,2168,15,3,0
2015-04-28,665,14,2,0
2015-04-29,698,31,5,0
2015-04-30,798,33,4,0
2015-05-01,686,20,2,0
2015-05-02,348,5,0,0
2015-05-03,179,3,0,0
2015-05-04,92,9,0,0
2015-05-05,58,1,0,0
2015-05-06,0,0,0,0
2015-05-07,53,2,0,0
2015-05-08,0,0,0,0
2015-05-09,0,0,0,0
2015-05-10,0,0,0,0
2015-05-11,120,3,0,0
2015-05-12,73,2,0,0
2015-05-13,97,0,0,0
2015-05-14,78,4,1,0
2015-05-15,108,15,0,0
2015-05-16,103,10,0,0
2015-05-17,339,11,5,0
2015-05-18,603,15,4,0
2015-05-19,147,1,0,0
2015-05-20,212,9,0,0
2015-05-21,682,18,2,0
2015-05-22,730,51,3,0
2015-05-23,1023,34,16,0
2015-05-24,768,23,11,0
2015-05-25,578,14,6,0
2015-05-26,520,13,3,0
2015-05-27,0,0,0,0
2015-05-28,0,0,0,0
2015-05-29,10,0,0,0
2015-05-30,0,0,0,0
2015-05-31,628,20,3,20
2015-06-01,579,15,2,29
2015-06-02,574,17,0,27
2015-06-03,490,14,4,27
2015-06-04,639,21,3,35
2015-06-05,686,23,3,29
2015-06-06,841,53,10,28
2015-06-07,1032,41,11,32
2015-06-08,679,14,12,28
2015-06-09,584,25,2,31
2015-06-10,554,29,3,32
2015-06-11,524,19,1,21
2015-06-12,0,0,0,0
2015-06-13,0,0,0,0
2015-06-14,0,0,0,0
2015-06-15,437,5,2,29
2015-06-16,99,2,0,9
2015-06-17,89,1,0,5
2015-06-18,179,5,2,10
2015-06-19,134,8,0,8
2015-06-20,131,6,0,4
2015-06-21,131,7,2,10
2015-06-22,82,1,0,12
2015-06-23,135,10,0,8
2015-06-24,197,13,2,11
2015-06-25,184,2,1,17
2015-06-26,279,9,1,66
2015-06-27,671,27,12,109
2015-06-28,703,34,12,110
2015-06-29,592,17,2,114
2015-06-30,595,22,6,163
2015-07-01,663,13,4,145
2015-07-02,573,15,7,100
2015-07-03,826,43,8,129
2015-07-04,991,43,10,117
2015-07-05,1012,25,13,113
2015-07-06,462,19,7,118
2015-07-07,629,21,5,147
2015-07-08,458,32,7,74
2015-07-09,608,61,2,105
2015-07-10,829,66,3,82
2015-07-11,999,66,2,87
2015-07-12,739,76,10,64
2015-07-13,925,51,6,113
2015-07-14,564,23,3,119
2015-07-15,466,40,7,89
2015-07-16,648,23,2,133
2015-07-17,681,22,2,120
2015-07-18,872,42,12,107
2015-07-19,489,23,10,70
2015-07-20,428,18,9,79
2015-07-21,631,25,9,122
2015-07-22,591,29,6,139
2015-07-23,728,36,3,149
2015-07-24,757,46,7,105
2015-07-25,658,20,9,55
2015-07-26,548,31,3,69
2015-07-27,222,6,1,82
2015-07-28,211,5,0,62
2015-07-29,280,10,0,65
2015-07-30,247,9,1,70
2015-07-31,29,0,0,2
2015-08-01,0,0,0,0
2015-08-02,0,0,0,0
2015-08-03,0,0,0,0
2015-08-04,221,7,0,58
2015-08-05,297,3,0,86
2015-08-06,181,5,0,38
2015-08-07,238,13,0,65
2015-08-08,113,4,0,28
2015-08-09,66,2,0,22
2015-08-10,59,1,0,25
2015-08-11,20,1,0,0
2015-08-12,260,10,2,48
2015-08-13,440,26,6,58
2015-08-14,684,29,7,121
2015-08-15,594,14,5,74
2015-08-16,0,0,0,0
2015-08-17,0,0,0,0
2015-08-18,0,0,0,0
2015-08-19,0,0,0,0
2015-08-20,0,0,0,0
2015-08-21,619,45,13,75
2015-08-22,938,45,20,120
2015-08-23,1095,50,18,111
2015-08-24,769,22,9,108
2015-08-25,738,24,4,147
2015-08-26,521,17,2,83
2015-08-27,559,22,7,80
2015-08-28,791,37,9,108
2015-08-29,928,47,16,85
2015-08-30,795,37,17,82
2015-08-31,594,22,4,102
2015-09-01,508,19,6,123
2015-09-02,550,16,4,90
2015-09-03,849,13,6,129
2015-09-04,876,31,11,108
2015-09-05,1063,26,8,94
2015-09-06,730,21,5,76
2015-09-07,701,17,6,75
2015-09-08,244,5,4,48
2015-09-09,127,1,1,24
2015-09-10,320,7,0,78
2015-09-11,143,7,2,19
2015-09-12,183,0,1,27
2015-09-13,418,6,2,77
2015-09-14,264,4,4,63
2015-09-15,284,8,1,79
2015-09-16,224,8,1,36
2015-09-17,159,5,2,28
2015-09-18,46,1,0,7
2015-09-19,294,6,5,41
2015-09-20,163,1,4,11
2015-09-21,623,23,10,86
2015-09-22,653,16,10,95
2015-09-23,611,22,1,118
2015-09-24,635,14,8,103
2015-09-25,634,26,8,76
2015-09-26,748,26,19,47
2015-09-27,929,28,15,76
2015-09-28,557,12,4,43
2015-09-29,544,8,7,51
2015-09-30,496,20,4,29
2015-10-01,710,23,14,54
2015-10-02,1086,29,11,27
2015-10-03,929,36,9,84
2015-10-04,987,39,20,80
2015-10-05,618,19,4,94
2015-10-06,379,6,2,49
2015-10-07,428,8,7,39
2015-10-08,1023,18,7,94
2015-10-09,587,15,4,73
2015-10-10,814,22,13,60
2015-10-11,772,37,12,116
2015-10-12,693,13,11,123
2015-10-13,126,14,5,21
2015-10-14,251,5,0,67
2015-10-15,65,3,0,15
2015-10-16,217,8,0,56
2015-10-17,325,30,0,51
2015-10-18,369,16,2,54
2015-10-19,220,8,1,56
2015-10-20,239,19,1,61
2015-10-21,135,8,3,36
2015-10-22,272,8,0,62
2015-10-23,291,10,2,52
2015-10-24,158,8,2,19
2015-10-25,695,24,5,106
2015-10-26,661,25,5,124
2015-10-27,647,19,3,107
2015-10-28,537,18,4,62
2015-10-29,817,26,4,134
2015-10-30,739,26,2,106
2015-10-31,769,38,18,87
2015-11-01,1059,33,31,63
2015-11-02,684,22,22,114
2015-11-03,626,20,17,113
2015-11-04,403,15,7,52
2015-11-05,465,5,2,45
2015-11-06,541,28,6,72
2015-11-07,222,11,2,16
