,cluster14,,,cluster15,,,cluster18,,,cluster27,,
doy,n,senti,pos_n,neg_n,n,senti,pos_n,neg_n,n,senti,pos_n,neg_n,n,senti,pos_n,neg_n
1,7,2.670,2,0,1,-0.430,0,0,6,-0.139,1,1,7,-1.390,2,3
2,6,3.396,1,0,1,-0.128,0,0,6,-2.724,0,1,3,-2.578,0,1
3,17,-0.649,1,0,1,-0.128,0,0,14,1.101,2,1,6,6.355,4,0
4,7,2.311,2,0,3,-1.072,0,0,3,-0.398,1,1,7,-5.452,1,4
5,3,-1.715,1,2,1,-0.441,0,0,0,0.000,0,0,11,-0.502,1,1
6,1,1.086,1,0,1,-0.128,0,0,1,0.987,0,0,6,-5.249,0,3
7,5,-2.930,0,1,4,-1.731,0,0,0,0.000,0,0,2,-1.818,0,1
8,4,-0.004,0,0,1,-0.465,0,0,12,-4.276,1,4,8,-1.219,2,1
9,0,0.000,0,0,0,0.000,0,0,2,-0.284,0,0,8,0.115,1,1
10,4,0.870,1,1,1,-0.128,0,0,3,-3.334,0,2,10,-9.820,0,5
11,3,0.472,0,0,2,-0.930,0,0,0,0.000,0,0,1,0.678,0,0
12,0,0.000,0,0,0,0.000,0,0,0,0.000,0,0,7,-0.427,0,0
13,2,-0.284,0,0,1,-0.441,0,0,0,0.000,0,0,4,-2.717,0,1
14,0,0.000,0,0,1,-0.128,0,0,0,0.000,0,0,8,1.626,2,0
15,5,-2.550,0,2,3,-1.386,0,0,0,0.000,0,0,0,0.000,0,0
16,4,-0.387,0,0,2,-0.892,0,0,0,0.000,0,0,7,-1.762,1,2
17,2,0.237,0,0,2,-0.607,0,0,0,0.000,0,0,3,-0.426,0,1
18,6,-2.892,0,1,0,0.000,0,0,0,0.000,0,0,12,2.318,3,2
19,4,-0.420,1,1,0,0.000,0,0,0,0.000,0,0,4,0.419,1,1
20,0,0.000,0,0,3,-2.323,0,1,0,0.000,0,0,6,-2.771,0,1
21,4,-2.408,1,1,3,-1.030,0,0,0,0.000,0,0,6,-2.837,0,2
22,4,-1.308,1,1,3,-0.533,0,0,1,0.614,0,0,15,-8.128,1,5
23,6,-3.590,0,1,1,-0.441,0,0,6,-4.816,0,3,6,-2.703,0,1
24,5,0.449,0,1,3,-1.424,0,0,4,2.106,2,0,6,-1.961,0,1
25,13,-3.115,0,2,4,-1.133,0,0,10,-3.033,3,3,13,-2.868,2,2
26,6,5.215,3,0,5,-1.024,0,0,7,8.181,4,1,23,-9.805,2,5
27,2,0.464,1,0,2,-0.881,0,0,1,0.589,0,0,17,-10.665,1,8
28,5,2.809,1,0,8,-2.306,0,0,10,-4.138,1,2,1,-1.307,0,1
29,11,-1.166,2,1,4,-0.445,0,0,2,-1.070,0,1,10,-3.221,1,2
30,4,-2.475,0,1,1,-0.323,0,0,0,0.000,0,0,10,-4.748,0,3
31,8,2.524,3,1,3,-0.554,0,0,0,0.000,0,0,18,-5.836,2,2
32,9,2.435,2,0,3,-1.069,0,0,7,-0.534,2,2,3,-0.877,0,0
33,5,2.144,1,0,3,-1.301,0,0,4,2.904,2,1,19,-1.820,2,3
34,4,1.840,1,0,0,0.000,0,0,6,-0.296,2,1,11,0.861,2,2
35,3,0.802,1,0,4,-1.343,0,0,5,0.265,0,1,11,2.452,2,0
36,6,1.913,1,0,3,-0.032,0,0,2,-0.189,1,1,14,-0.408,2,1
37,17,-2.520,2,3,4,-0.729,0,0,10,-1.361,1,2,9,2.257,2,0
38,6,-1.502,0,1,2,-0.593,0,0,8,1.651,2,1,2,-1.254,0,1
39,10,2.203,1,0,6,0.116,0,0,8,-2.249,1,2,2,-0.516,0,0
40,8,-5.764,1,2,3,-1.386,0,0,9,-9.646,0,4,8,-0.072,1,1
41,3,2.609,2,0,2,-0.916,0,0,8,-0.995,1,1,9,1.562,1,1
42,7,-2.917,1,2,1,-0.465,0,0,3,-0.426,0,0,0,0.000,0,0
43,5,2.965,2,0,2,-0.579,0,0,2,1.743,1,0,8,-4.366,0,3
44,10,-0.128,1,2,7,-0.428,0,0,18,-2.932,3,3,5,0.046,0,0
45,1,-0.142,0,0,3,-0.544,0,0,16,1.664,5,3,4,2.525,1,0
46,10,3.489,3,0,4,-1.457,0,0,9,-0.750,1,2,2,-1.137,0,1
47,6,2.766,2,0,5,-0.903,0,0,5,1.587,2,0,11,-1.620,2,2
48,9,-0.300,1,2,1,0.266,0,0,0,0.000,0,0,10,0.507,1,0
49,6,-1.634,1,1,2,-0.881,0,0,1,-0.142,0,0,19,-1.689,1,2
50,7,-6.418,0,3,1,-0.465,0,0,4,3.007,1,0,7,-2.408,1,2
51,6,-1.144,0,1,4,-0.694,0,0,1,-0.142,0,0,0,0.000,0,0
52,11,0.315,3,1,0,0.000,0,0,2,0.234,0,0,1,-0.142,0,0
53,9,2.225,2,1,3,-1.195,0,0,4,2.517,2,0,0,0.000,0,0
54,8,-1.506,0,1,1,0.035,0,0,3,-0.814,1,1,0,0.000,0,0
55,4,-5.562,0,2,4,-0.999,0,0,0,0.000,0,0,0,0.000,0,0
56,10,-1.379,0,1,2,-0.093,0,0,1,-0.142,0,0,5,-2.852,0,1
57,9,5.596,4,1,2,-0.906,0,0,2,0.863,1,0,4,1.470,1,0
58,3,1.029,0,0,2,-0.093,0,0,0,0.000,0,0,0,0.000,0,0
59,0,0.000,0,0,0,0.000,0,0,0,0.000,0,0,0,0.000,0,0
60,3,3.267,1,0,5,-0.047,0,0,2,-0.185,0,0,2,2.379,1,0
61,4,0.912,1,0,4,-0.707,0,0,2,-0.284,0,0,8,-5.082,0,2
62,3,-0.906,0,0,2,-0.921,0,0,2,-0.284,0,0,2,-0.299,0,1
63,7,6.001,2,0,2,-0.575,0,0,3,1.963,1,0,0,0.000,0,0
64,6,1.861,1,0,5,-1.148,0,0,3,-0.426,0,0,0,0.000,0,0
65,5,2.383,2,0,2,-0.256,0,0,0,0.000,0,0,0,0.000,0,0
66,0,0.000,0,0,2,-0.615,0,0,5,-1.585,1,2,0,0.000,0,0
67,5,1.981,2,1,1,-0.430,0,0,2,-0.284,0,0,1,1.516,1,0
68,6,2.041,1,0,1,-0.142,0,0,1,0.437,0,0,0,0.000,0,0
69,5,-2.433,0,1,0,0.000,0,0,1,-0.142,0,0,0,0.000,0,0
70,5,-0.594,0,1,3,1.586,1,0,1,-0.142,0,0,0,0.000,0,0
71,6,-2.242,0,2,4,-0.896,0,0,0,0.000,0,0,0,0.000,0,0
72,4,2.208,2,0,5,-1.266,0,0,1,-0.142,0,0,0,0.000,0,0
73,18,10.143,4,0,8,-2.448,0,0,3,0.905,1,0,1,-0.142,0,0
74,11,6.877,5,0,8,-3.264,0,0,2,-0.206,0,0,0,0.000,0,0
75,4,0.202,1,0,8,-1.365,0,0,0,0.000,0,0,0,0.000,0,0
76,5,1.391,2,1,8,-0.038,1,0,1,-0.142,0,0,0,0.000,0,0
77,5,1.789,1,1,8,-0.610,0,0,2,-0.952,0,0,0,0.000,0,0
78,9,0.382,0,0,5,-2.149,0,1,0,0.000,0,0,0,0.000,0,0
79,4,1.856,2,0,5,-1.846,0,0,1,-0.142,0,0,0,0.000,0,0
80,8,0.372,0,0,12,-5.459,0,0,0,0.000,0,0,3,-0.426,0,0
81,11,-4.504,1,3,7,-1.640,0,0,2,1.476,0,0,1,-0.142,0,0
82,9,-1.655,1,1,4,-1.021,0,0,4,-0.568,0,0,5,-6.243,0,3
83,1,0.557,0,0,1,-0.128,0,0,0,0.000,0,0,0,0.000,0,0
84,6,2.738,2,2,6,-2.383,0,0,1,-0.142,0,0,0,0.000,0,0
85,4,-2.445,0,2,14,-4.674,0,0,0,0.000,0,0,1,-1.889,0,1
86,1,-0.142,0,0,5,-1.979,0,0,0,0.000,0,0,1,-0.142,0,0
87,6,-3.734,2,4,3,-0.999,0,0,1,-0.561,0,0,0,0.000,0,0
88,5,-3.549,0,2,4,-0.516,0,0,1,-0.142,0,0,0,0.000,0,0
89,4,-1.957,0,1,3,-0.992,0,0,0,0.000,0,0,0,0.000,0,0
90,4,0.117,1,0,2,0.613,0,0,1,-0.142,0,0,0,0.000,0,0
91,0,0.000,0,0,2,-0.252,0,0,0,0.000,0,0,0,0.000,0,0
92,3,2.230,1,0,9,-0.639,1,0,0,0.000,0,0,0,0.000,0,0
93,4,-1.783,1,1,2,-0.248,0,0,1,1.023,1,0,0,0.000,0,0
94,3,1.918,1,0,2,-0.935,0,0,1,1.378,1,0,0,0.000,0,0
95,3,-0.057,0,0,4,-1.465,0,0,0,0.000,0,0,0,0.000,0,0
96,2,0.131,0,0,1,0.110,0,0,1,0.387,0,0,0,0.000,0,0
97,4,-1.541,0,1,4,-1.240,0,0,1,-0.142,0,0,0,0.000,0,0
98,4,0.881,0,0,6,-2.496,0,0,3,0.781,0,0,0,0.000,0,0
99,12,-3.592,1,3,6,-0.644,0,0,2,-0.579,0,0,0,0.000,0,0
100,4,-1.293,1,2,6,-2.164,0,0,3,2.254,2,0,0,0.000,0,0
101,5,-0.693,0,1,3,-0.863,0,0,1,-0.142,0,0,1,-1.350,0,1
102,6,0.801,1,1,3,0.127,0,0,2,0.952,1,0,2,-0.284,0,0
103,6,4.993,4,1,1,-0.132,0,0,0,0.000,0,0,1,-0.142,0,0
104,2,-0.306,0,0,3,-0.740,0,0,0,0.000,0,0,0,0.000,0,0
105,3,-3.133,0,2,3,-0.928,0,0,0,0.000,0,0,4,-0.352,0,0
106,3,1.190,1,0,4,-1.811,0,0,1,-0.142,0,0,6,-0.405,2,2
107,8,2.101,1,0,2,-0.608,0,0,0,0.000,0,0,4,-4.454,0,2
108,7,0.773,1,1,6,-0.353,0,0,0,0.000,0,0,5,-0.349,1,1
109,5,0.320,1,1,3,-0.842,0,0,0,0.000,0,0,5,1.565,1,0
110,1,-0.142,0,0,5,-0.548,0,0,2,-0.284,0,0,2,-2.468,0,1
111,5,0.908,0,1,6,-2.339,0,0,3,0.926,0,0,3,-0.033,1,1
112,3,0.784,1,0,13,-5.386,1,1,3,-0.426,0,0,2,-1.314,0,1
113,4,0.287,0,0,4,-1.326,0,0,0,0.000,0,0,2,-1.570,0,1
114,7,-0.486,0,0,1,-0.128,0,0,0,0.000,0,0,1,0.266,0,0
115,17,2.490,2,1,14,-3.024,0,0,5,0.860,0,0,2,1.441,1,0
116,8,0.483,1,1,7,-1.834,0,0,7,2.622,2,1,4,1.320,1,0
117,4,3.054,2,1,11,-0.252,0,0,5,-1.159,0,1,0,0.000,0,0
118,5,-2.280,1,1,4,-0.357,0,0,1,-0.870,0,0,0,0.000,0,0
119,4,-3.605,0,2,7,0.581,1,0,1,-1.850,0,1,3,0.106,1,0
120,6,-0.852,0,0,9,-3.955,0,0,3,1.861,1,0,4,-1.137,0,0
121,5,0.180,1,1,5,-2.339,0,0,1,-0.142,0,0,1,0.891,0,0
122,7,-0.974,1,1,4,-0.636,0,0,1,-0.142,0,0,8,-3.904,1,3
123,4,3.905,2,0,8,-3.139,0,0,1,1.459,1,0,2,-2.638,0,1
124,4,-0.345,1,1,3,-1.013,0,0,1,-0.142,0,0,0,0.000,0,0
125,1,-1.200,0,1,3,-0.394,0,0,1,-0.142,0,0,0,0.000,0,0
126,4,0.387,1,0,3,-0.750,0,0,0,0.000,0,0,0,0.000,0,0
127,0,0.000,0,0,2,-0.252,0,0,0,0.000,0,0,0,0.000,0,0
128,6,-0.488,0,0,4,-1.094,0,0,2,-0.394,0,0,0,0.000,0,0
129,5,-2.301,0,1,2,-0.260,0,0,1,1.587,1,0,0,0.000,0,0
130,5,1.750,1,0,3,-1.364,0,0,0,0.000,0,0,0,0.000,0,0
131,2,1.232,1,0,4,1.115,1,0,2,1.534,1,0,0,0.000,0,0
132,0,0.000,0,0,4,-1.222,0,0,1,-0.142,0,0,0,0.000,0,0
133,0,0.000,0,0,4,-1.695,0,0,1,0.834,0,0,0,0.000,0,0
134,3,-1.790,1,1,1,-0.142,0,0,1,-0.142,0,0,0,0.000,0,0
135,4,1.888,1,0,4,-1.506,0,0,2,-0.284,0,0,0,0.000,0,0
136,1,-0.142,0,0,1,-0.480,0,0,0,0.000,0,0,0,0.000,0,0
137,5,5.240,4,1,3,-1.424,0,0,2,0.887,0,0,0,0.000,0,0
138,3,-0.884,0,1,9,-2.229,0,0,2,-0.284,0,0,0,0.000,0,0
139,3,0.298,0,0,1,-0.128,0,0,2,-0.284,0,0,0,0.000,0,0
140,2,-0.796,0,0,9,-2.162,0,0,0,0.000,0,0,0,0.000,0,0
141,1,-0.142,0,0,11,-2.388,0,0,5,0.138,0,0,1,-1.513,0,1
142,6,1.062,1,0,8,-0.723,0,0,3,1.452,0,0,0,0.000,0,0
143,8,2.844,2,0,5,0.705,0,0,4,1.698,1,0,1,-0.025,0,0
144,7,3.849,3,0,12,-1.821,0,0,5,-0.288,0,0,1,0.511,0,0
145,11,3.351,3,1,10,-1.895,0,0,10,3.380,1,0,0,0.000,0,0
146,3,-0.426,0,0,9,-2.439,0,0,2,-0.284,0,0,0,0.000,0,0
147,4,-2.362,0,1,0,0.000,0,0,1,-0.142,0,0,0,0.000,0,0
148,0,0.000,0,0,5,-1.709,0,0,1,-0.142,0,0,0,0.000,0,0
149,2,0.298,0,0,3,-0.331,0,0,0,0.000,0,0,0,0.000,0,0
150,3,-1.453,0,1,1,0.287,0,0,1,1.381,1,0,0,0.000,0,0
151,0,0.000,0,0,0,0.000,0,0,0,0.000,0,0,0,0.000,0,0
152,10,0.323,1,1,12,-3.446,1,0,3,0.586,0,0,2,-1.999,0,1
153,4,0.333,1,1,8,-3.251,0,0,3,-1.183,0,0,0,0.000,0,0
154,8,5.656,3,0,11,-4.806,0,0,2,-0.284,0,0,0,0.000,0,0
155,6,-0.945,0,1,8,-1.588,0,0,10,3.449,3,0,0,0.000,0,0
156,8,2.634,2,1,11,-1.756,1,0,4,2.294,1,0,0,0.000,0,0
157,8,-1.013,1,1,19,0.818,1,0,5,2.628,2,0,0,0.000,0,0
158,6,0.003,2,1,16,-1.284,0,0,5,-3.368,0,1,0,0.000,0,0
159,8,3.033,3,1,11,-0.371,1,0,5,1.626,1,0,0,0.000,0,0
160,4,1.974,2,0,14,-3.240,1,0,5,1.076,0,0,0,0.000,0,0
161,1,-1.062,0,1,20,-3.610,0,0,1,-0.142,0,0,0,0.000,0,0
162,1,-0.142,0,0,17,-1.283,0,0,1,-0.142,0,0,0,0.000,0,0
163,1,-0.721,0,0,3,-0.921,0,0,1,0.511,0,0,1,-0.142,0,0
164,5,2.287,2,0,4,-1.528,0,0,2,1.765,1,0,0,0.000,0,0
165,2,1.076,1,0,2,-0.622,0,0,1,-0.142,0,0,0,0.000,0,0
166,4,-0.824,0,0,7,-2.083,0,0,4,2.507,1,0,0,0.000,0,0
167,2,-1.065,0,0,5,-0.672,0,0,1,-0.142,0,0,0,0.000,0,0
168,1,-0.142,0,0,3,-0.675,0,0,3,1.392,1,0,0,0.000,0,0
169,5,3.234,2,1,4,-0.878,0,0,0,0.000,0,0,0,0.000,0,0
170,4,-3.144,0,2,10,-4.429,0,0,3,0.259,0,0,0,0.000,0,0
171,6,-0.146,2,2,4,-0.500,0,0,2,-0.284,0,0,0,0.000,0,0
172,6,1.622,3,1,4,-1.919,0,0,1,1.168,1,0,1,1.051,1,0
173,3,-5.537,0,2,7,-0.179,0,0,4,2.720,1,0,1,-0.380,0,0
174,5,2.652,2,0,5,-0.154,0,0,2,-0.203,0,0,0,0.000,0,0
175,1,0.788,0,0,7,-0.720,0,0,2,-0.284,0,0,7,-0.175,0,0
176,1,-1.286,0,1,2,-0.622,0,0,1,-0.142,0,0,0,0.000,0,0
177,2,-0.849,0,0,9,-2.927,0,0,0,0.000,0,0,0,0.000,0,0
178,9,0.948,2,0,10,-3.340,0,0,3,-0.426,0,0,2,-2.685,0,1
179,12,1.721,2,1,15,-4.987,0,0,3,0.085,0,0,0,0.000,0,0
180,4,-0.853,1,1,16,-3.759,0,0,6,1.767,0,0,0,0.000,0,0
181,5,1.739,1,0,9,-3.156,0,0,2,-0.284,0,0,0,0.000,0,0
182,5,-1.538,0,1,9,-4.286,0,0,1,-0.142,0,0,0,0.000,0,0
183,6,2.574,2,0,14,-1.785,0,0,1,0.128,0,0,0,0.000,0,0
184,2,1.332,1,0,14,-2.761,0,0,1,-0.142,0,0,0,0.000,0,0
185,11,8.709,4,0,19,-5.064,1,0,5,-1.264,0,1,0,0.000,0,0
186,7,4.839,4,0,23,6.104,3,0,6,4.136,3,0,0,0.000,0,0
187,7,-4.244,0,2,9,-1.820,0,0,7,0.487,1,0,0,0.000,0,0
188,2,1.207,1,0,10,-1.239,1,0,2,-0.284,0,0,0,0.000,0,0
189,5,-0.725,0,0,8,-3.506,0,0,0,0.000,0,0,0,0.000,0,0
190,4,-0.568,0,0,6,-2.885,0,0,1,0.923,0,0,0,0.000,0,0
191,2,-0.700,0,0,13,-2.225,1,0,2,-0.284,0,0,2,0.646,0,0
192,6,2.644,2,0,4,-0.441,0,0,2,1.090,0,0,0,0.000,0,0
193,9,-0.788,0,1,5,-0.137,0,0,0,0.000,0,0,0,0.000,0,0
194,6,-1.233,1,1,7,-2.174,0,0,2,0.752,0,0,0,0.000,0,0
195,7,-2.115,0,1,6,-2.818,0,0,4,-0.892,0,0,0,0.000,0,0
196,20,-0.616,2,3,10,-4.138,0,0,0,0.000,0,0,0,0.000,0,0
197,14,6.199,5,1,12,-1.473,0,0,0,0.000,0,0,0,0.000,0,0
198,8,-1.257,1,1,12,-1.362,0,0,3,1.722,1,0,0,0.000,0,0
199,43,8.771,7,2,4,-1.450,0,0,2,2.358,1,0,1,0.096,0,0
200,17,2.613,5,1,8,-2.278,0,0,3,-0.426,0,0,0,0.000,0,0
201,15,1.393,4,2,3,-1.422,0,0,3,1.647,1,0,0,0.000,0,0
202,8,3.362,2,0,12,-2.645,1,0,1,-0.142,0,0,2,-0.238,0,0
203,11,4.363,4,0,7,-2.604,0,1,5,2.382,2,0,0,0.000,0,0
204,5,-0.029,0,0,16,-1.034,1,0,1,-0.142,0,0,0,0.000,0,0
205,15,0.582,3,2,7,-2.020,0,0,4,3.110,2,0,0,0.000,0,0
206,8,3.089,2,0,11,-0.128,0,0,1,-0.142,0,0,0,0.000,0,0
207,3,-0.426,0,0,10,-1.573,0,0,9,2.784,2,0,0,0.000,0,0
208,4,1.366,1,0,3,-1.371,0,0,6,1.861,1,0,0,0.000,0,0
209,8,-4.109,0,1,10,-2.620,0,0,1,-0.142,0,0,0,0.000,0,0
210,1,-0.142,0,0,2,-0.558,0,0,3,-0.288,0,0,0,0.000,0,0
211,1,-1.655,0,1,8,-1.394,0,0,3,-0.426,0,0,0,0.000,0,0
212,5,3.273,2,0,0,0.000,0,0,2,-0.284,0,0,0,0.000,0,0
213,5,0.515,1,0,4,-0.504,0,0,1,-0.142,0,0,0,0.000,0,0
214,5,1.108,1,0,2,-0.618,0,0,2,1.271,1,0,0,0.000,0,0
215,6,-0.852,0,0,3,-1.130,0,0,5,-0.710,0,0,0,0.000,0,0
216,4,1.367,0,0,4,0.035,0,0,3,-1.396,0,1,0,0.000,0,0
217,16,-3.875,0,1,11,-4.101,0,1,2,0.248,0,0,0,0.000,0,0
218,4,-1.417,0,1,2,-0.657,0,0,4,-0.568,0,0,0,0.000,0,0
219,6,1.384,1,0,4,-0.086,0,0,2,-0.284,0,0,0,0.000,0,0
220,6,-0.991,1,1,4,-0.452,0,0,3,2.805,2,0,0,0.000,0,0
221,4,-0.665,0,1,2,-0.554,0,0,1,0.746,0,0,0,0.000,0,0
222,4,3.916,3,0,5,-0.927,0,0,1,-0.171,0,0,0,0.000,0,0
223,8,-1.119,1,1,2,-0.547,0,0,0,0.000,0,0,0,0.000,0,0
224,6,2.368,2,1,9,-2.286,0,0,3,1.967,1,0,0,0.000,0,0
225,9,-3.808,1,1,3,0.806,1,0,6,-0.008,1,0,0,0.000,0,0
226,5,-3.715,0,2,13,-2.034,0,0,5,-0.039,0,0,1,-0.142,0,0
227,5,2.304,1,0,4,-0.512,0,0,4,0.877,1,0,0,0.000,0,0
228,0,0.000,0,0,0,0.000,0,0,0,0.000,0,0,0,0.000,0,0
229,0,0.000,0,0,0,0.000,0,0,0,0.000,0,0,0,0.000,0,0
230,0,0.000,0,0,0,0.000,0,0,0,0.000,0,0,0,0.000,0,0
231,0,0.000,0,0,0,0.000,0,0,0,0.000,0,0,0,0.000,0,0
232,0,0.000,0,0,0,0.000,0,0,0,0.000,0,0,0,0.000,0,0
233,3,-0.260,1,1,10,1.654,1,0,7,0.251,1,0,0,0.000,0,0
234,9,-5.739,0,2,12,0.455,0,0,7,-0.622,0,0,1,-0.707,0,0
235,5,2.067,2,0,18,-0.177,1,0,5,0.984,1,0,1,-0.142,0,0
236,7,6.101,4,0,11,-0.350,1,0,6,1.477,2,1,0,0.000,0,0
237,2,1.548,1,0,9,-2.479,0,0,8,1.356,1,0,0,0.000,0,0
238,3,0.167,1,0,7,-0.925,0,0,9,6.542,3,1,0,0.000,0,0
239,3,0.604,0,0,5,-2.122,0,0,8,0.891,1,0,0,0.000,0,0
240,10,1.888,2,0,12,-1.093,0,0,4,-0.324,0,1,0,0.000,0,0
241,31,5.366,4,0,12,-2.144,0,0,14,-1.903,1,3,0,0.000,0,0
242,23,11.207,8,0,9,-1.457,0,0,12,14.870,8,0,3,0.681,0,0
243,0,0.000,0,0,0,0.000,0,0,0,0.000,0,0,0,0.000,0,0
244,10,2.685,2,0,12,-0.725,1,0,9,1.501,0,0,0,0.000,0,0
245,10,1.250,2,1,15,-3.457,0,0,6,1.153,1,0,0,0.000,0,0
246,49,7.639,4,2,19,-5.762,0,0,17,7.237,6,2,0,0.000,0,0
247,40,6.714,8,4,17,-3.609,0,0,11,4.557,3,0,0,0.000,0,0
248,70,14.103,11,4,20,-3.593,0,0,13,8.772,5,0,0,0.000,0,0
249,24,3.559,2,0,17,-0.690,1,0,16,2.573,3,1,0,0.000,0,0
250,7,1.183,1,1,13,-0.128,1,0,13,6.425,4,1,0,0.000,0,0
251,6,4.854,3,0,8,-1.606,0,0,5,3.486,3,0,0,0.000,0,0
252,1,0.678,0,0,3,-0.579,0,0,1,-0.707,0,0,0,0.000,0,0
253,2,-2.802,0,2,10,-4.489,0,0,8,0.713,2,1,0,0.000,0,0
254,1,0.976,0,0,2,-0.256,0,0,1,1.271,1,0,0,0.000,0,0
255,2,1.609,1,0,1,-0.128,0,0,3,1.952,1,0,0,0.000,0,0
256,2,-0.284,0,0,7,-3.158,0,0,2,2.262,1,0,0,0.000,0,0
257,1,-0.142,0,0,3,0.596,0,0,6,-0.076,0,0,0,0.000,0,0
258,0,0.000,0,0,8,-1.127,0,0,3,-0.426,0,0,0,0.000,0,0
259,0,0.000,0,0,4,-0.185,0,0,0,0.000,0,0,0,0.000,0,0
260,0,0.000,0,0,6,0.009,0,0,3,0.245,0,0,0,0.000,0,0
261,0,0.000,0,0,2,-0.256,0,0,0,0.000,0,0,0,0.000,0,0
262,2,2.617,2,0,5,-1.394,0,0,10,0.696,2,1,0,0.000,0,0
263,2,1.339,1,0,4,1.409,1,0,5,0.848,0,0,0,0.000,0,0
264,3,0.731,1,0,20,-4.235,0,0,13,3.274,2,0,0,0.000,0,0
265,3,1.012,2,1,12,-2.939,0,0,18,5.252,5,1,0,0.000,0,0
266,3,0.284,0,0,13,-1.570,0,0,12,4.667,3,0,0,0.000,0,0
267,3,0.952,1,0,10,1.735,2,0,23,-2.220,1,0,0,0.000,0,0
268,3,1.835,1,0,15,0.314,0,0,23,0.375,2,1,0,0.000,0,0
269,3,-1.023,1,1,9,-0.652,0,0,29,10.585,8,0,0,0.000,0,0
270,8,5.792,3,0,12,-4.440,0,0,28,12.799,10,1,0,0.000,0,0
271,5,1.803,1,1,10,-4.745,0,0,24,5.633,4,1,0,0.000,0,0
272,1,-0.142,0,0,16,-7.169,0,0,17,0.832,2,0,0,0.000,0,0
273,11,0.829,2,0,12,-2.731,0,0,27,-0.172,3,3,0,0.000,0,0
274,32,-6.562,4,6,12,-5.290,0,0,27,8.211,6,1,0,0.000,0,0
275,29,-3.800,4,5,18,-4.895,0,0,22,4.579,4,1,0,0.000,0,0
276,22,-7.811,2,6,10,-2.544,0,0,37,11.447,7,1,0,0.000,0,0
277,5,2.197,2,1,19,-8.485,0,0,24,-0.035,2,1,0,0.000,0,0
278,6,1.300,1,0,19,-0.980,1,0,34,6.741,6,2,0,0.000,0,0
279,5,1.008,0,0,9,1.886,0,0,13,10.098,5,0,0,0.000,0,0
280,10,4.619,5,1,12,-2.790,0,0,20,-0.358,3,3,0,0.000,0,0
281,4,-1.815,0,1,12,-3.737,0,0,29,17.370,9,1,1,-3.274,0,1
282,4,1.956,1,0,15,-4.094,0,0,15,-1.904,0,1,1,-0.142,0,0
283,8,-2.672,1,1,13,-2.020,1,0,24,13.838,6,0,0,0.000,0,0
284,14,0.568,1,0,16,-2.689,0,0,34,1.246,5,3,0,0.000,0,0
285,6,3.224,3,1,15,1.470,0,0,24,3.662,3,1,0,0.000,0,0
286,2,-2.419,0,1,5,-2.312,0,0,6,1.643,1,0,0,0.000,0,0
287,13,-3.266,2,3,10,-2.629,0,0,4,3.050,2,0,0,0.000,0,0
288,7,4.356,3,0,2,-0.916,0,0,0,0.000,0,0,0,0.000,0,0
289,6,0.043,0,0,5,-1.467,0,0,7,0.418,0,1,0,0.000,0,0
290,27,-0.858,3,2,14,-3.707,1,0,11,7.298,2,0,0,0.000,0,0
291,6,2.283,1,1,14,-4.542,1,1,11,-1.858,0,1,0,0.000,0,0
292,1,-0.142,0,0,7,-0.896,0,0,5,2.578,2,0,0,0.000,0,0
293,5,1.864,1,0,5,-1.106,0,0,5,0.880,0,0,0,0.000,0,0
294,8,-4.694,0,2,8,-1.759,0,0,10,-0.419,0,0,1,-0.142,0,0
295,4,-2.291,0,1,12,-4.085,0,0,11,5.972,3,0,0,0.000,0,0
296,12,-1.208,1,1,8,-1.361,0,0,11,1.775,3,2,0,0.000,0,0
297,6,-0.157,1,1,4,-0.268,0,0,10,-4.823,0,3,0,0.000,0,0
298,12,4.143,2,0,20,-5.862,0,1,36,8.554,10,3,6,-1.083,1,2
299,17,10.525,5,1,20,-0.300,0,0,20,-1.074,2,3,0,0.000,0,0
300,4,1.977,1,0,17,-2.698,0,0,18,0.403,1,1,0,0.000,0,0
301,5,0.550,1,0,17,-5.674,1,0,14,-4.091,0,2,0,0.000,0,0
302,8,-4.685,0,2,18,-6.683,0,0,20,7.591,5,0,3,2.454,2,0
303,8,-0.456,1,1,15,-3.617,0,0,26,6.027,4,1,6,-4.010,0,3
304,18,-2.963,1,2,11,-2.570,0,0,32,1.941,4,2,4,-0.568,0,0
305,7,5.272,3,0,10,-3.334,0,0,47,21.087,17,1,3,0.025,1,1
306,10,6.522,5,0,16,-1.083,0,0,28,10.811,6,0,5,0.920,1,0
307,10,1.672,1,1,13,-0.004,0,0,19,8.525,5,0,16,-0.811,2,2
308,7,-0.761,1,0,11,-1.811,0,0,32,4.842,3,0,6,1.196,1,1
309,16,-3.702,2,2,11,-3.953,0,0,13,2.569,2,1,0,0.000,0,0
310,19,2.765,3,1,11,-1.825,1,0,23,13.413,8,1,13,-1.948,0,2
311,1,-0.142,0,0,2,-0.068,0,0,6,-0.032,0,0,3,0.330,0,0
312,8,2.561,1,0,4,0.567,0,0,4,1.683,0,0,8,-6.059,0,3
313,6,0.781,0,0,0,0.000,0,0,0,0.000,0,0,0,0.000,0,0
314,1,1.019,1,0,0,0.000,0,0,0,0.000,0,0,0,0.000,0,0
315,6,0.375,2,2,0,0.000,0,0,1,-0.142,0,0,5,1.505,0,0
316,13,-1.726,2,1,0,0.000,0,0,2,-1.900,0,1,11,-1.685,1,2
317,20,3.837,5,3,0,0.000,0,0,0,0.000,0,0,22,-1.167,2,2
318,3,2.876,2,0,0,0.000,0,0,0,0.000,0,0,7,3.413,1,0
319,6,0.607,0,0,0,0.000,0,0,2,1.157,0,0,9,-4.570,0,2
320,3,-1.276,0,1,0,0.000,0,0,1,-0.142,0,0,5,-3.250,0,2
321,5,-1.947,1,1,1,-0.124,0,0,1,-0.142,0,0,5,-7.871,0,4
322,2,0.848,1,1,1,-0.441,0,0,1,-0.142,0,0,4,-5.018,0,2
323,6,-2.404,0,2,2,-0.871,0,0,2,0.355,0,0,7,0.685,1,1
324,2,0.685,0,0,0,0.000,0,0,0,0.000,0,0,3,1.988,1,0
325,4,-1.399,1,1,1,-0.441,0,0,1,-0.142,0,0,31,-0.118,5,5
326,14,4.931,5,2,0,0.000,0,0,2,-0.264,0,1,22,-4.405,2,4
327,10,3.014,2,0,0,0.000,0,0,0,0.000,0,0,14,-14.004,0,7
328,1,-0.142,0,0,0,0.000,0,0,0,0.000,0,0,5,0.237,2,1
329,15,-3.829,3,5,0,0.000,0,0,0,0.000,0,0,10,8.993,5,0
330,2,2.187,1,0,0,0.000,0,0,3,-0.657,0,1,38,-9.955,2,8
331,5,-0.664,0,0,0,0.000,0,0,3,2.045,1,0,15,-4.798,1,3
332,1,-0.142,0,0,0,0.000,0,0,1,0.785,0,0,5,-2.170,0,1
333,2,0.894,1,0,0,0.000,0,0,0,0.000,0,0,9,3.166,4,1
334,8,2.499,4,1,0,0.000,0,0,1,-0.142,0,0,21,-16.912,1,8
335,2,-0.284,0,0,0,0.000,0,0,0,0.000,0,0,9,-7.846,1,6
336,14,6.472,3,0,0,0.000,0,0,2,0.330,0,0,4,-0.746,0,1
337,12,1.892,1,0,0,0.000,0,0,1,-0.142,0,0,11,1.970,2,2
338,5,1.920,1,0,0,0.000,0,0,0,0.000,0,0,16,-11.263,1,5
339,0,0.000,0,0,0,0.000,0,0,2,-1.360,0,1,3,4.215,1,0
340,6,5.624,3,1,0,0.000,0,0,3,-1.065,0,0,17,-9.678,0,3
341,10,7.950,5,0,0,0.000,0,0,0,0.000,0,0,9,-1.811,1,1
342,4,2.148,1,0,0,0.000,0,0,1,-0.142,0,0,5,1.513,1,0
343,1,0.777,0,0,1,-0.465,0,0,2,-0.579,0,0,13,-7.124,1,4
344,0,0.000,0,0,0,0.000,0,0,0,0.000,0,0,0,0.000,0,0
345,0,0.000,0,0,0,0.000,0,0,3,-0.199,0,0,4,-2.145,0,1
346,0,0.000,0,0,0,0.000,0,0,0,0.000,0,0,0,0.000,0,0
347,2,2.674,1,0,0,0.000,0,0,0,0.000,0,0,2,1.963,1,0
348,4,-0.980,0,0,0,0.000,0,0,0,0.000,0,0,10,3.752,2,0
349,0,0.000,0,0,0,0.000,0,0,0,0.000,0,0,2,-1.566,0,1
350,9,2.321,0,0,0,0.000,0,0,0,0.000,0,0,4,-2.404,1,1
351,1,-0.174,0,0,0,0.000,0,0,0,0.000,0,0,5,0.123,0,0
352,1,2.216,1,0,0,0.000,0,0,0,0.000,0,0,3,-2.649,0,1
353,1,-2.905,0,1,0,0.000,0,0,0,0.000,0,0,3,-0.007,0,0
354,4,1.771,2,1,3,-1.055,0,0,0,0.000,0,0,13,-7.282,1,3
355,6,-0.271,1,1,0,0.000,0,0,0,0.000,0,0,10,-7.497,0,5
356,1,-0.636,0,0,3,-0.232,0,0,0,0.000,0,0,11,1.110,2,0
357,2,-0.710,0,0,1,-0.441,0,0,0,0.000,0,0,9,0.143,1,0
358,3,2.588,2,0,0,0.000,0,0,0,0.000,0,0,8,1.806,1,0
359,0,0.000,0,0,2,-0.871,0,0,0,0.000,0,0,6,4.875,2,0
360,0,0.000,0,0,1,-0.451,0,0,0,0.000,0,0,5,0.095,1,1
361,8,-0.772,1,2,1,0.326,0,0,0,0.000,0,0,7,-5.328,0,2
362,5,2.312,3,1,0,0.000,0,0,0,0.000,0,0,4,-1.488,0,1
363,2,1.349,1,0,1,-0.451,0,0,0,0.000,0,0,13,2.830,3,2
364,2,1.314,1,0,0,0.000,0,0,0,0.000,0,0,4,-4.067,1,2
365,7,-0.644,2,0,1,-0.128,0,0,0,0.000,0,0,2,-2.021,0,1
0,0,0.000,0,0,13,6.425,4,1,1,1.474,1,0,0,0.000,0,0,0,0.000,0,0
251,0,0.000,0,0,0,0.000,0,0,5,3.486,3,0,1,-0.142,0,0,0,0.000,0,0,0,0.000,0,0
252,0,0.000,0,0,0,0.000,0,0,1,-0.707,0,0,0,0.000,0,0,0,0.000,0,0,0,0.000,0,0
253,0,0.000,0,0,0,0.000,0,0,8,0.713,2,1,0,0.000,0,0,0,0.000,0,0,0,0.000,0,0
254,0,0.000,0,0,0,0.000,0,0,1,1.271,1,0,0,0.000,0,0,0,0.000,0,0,0,0.000,0,0
255,0,0.000,0,0,0,0.000,0,0,3,1.952,1,0,0,0.000,0,0,0,0.000,0,0,0,0.000,0,0
256,0,0.000,0,0,0,0.000,0,0,2,2.262,1,0,1,-1.215,0,1,0,0.000,0,0,0,0.000,0,0
257,0,0.000,0,0,0,0.000,0,0,6,-0.076,0,0,0,0.000,0,0,0,0.000,0,0,0,0.000,0,0
258,0,0.000,0,0,0,0.000,0,0,3,-0.426,0,0,0,0.000,0,0,0,0.000,0,0,0,0.000,0,0
259,0,0.000,0,0,0,0.000,0,0,0,0.000,0,0,1,0.735,0,0,0,0.000,0,0,0,0.000,0,0
260,0,0.000,0,0,0,0.000,0,0,3,0.245,0,0,0,0.000,0,0,0,0.000,0,0,0,0.000,0,0
261,0,0.000,0,0,0,0.000,0,0,0,0.000,0,0,0,0.000,0,0,0,0.000,0,0,0,0.000,0,0
262,0,0.000,0,0,0,0.000,0,0,10,0.696,2,1,0,0.000,0,0,0,0.000,0,0,0,0.000,0,0
263,0,0.000,0,0,0,0.000,0,0,5,0.848,0,0,0,0.000,0,0,0,0.000,0,0,0,0.000,0,0
264,0,0.000,0,0,0,0.000,0,0,13,3.274,2,0,0,0.000,0,0,0,0.000,0,0,0,0.000,0,0
265,0,0.000,0,0,0,0.000,0,0,18,5.252,5,1,0,0.000,0,0,1,-1.133,0,1,0,0.000,0,0
266,0,0.000,0,0,0,0.000,0,0,12,4.667,3,0,0,0.000,0,0,0,0.000,0,0,0,0.000,0,0
267,0,0.000,0,0,0,0.000,0,0,23,-2.220,1,0,0,0.000,0,0,0,0.000,0,0,0,0.000,0,0
268,0,0.000,0,0,1,-0.590,0,0,23,0.375,2,1,1,-0.142,0,0,0,0.000,0,0,0,0.000,0,0
269,0,0.000,0,0,0,0.000,0,0,29,10.585,8,0,0,0.000,0,0,0,0.000,0,0,0,0.000,0,0
270,3,0.620,0,1,0,0.000,0,0,28,12.799,10,1,0,0.000,0,0,0,0.000,0,0,0,0.000,0,0
271,0,0.000,0,0,0,0.000,0,0,24,5.633,4,1,0,0.000,0,0,0,0.000,0,0,0,0.000,0,0
272,1,-0.142,0,0,0,0.000,0,0,17,0.832,2,0,0,0.000,0,0,0,0.000,0,0,0,0.000,0,0
273,0,0.000,0,0,29,11.780,6,0,27,-0.172,3,3,5,-2.713,0,1,1,-0.338,0,0,0,0.000,0,0
274,2,0.465,0,0,1,-0.963,0,0,27,8.211,6,1,0,0.000,0,0,0,0.000,0,0,0,0.000,0,0
275,6,1.211,1,0,2,1.442,1,0,22,4.579,4,1,15,-8.123,1,4,3,2.006,1,0,0,0.000,0,0
276,0,0.000,0,0,10,0.450,2,1,37,11.447,7,1,21,-8.938,4,7,1,1.058,1,0,0,0.000,0,0
277,1,0.437,0,0,1,-0.142,0,0,24,-0.035,2,1,17,-1.298,1,1,2,0.394,0,0,0,0.000,0,0
278,4,-1.122,0,0,6,-0.792,0,0,34,6.741,6,2,83,-29.330,13,24,0,0.000,0,0,0,0.000,0,0
279,3,1.520,1,0,3,0.255,0,0,13,10.098,5,0,9,-2.674,2,2,2,0.145,0,0,0,0.000,0,0
280,1,0.845,0,0,0,0.000,0,0,20,-0.358,3,3,26,-11.122,3,7,4,0.812,1,1,0,0.000,0,0
281,1,0.920,0,0,6,1.583,1,0,29,17.370,9,1,5,-0.405,1,1,2,-0.877,0,0,1,-3.274,0,1
282,0,0.000,0,0,2,1.211,1,0,15,-1.904,0,1,14,-1.852,0,2,1,-0.142,0,0,1,-0.142,0,0
283,2,-1.012,0,0,1,-0.142,0,0,24,13.838,6,0,13,-7.138,0,2,0,0.000,0,0,0,0.000,0,0
284,1,-0.142,0,0,0,0.000,0,0,34,1.246,5,3,9,-10.264,0,5,0,0.000,0,0,0,0.000,0,0
285,3,-0.426,0,0,0,0.000,0,0,24,3.662,3,1,15,-3.247,0,2,0,0.000,0,0,0,0.000,0,0
286,1,-0.142,0,0,4,0.895,1,0,6,1.643,1,0,37,2.310,8,5,1,-0.142,0,0,0,0.000,0,0
287,0,0.000,0,0,5,1.992,1,0,4,3.050,2,0,20,-2.509,2,3,1,-2.401,0,1,0,0.000,0,0
288,1,-0.142,0,0,0,0.000,0,0,0,0.000,0,0,18,1.031,3,4,2,-0.284,0,0,0,0.000,0,0
289,1,-0.142,0,0,2,-0.284,0,0,7,0.418,0,1,15,-4.343,3,4,2,-0.032,0,0,0,0.000,0,0
290,1,2.155,1,0,0,0.000,0,0,11,7.298,2,0,8,-0.210,0,0,6,-4.205,1,2,0,0.000,0,0
291,2,-0.284,0,0,0,0.000,0,0,11,-1.858,0,1,7,-4.277,0,2,0,0.000,0,0,0,0.000,0,0
292,0,0.000,0,0,0,0.000,0,0,5,2.578,2,0,0,0.000,0,0,0,0.000,0,0,0,0.000,0,0
293,0,0.000,0,0,0,0.000,0,0,5,0.880,0,0,3,-0.426,0,0,0,0.000,0,0,0,0.000,0,0
294,1,-0.142,0,0,23,2.984,4,4,10,-0.419,0,0,18,1.773,3,3,6,1.164,1,0,1,-0.142,0,0
295,0,0.000,0,0,5,7.676,4,1,11,5.972,3,0,8,-2.550,0,1,7,-1.684,2,3,0,0.000,0,0
296,3,-2.351,0,1,1,-0.352,0,0,11,1.775,3,2,1,0.770,0,0,1,-0.142,0,0,0,0.000,0,0
297,0,0.000,0,0,7,2.624,1,0,10,-4.823,0,3,0,0.000,0,0,5,-2.302,1,2,0,0.000,0,0
298,0,0.000,0,0,9,0.216,1,0,36,8.554,10,3,1,-0.142,0,0,1,-0.693,0,0,6,-1.083,1,2
299,3,-1.623,1,2,7,-1.404,2,2,20,-1.074,2,3,20,4.535,5,4,6,0.642,2,1,0,0.000,0,0
300,2,-0.284,0,0,3,2.496,1,0,18,0.403,1,1,29,-17.859,1,8,0,0.000,0,0,0,0.000,0,0
301,3,-4.887,0,3,0,0.000,0,0,14,-4.091,0,2,29,-7.301,1,4,10,-1.177,0,1,0,0.000,0,0
302,1,-0.142,0,0,5,-2.000,1,2,20,7.591,5,0,20,-9.575,1,5,0,0.000,0,0,3,2.454,2,0
303,4,3.636,2,0,6,1.971,1,0,26,6.027,4,1,31,-12.485,3,8,3,-0.142,0,0,6,-4.010,0,3
304,1,-0.142,0,0,1,3.409,1,0,32,1.941,4,2,28,0.151,6,5,1,-0.142,0,0,4,-0.568,0,0
305,2,-0.284,0,0,4,-0.405,0,0,47,21.087,17,1,86,-39.329,12,30,0,0.000,0,0,3,0.025,1,1
306,0,0.000,0,0,0,0.000,0,0,28,10.811,6,0,24,-2.373,4,4,2,1.296,0,0,5,0.920,1,0
307,1,-0.142,0,0,4,-0.568,0,0,19,8.525,5,0,19,-6.774,1,2,1,0.852,0,0,16,-0.811,2,2
308,1,1.797,1,0,0,0.000,0,0,32,4.842,3,0,20,-0.993,4,4,3,0.682,1,1,6,1.196,1,1
309,2,0.898,1,0,5,-0.679,0,0,13,2.569,2,1,5,-4.461,1,3,2,-1.577,0,1,0,0.000,0,0
310,7,0.854,2,1,36,-5.319,5,6,23,13.413,8,1,17,1.204,3,2,2,-0.771,0,1,13,-1.948,0,2
311,1,1.225,1,0,0,0.000,0,0,6,-0.032,0,0,7,-5.621,0,2,0,0.000,0,0,3,0.330,0,0
312,13,4.200,4,1,0,0.000,0,0,4,1.683,0,0,65,-21.161,7,16,2,1.690,1,0,8,-6.059,0,3
313,1,-0.142,0,0,0,0.000,0,0,0,0.000,0,0,0,0.000,0,0,0,0.000,0,0,0,0.000,0,0
314,1,-0.142,0,0,0,0.000,0,0,0,0.000,0,0,2,2.379,1,0,1,-0.558,0,0,0,0.000,0,0
315,8,3.985,2,0,0,0.000,0,0,1,-0.142,0,0,6,-7.619,0,3,0,0.000,0,0,5,1.505,0,0
316,13,2.031,3,3,0,0.000,0,0,2,-1.900,0,1,19,-14.359,2,7,1,-0.142,0,0,11,-1.685,1,2
317,5,-0.829,1,1,0,0.000,0,0,0,0.000,0,0,16,-4.870,2,3,1,-0.142,0,0,22,-1.167,2,2
318,7,-10.030,0,5,0,0.000,0,0,0,0.000,0,0,16,-11.179,1,7,0,0.000,0,0,7,3.413,1,0
319,7,-0.101,2,2,0,0.000,0,0,2,1.157,0,0,50,-14.957,8,14,0,0.000,0,0,9,-4.570,0,2
320,20,1.040,6,4,0,0.000,0,0,1,-0.142,0,0,48,-14.817,8,12,0,0.000,0,0,5,-3.250,0,2
321,11,3.030,4,2,0,0.000,0,0,1,-0.142,0,0,14,-4.562,4,4,0,0.000,0,0,5,-7.871,0,4
322,20,2.867,3,2,4,-0.568,0,0,1,-0.142,0,0,10,-2.703,0,2,2,-0.650,0,0,4,-5.018,0,2
323,18,-5.539,2,4,0,0.000,0,0,2,0.355,0,0,6,2.226,1,0,1,0.529,0,0,7,0.685,1,1
324,0,0.000,0,0,0,0.000,0,0,0,0.000,0,0,0,0.000,0,0,0,0.000,0,0,3,1.988,1,0
325,7,0.911,2,1,0,0.000,0,0,1,-0.142,0,0,0,0.000,0,0,1,-0.142,0,0,31,-0.118,5,5
326,5,1.832,1,0,0,0.000,0,0,2,-0.264,0,1,39,-8.180,8,10,1,1.342,1,0,22,-4.405,2,4
327,17,2.331,3,1,1,-0.142,0,0,0,0.000,0,0,30,-1.786,6,6,0,0.000,0,0,14,-14.004,0,7
328,8,-1.662,2,2,0,0.000,0,0,0,0.000,0,0,13,-5.334,2,5,1,-0.142,0,0,5,0.237,2,1
329,2,0.984,1,1,1,-1.158,0,1,0,0.000,0,0,10,1.216,0,2,0,0.000,0,0,10,8.993,5,0
330,5,0.245,2,1,0,0.000,0,0,3,-0.657,0,1,19,-5.377,3,4,1,1.928,1,0,38,-9.955,2,8
331,4,-1.910,0,1,0,0.000,0,0,3,2.045,1,0,23,-9.629,2,5,1,-0.142,0,0,15,-4.798,1,3
332,3,0.213,0,0,2,1.573,1,0,1,0.785,0,0,34,5.471,8,4,1,0.305,0,0,5,-2.170,0,1
333,15,3.583,6,1,0,0.000,0,0,0,0.000,0,0,18,-9.657,3,5,1,-1.083,0,1,9,3.166,4,1
334,2,0.845,0,0,0,0.000,0,0,1,-0.142,0,0,24,-4.239,3,5,0,0.000,0,0,21,-16.912,1,8
335,6,-1.413,0,1,0,0.000,0,0,0,0.000,0,0,5,-2.528,0,1,0,0.000,0,0,9,-7.846,1,6
336,1,-0.142,0,0,0,0.000,0,0,2,0.330,0,0,0,0.000,0,0,0,0.000,0,0,4,-0.746,0,1
337,7,2.916,1,0,0,0.000,0,0,1,-0.142,0,0,3,-0.426,0,0,2,-1.385,0,1,11,1.970,2,2
338,0,0.000,0,0,1,1.243,1,0,0,0.000,0,0,2,-0.284,0,0,0,0.000,0,0,16,-11.263,1,5
339,2,-2.088,0,1,1,0.156,0,0,2,-1.360,0,1,0,0.000,0,0,0,0.000,0,0,3,4.215,1,0
340,1,-0.142,0,0,0,0.000,0,0,3,-1.065,0,0,0,0.000,0,0,0,0.000,0,0,17,-9.678,0,3
341,9,-0.483,2,2,0,0.000,0,0,0,0.000,0,0,0,0.000,0,0,0,0.000,0,0,9,-1.811,1,1
342,5,3.856,2,1,3,-2.901,0,1,1,-0.142,0,0,3,-0.395,0,0,0,0.000,0,0,5,1.513,1,0
343,0,0.000,0,0,3,1.378,1,0,2,-0.579,0,0,0,0.000,0,0,1,-0.732,0,0,13,-7.124,1,4
344,0,0.000,0,0,0,0.000,0,0,0,0.000,0,0,0,0.000,0,0,0,0.000,0,0,0,0.000,0,0
345,0,0.000,0,0,0,0.000,0,0,3,-0.199,0,0,1,-0.142,0,0,1,0.898,0,0,4,-2.145,0,1
346,0,0.000,0,0,0,0.000,0,0,0,0.000,0,0,0,0.000,0,0,0,0.000,0,0,0,0.000,0,0
347,0,0.000,0,0,0,0.000,0,0,0,0.000,0,0,1,-0.142,0,0,1,1.040,1,0,2,1.963,1,0
348,4,0.926,1,0,1,-2.053,0,1,0,0.000,0,0,1,-0.142,0,0,3,-0.426,0,0,10,3.752,2,0
349,1,0.586,0,0,2,-0.533,0,1,0,0.000,0,0,3,-3.609,0,1,5,-1.570,0,1,2,-1.566,0,1
350,7,7.005,4,0,2,-2.383,0,2,0,0.000,0,0,5,1.824,0,0,1,-0.142,0,0,4,-2.404,1,1
351,1,-1.176,0,1,1,1.481,1,0,0,0.000,0,0,0,0.000,0,0,1,1.108,1,0,5,0.123,0,0
352,2,0.991,1,0,0,0.000,0,0,0,0.000,0,0,2,-0.284,0,0,1,-0.309,0,0,3,-2.649,0,1
353,2,-0.100,0,0,1,-0.345,0,0,0,0.000,0,0,0,0.000,0,0,14,-5.310,0,3,3,-0.007,0,0
354,1,-1.286,0,1,4,-3.019,0,2,0,0.000,0,0,0,0.000,0,0,2,1.513,1,0,13,-7.282,1,3
355,1,-0.142,0,0,5,-1.051,0,0,0,0.000,0,0,0,0.000,0,0,14,-2.423,3,3,10,-7.497,0,5
356,3,1.289,1,0,4,2.299,1,0,0,0.000,0,0,0,0.000,0,0,5,1.126,2,1,11,1.110,2,0
357,2,-1.900,0,1,6,-0.788,0,1,0,0.000,0,0,1,-0.142,0,0,8,1.330,1,1,9,0.143,1,0
358,0,0.000,0,0,2,-0.355,0,0,0,0.000,0,0,0,0.000,0,0,3,-0.394,0,0,8,1.806,1,0
359,0,0.000,0,0,2,-1.478,0,1,0,0.000,0,0,0,0.000,0,0,19,-17.484,0,8,6,4.875,2,0
360,3,-0.980,0,0,1,-0.995,0,0,0,0.000,0,0,0,0.000,0,0,0,0.000,0,0,5,0.095,1,1
361,1,1.960,1,0,0,0.000,0,0,0,0.000,0,0,1,1.054,1,0,4,0.923,1,2,7,-5.328,0,2
362,7,-0.317,1,1,0,0.000,0,0,0,0.000,0,0,0,0.000,0,0,2,-1.424,1,1,4,-1.488,0,1
363,4,-0.235,1,1,0,0.000,0,0,0,0.000,0,0,0,0.000,0,0,32,-13.333,0,7,13,2.830,3,2
364,4,-0.672,1,1,0,0.000,0,0,0,0.000,0,0,0,0.000,0,0,2,-0.870,0,0,4,-4.067,1,2
365,5,3.807,3,1,0,0.000,0,0,0,0.000,0,0,0,0.000,0,0,2,-4.735,0,2,2,-2.021,0,1
