how,cluster0,cluster1,cluster2,cluster3,cluster4,cluster5,cluster6,cluster10,cluster11,cluster12,cluster13,cluster15,cluster16,cluster18
0,68,5,1,21,6,4,14,6,1,15,2,12,13,0
1,23,3,0,16,5,4,2,0,0,19,4,2,9,3
2,26,14,4,24,2,0,7,0,0,3,3,2,2,4
3,31,4,1,37,3,6,6,0,0,4,0,1,4,10
4,20,1,1,35,0,6,12,0,0,3,1,0,2,8
5,7,4,0,17,1,2,12,0,0,1,0,0,0,3
6,7,0,0,11,0,0,2,2,0,0,0,0,0,0
7,7,0,0,1,0,0,10,0,0,0,0,0,0,0
8,0,0,0,2,0,0,2,0,0,1,0,0,0,0
9,3,0,0,0,0,0,0,0,0,0,0,2,0,1
10,1,0,0,1,2,0,0,0,0,0,0,0,0,4
11,5,2,0,0,1,0,0,0,0,1,0,0,0,0
12,6,0,5,3,0,2,6,0,0,0,0,18,0,8
13,6,0,2,4,0,0,4,0,0,0,0,30,0,9
14,23,5,1,11,0,1,20,0,0,4,0,5,0,22
15,23,6,0,16,11,0,25,0,0,2,1,2,2,17
16,42,8,2,9,10,0,15,0,0,5,1,4,4,10
17,47,0,3,11,9,0,21,2,1,4,1,12,0,7
18,29,9,1,10,9,4,13,6,0,2,2,2,0,18
19,24,9,0,9,10,2,8,0,0,3,3,5,0,12
20,21,5,5,8,5,0,6,0,0,8,3,3,7,10
21,20,9,3,11,3,5,17,2,0,10,1,1,0,4
22,37,14,5,18,2,6,2,0,0,7,1,6,0,6
23,48,0,2,5,0,5,3,0,0,2,0,8,0,8
24,12,7,0,11,2,5,2,2,0,2,0,10,4,5
25,8,0,0,4,3,0,0,4,0,0,0,0,0,2
26,10,6,1,5,3,4,2,0,0,1,0,0,0,0
27,10,1,0,4,0,0,0,2,0,0,1,1,0,2
28,14,0,0,0,0,0,0,0,0,2,0,0,0,0
29,6,0,1,7,2,0,0,0,0,1,0,0,0,0
30,0,0,0,2,0,0,3,0,0,0,0,0,0,0
31,0,0,0,0,0,0,0,0,0,0,0,0,0,0
32,3,0,0,0,0,0,0,0,0,0,0,0,0,0
33,0,1,0,0,0,0,0,0,0,0,0,0,0,0
34,7,1,0,3,3,0,0,0,0,0,0,0,0,0
35,9,2,1,6,3,0,0,0,0,0,0,2,0,4
36,14,2,0,0,0,9,1,0,0,0,0,4,0,13
37,51,4,1,1,8,12,11,0,0,0,0,0,1,3
38,18,2,5,0,5,2,7,0,0,0,1,0,3,3
39,15,5,2,5,6,3,7,0,0,1,1,7,0,15
40,34,6,1,5,2,1,15,2,0,1,0,0,0,5
41,29,16,1,6,11,2,4,2,0,3,1,0,0,9
42,12,7,0,2,2,0,9,6,0,2,2,0,0,13
43,13,11,1,7,1,5,4,0,0,0,2,0,0,16
44,10,7,3,17,2,4,1,0,0,3,0,1,0,16
45,16,6,10,13,4,3,6,3,0,4,1,2,0,14
46,17,4,4,13,5,2,5,0,0,10,0,7,1,5
47,11,4,5,5,6,2,5,2,0,5,0,3,3,8
48,15,4,2,8,4,0,8,0,0,2,2,9,0,11
49,27,6,2,5,7,0,0,17,0,5,1,2,2,6
50,5,1,4,8,4,3,6,0,0,2,1,0,4,6
51,9,6,0,3,2,2,0,2,0,1,1,0,3,2
52,0,0,0,4,3,0,0,0,0,0,0,0,0,0
53,0,0,0,0,0,0,0,0,0,0,0,0,0,2
54,2,0,0,2,3,2,0,2,0,0,0,0,0,2
55,0,0,0,0,0,0,0,0,0,0,0,0,0,0
56,0,0,0,1,2,0,0,0,0,0,0,0,0,0
57,0,0,0,2,0,0,0,2,0,0,0,0,0,0
58,2,0,0,1,1,2,0,0,0,0,0,2,0,6
59,9,1,3,4,4,0,1,0,0,0,0,2,0,14
60,28,5,3,4,4,11,0,5,0,0,0,4,0,19
61,15,5,3,1,11,14,4,0,0,6,0,0,0,7
62,19,0,1,0,3,9,7,2,0,1,4,8,0,5
63,14,6,0,3,1,14,8,0,0,4,0,0,0,10
64,24,7,0,11,8,2,21,0,0,1,0,3,0,11
65,24,6,0,6,3,4,6,1,0,3,0,0,1,22
66,19,9,1,2,1,10,9,3,0,0,0,0,0,6
67,24,8,3,9,2,3,7,0,0,0,1,2,3,3
68,7,10,3,13,4,0,4,0,0,1,0,2,0,10
69,29,3,5,8,5,2,3,0,0,3,0,6,0,14
70,24,12,6,14,2,3,1,0,1,3,1,11,5,12
71,32,8,1,9,4,3,10,0,0,3,0,8,0,10
72,24,2,0,4,3,0,2,0,0,3,1,13,0,7
73,3,6,4,5,3,0,0,2,0,1,1,1,0,5
74,4,1,0,13,1,0,7,0,0,0,0,2,0,4
75,4,0,2,7,2,0,1,0,0,0,0,0,0,0
76,0,0,0,7,0,0,0,0,0,0,0,0,0,1
77,0,0,0,2,0,0,2,0,0,0,0,0,0,1
78,1,0,0,0,1,0,2,0,0,0,0,0,0,0
79,0,0,0,0,1,0,0,0,0,0,0,0,0,0
80,1,0,0,0,1,0,0,0,0,0,0,0,0,0
81,0,0,0,0,1,0,0,0,0,0,0,0,0,0
82,7,4,0,0,1,2,0,0,0,0,0,0,0,4
83,15,3,1,0,4,2,0,0,0,0,1,2,0,3
84,12,0,1,3,3,11,0,0,0,0,0,0,0,18
85,18,0,1,0,3,9,1,1,0,1,0,7,0,8
86,23,1,1,6,4,4,9,0,0,0,0,1,0,7
87,26,6,1,5,7,6,3,0,0,0,0,1,0,11
88,10,20,4,2,6,3,13,9,0,0,1,13,0,12
89,22,11,1,3,9,10,29,0,0,1,0,5,4,5
90,40,7,0,8,6,2,2,5,0,0,0,0,0,17
91,28,13,6,7,5,4,2,2,0,2,2,3,6,6
92,14,4,2,13,6,5,1,0,0,1,4,1,0,20
93,32,13,2,17,11,0,1,0,0,3,1,12,2,10
94,46,5,3,15,13,3,12,0,0,6,2,16,0,6
95,29,10,13,19,4,1,3,1,0,4,1,6,1,5
96,18,8,6,16,1,4,1,6,0,4,7,2,2,4
97,19,4,1,12,3,0,0,0,0,1,1,1,0,5
98,15,1,2,11,4,0,1,0,0,1,1,7,0,6
99,6,9,3,13,0,0,5,0,3,3,0,4,0,2
100,5,2,0,3,3,0,4,0,0,0,0,0,0,4
101,6,0,0,5,0,0,0,0,0,0,0,0,0,0
102,0,0,0,0,0,0,0,0,0,0,0,0,0,0
103,0,0,0,2,1,0,0,0,0,0,0,0,0,0
104,0,0,0,0,0,0,0,0,0,0,0,0,0,0
105,0,0,0,1,5,0,0,0,0,0,0,0,0,0
106,4,6,0,3,1,2,0,0,0,0,0,2,0,0
107,9,7,1,6,0,0,0,0,0,0,0,8,0,5
108,36,5,4,4,7,6,9,1,0,0,0,2,0,5
109,43,4,0,4,10,24,6,0,0,0,0,0,0,17
110,45,7,1,3,4,13,11,0,0,0,0,0,3,3
111,64,3,2,2,0,6,16,0,0,2,0,2,0,13
112,50,6,1,8,5,4,9,4,0,1,0,6,2,15
113,31,5,1,11,6,9,17,2,0,3,2,0,0,9
114,52,7,3,6,7,3,3,1,0,4,1,4,3,16
115,19,9,2,0,9,4,12,0,0,1,0,2,0,10
116,22,2,0,10,7,16,0,0,0,1,0,2,0,18
117,47,2,4,16,4,1,2,2,0,3,2,1,2,15
118,29,6,2,14,3,4,5,0,1,4,2,5,5,21
119,30,14,3,17,5,7,8,2,0,8,1,3,4,14
120,39,8,2,9,2,0,2,0,0,3,3,2,0,9
121,14,2,3,18,7,0,2,0,0,8,1,1,0,3
122,12,2,0,6,1,0,3,2,0,1,0,2,0,8
123,15,2,0,8,0,3,12,0,0,2,0,0,0,8
124,8,1,0,5,0,0,0,0,0,1,1,2,0,2
125,6,0,0,2,0,0,3,0,0,0,0,16,0,0
126,2,0,0,2,0,0,0,0,0,0,0,0,0,2
127,1,0,0,1,0,0,8,0,0,0,0,0,0,0
128,0,0,1,0,0,0,0,0,0,0,0,0,0,0
129,1,0,0,0,0,0,0,0,0,0,0,0,0,2
130,2,0,1,0,2,1,0,0,0,0,0,0,0,0
131,7,5,2,5,3,2,1,0,0,0,0,8,0,13
132,32,5,4,1,6,5,2,0,0,0,0,2,0,8
133,41,1,1,0,7,8,8,0,0,0,0,1,0,9
134,30,6,4,1,5,0,9,0,0,0,0,1,0,15
135,30,4,5,4,5,0,11,2,0,1,0,3,3,21
136,57,6,5,11,0,5,6,5,0,2,5,12,6,11
137,35,9,0,7,12,2,10,2,0,3,1,1,0,13
138,24,14,1,10,5,9,14,0,0,0,0,2,1,11
139,22,4,0,9,9,2,15,3,0,1,3,0,0,7
140,11,5,5,15,8,12,6,2,0,9,1,2,0,10
141,53,13,4,15,13,7,2,0,0,0,4,9,0,11
142,51,14,4,30,7,7,6,0,0,7,1,10,2,3
143,56,11,3,20,10,7,14,0,0,8,2,9,4,6
144,60,12,0,15,9,1,3,3,0,2,2,10,0,6
145,33,3,2,19,3,2,3,0,0,10,1,14,3,9
146,45,3,2,16,13,2,4,0,0,8,1,6,6,4
147,31,5,2,24,4,5,6,0,0,4,3,1,0,9
148,21,0,0,23,0,0,9,0,0,3,1,0,0,8
149,13,9,0,16,0,2,3,0,0,1,0,0,3,0
150,4,2,0,1,0,0,8,0,0,0,0,0,0,0
151,6,0,0,1,0,0,5,0,0,0,0,0,0,0
152,1,1,0,0,0,0,0,0,0,0,0,0,0,0
153,0,0,0,0,0,0,0,0,0,0,0,0,0,0
154,5,0,0,0,0,0,0,0,0,0,0,0,0,0
155,5,0,1,1,2,0,0,0,0,0,0,0,0,15
156,9,0,0,4,0,0,4,0,0,2,0,8,0,25
157,22,2,0,12,2,0,16,0,0,2,1,2,2,5
158,23,6,3,14,2,2,7,2,0,1,1,2,3,8
159,32,10,1,11,9,5,16,5,0,3,1,1,1,16
160,52,16,2,12,4,12,22,0,0,5,4,10,2,6
161,76,15,3,17,8,7,33,2,0,3,2,4,0,23
162,44,15,0,16,12,1,30,0,0,4,2,9,8,15
163,50,15,0,12,7,0,28,5,0,1,3,2,8,17
164,43,18,2,15,3,6,17,2,0,3,2,4,5,7
165,36,5,3,24,10,2,15,1,0,9,2,5,2,14
166,35,8,3,16,10,3,13,0,0,4,1,9,2,3
167,39,14,2,27,5,2,5,1,0,2,0,6,4,14
