doy,cluster0,cluster1,cluster2,cluster3,cluster4,cluster5,cluster6,cluster10,cluster11,cluster12,cluster13,cluster15,cluster16,cluster18
1,4,0,0,4,0,1,2,0,0,0,0,2,0,1
2,1,0,0,1,0,0,1,0,0,0,0,0,0,4
3,0,1,0,1,0,0,0,0,0,1,0,0,0,0
4,0,1,0,2,0,0,3,0,0,1,0,0,0,2
5,2,0,0,0,0,0,0,0,0,0,0,0,0,2
6,1,0,0,2,0,0,0,0,0,0,0,0,0,0
7,2,0,1,0,0,0,0,0,0,0,0,0,0,3
8,3,0,0,1,0,0,0,0,0,0,0,0,0,0
9,1,0,0,1,0,0,0,0,0,0,0,0,0,3
10,8,0,0,1,0,0,0,0,0,2,0,4,0,0
11,1,0,0,2,0,0,1,0,0,0,0,4,2,0
12,1,0,0,1,0,0,0,0,0,0,0,0,0,1
13,6,6,2,1,1,0,0,0,0,0,0,0,0,0
14,4,0,0,3,1,0,0,0,0,0,0,0,0,2
15,1,0,0,4,0,0,0,0,1,1,0,2,0,2
16,3,0,0,1,1,2,0,0,0,0,0,1,0,0
17,3,0,0,0,0,0,6,0,0,0,1,2,0,1
18,1,4,0,5,0,0,7,0,0,0,0,0,0,0
19,3,0,0,5,0,0,0,0,0,0,0,0,0,0
20,4,0,0,2,0,2,0,0,0,0,0,0,0,2
21,3,2,0,1,0,0,0,0,0,0,0,0,0,0
22,0,0,0,3,0,0,0,0,0,1,0,0,0,0
23,7,0,1,3,3,0,0,0,0,1,0,2,3,6
24,10,2,1,3,4,0,5,0,0,2,0,1,0,2
25,13,2,2,6,0,0,6,2,0,0,0,0,0,0
26,12,1,0,3,2,2,6,0,0,5,0,4,0,8
27,4,0,0,2,3,4,2,0,0,0,0,5,0,0
28,14,4,1,7,0,3,0,0,0,0,0,6,0,5
29,10,4,0,2,0,0,1,0,0,1,0,0,3,7
30,8,7,0,5,4,0,8,0,0,1,0,0,0,12
31,10,2,0,5,6,0,4,7,0,0,1,0,0,8
32,7,4,2,10,0,0,2,5,0,1,0,2,0,8
33,4,6,0,14,2,3,0,8,0,2,0,2,3,9
34,0,5,1,2,3,0,0,5,0,2,0,2,1,8
35,3,3,0,2,3,0,0,0,0,0,0,6,0,3
36,1,3,0,7,4,1,0,1,0,2,0,2,0,3
37,52,5,0,8,4,2,2,0,0,0,0,4,0,8
38,4,2,1,8,5,2,3,0,0,0,0,2,5,7
39,13,13,1,11,5,2,5,0,0,1,0,4,2,14
40,7,3,1,5,3,0,0,0,0,0,2,6,0,5
41,6,5,0,2,1,2,3,0,0,0,0,2,0,0
42,7,6,2,4,2,6,3,17,0,0,0,4,0,2
43,2,0,1,4,2,4,12,0,0,1,0,6,0,3
44,5,3,1,5,2,5,0,0,0,1,0,3,0,2
45,17,3,2,2,2,2,5,0,0,2,1,0,0,2
46,8,1,0,6,3,0,1,0,0,2,0,0,2,9
47,5,2,0,9,1,0,7,0,0,1,0,1,0,6
48,6,2,0,4,0,3,0,2,0,2,0,0,3,1
49,5,10,0,3,5,2,1,0,0,1,0,3,0,13
50,17,1,1,1,5,3,0,2,0,0,3,0,0,10
51,27,4,2,9,2,4,5,0,0,2,0,4,0,11
52,27,4,1,4,2,2,7,0,0,0,0,2,0,3
53,17,12,0,11,1,0,3,0,0,4,0,0,0,7
54,7,1,0,6,1,2,3,0,0,2,0,0,2,10
55,12,2,1,6,2,0,0,2,0,1,0,0,1,6
56,12,3,0,4,6,4,6,3,0,0,0,1,0,12
57,11,4,2,6,2,1,11,2,0,0,0,2,0,3
58,12,0,1,8,3,6,3,0,0,1,0,2,0,6
59,19,4,0,6,4,0,1,1,0,1,1,0,0,7
60,9,4,2,7,0,2,10,0,0,1,0,5,0,8
61,14,0,0,7,0,0,11,2,0,4,0,0,0,6
62,8,0,0,6,0,2,0,0,0,0,0,0,0,0
63,8,8,0,8,0,0,5,2,0,0,0,2,0,3
64,11,1,1,7,0,0,0,2,0,2,0,9,0,1
65,7,0,0,1,0,0,3,0,0,1,0,2,0,4
66,7,1,1,4,4,2,5,0,0,1,1,4,0,3
67,12,0,0,25,2,0,2,0,0,1,1,6,3,2
68,10,1,0,9,0,5,7,0,0,3,0,1,5,11
69,7,2,0,1,0,2,8,0,0,2,0,0,0,4
70,11,0,4,2,0,5,2,0,0,1,0,2,4,2
71,12,2,1,5,2,4,2,0,0,0,0,9,0,8
72,13,2,3,8,3,4,4,2,0,0,2,0,0,1
73,29,0,9,15,5,2,1,0,0,2,0,2,5,8
74,14,12,0,24,7,2,15,0,0,5,3,8,12,0
75,5,4,5,12,2,0,5,0,1,4,1,3,1,9
76,8,1,0,1,2,2,4,0,0,0,0,0,0,2
77,14,10,6,4,2,7,2,0,0,0,1,0,0,7
78,8,0,2,2,4,5,1,3,0,0,0,5,0,7
79,7,3,1,7,4,4,4,1,0,3,0,3,0,0
80,10,5,3,6,5,4,2,1,0,4,0,2,3,16
81,16,3,2,11,1,0,5,0,0,1,1,4,3,9
82,5,4,2,15,1,0,4,2,0,2,0,3,0,3
83,18,3,3,6,2,1,5,0,0,0,0,4,0,4
84,19,7,2,0,1,1,0,0,0,0,0,0,0,9
85,10,3,7,15,2,2,4,0,0,0,0,0,0,3
86,5,2,1,2,4,9,1,0,0,0,0,0,0,2
87,10,8,1,11,0,1,9,2,0,0,0,4,0,0
88,8,1,1,8,2,0,21,4,0,4,1,4,0,5
89,4,1,1,9,1,0,10,0,0,3,0,0,0,0
90,14,3,3,1,6,4,1,2,0,1,3,3,0,2
91,16,1,7,0,3,5,10,0,0,1,2,0,0,3
92,4,4,2,2,5,6,10,0,0,0,0,2,0,10
93,9,0,1,6,1,2,4,1,0,1,2,2,0,0
94,20,2,3,14,5,4,0,0,0,5,5,4,0,10
95,13,6,2,6,10,10,0,0,0,2,0,13,2,2
96,10,0,2,14,2,0,2,2,0,1,2,5,3,9
97,1,0,0,1,4,2,5,0,0,1,0,2,0,6
98,8,6,1,1,1,3,1,0,0,0,0,3,0,3
99,14,9,2,2,7,5,5,0,0,1,1,2,0,3
100,16,22,6,4,3,8,1,6,3,0,1,5,3,3
101,14,4,0,10,2,2,6,2,0,0,0,1,0,3
102,12,3,0,9,0,0,1,3,0,1,0,2,3,0
103,4,2,5,5,1,3,8,4,0,0,2,4,1,5
104,8,0,1,7,2,2,0,2,0,1,0,0,0,0
105,1,0,0,2,0,12,4,0,0,0,0,2,0,11
106,6,0,2,4,2,0,7,0,0,0,0,0,3,2
107,10,0,0,0,4,2,5,0,0,1,0,3,0,4
108,10,2,0,5,3,0,2,0,0,0,0,6,2,10
109,9,9,1,4,6,3,0,0,0,3,0,0,0,4
110,11,0,4,6,2,0,4,0,0,2,0,3,0,7
111,11,2,1,1,1,2,10,0,0,0,0,0,0,4
112,19,0,2,5,0,3,4,0,0,2,0,0,1,8
113,19,0,3,0,0,4,4,0,0,1,0,0,0,3
114,12,0,0,5,1,7,3,0,0,0,0,0,0,2
115,10,7,1,2,0,2,4,0,0,2,0,1,0,4
116,18,3,2,6,0,4,3,0,0,2,2,9,2,3
117,3,4,1,10,1,3,10,0,0,1,1,4,0,4
118,8,2,0,3,3,2,1,2,0,0,0,0,0,12
119,9,0,0,4,4,6,10,3,0,1,1,8,0,5
120,12,3,1,9,1,6,2,0,0,2,0,13,0,6
121,11,3,0,3,1,5,0,0,0,1,0,4,0,7
122,12,3,4,10,3,1,4,0,0,0,0,16,3,6
123,24,5,0,14,4,0,13,0,0,3,0,5,0,9
124,19,3,5,8,0,0,2,0,0,0,0,12,0,4
125,5,3,0,7,4,6,0,2,0,1,0,1,0,4
126,6,2,3,5,6,3,1,0,0,0,0,7,2,4
127,16,2,1,10,6,6,3,0,0,1,0,8,0,5
128,12,2,1,5,1,2,0,0,0,2,2,3,0,4
129,15,5,2,5,3,0,1,0,0,0,2,5,0,0
130,17,0,0,6,2,0,12,0,0,2,1,10,0,4
131,12,6,0,5,0,0,7,0,0,2,1,2,0,1
132,23,2,0,0,7,1,7,0,0,1,0,0,0,7
133,19,6,0,0,6,3,1,2,0,1,1,0,0,9
134,8,1,0,4,2,2,2,0,0,0,0,2,0,7
135,29,4,0,1,0,2,3,1,0,1,3,2,0,6
136,8,5,1,5,0,2,2,2,0,0,1,4,1,2
137,18,8,1,3,0,2,8,0,0,1,1,2,0,9
138,10,7,3,9,2,2,4,2,0,4,0,5,1,5
139,8,1,0,0,3,2,5,0,0,2,0,0,2,3
140,8,3,1,5,6,1,0,0,0,0,3,2,0,8
141,9,6,1,6,6,3,11,3,0,1,0,3,0,4
142,11,3,1,1,9,4,6,0,0,2,0,2,0,9
143,15,7,0,6,4,1,6,0,0,2,2,0,3,4
144,21,2,0,7,4,0,6,0,0,3,1,2,4,9
145,17,2,0,5,7,4,8,0,0,2,0,2,3,1
146,7,0,0,1,1,2,3,0,0,0,1,2,0,0
147,4,0,0,2,2,4,0,0,0,1,0,0,0,3
148,0,0,0,3,3,2,0,0,0,1,0,0,0,0
149,2,0,0,3,2,0,0,0,0,1,3,2,0,1
150,13,7,0,6,4,3,5,0,0,0,2,4,0,8
151,8,3,0,1,4,2,6,0,0,5,0,4,3,7
152,13,5,3,9,1,1,4,0,0,3,1,0,0,2
153,18,3,0,7,0,2,1,0,0,1,0,3,0,1
154,5,6,0,7,1,0,1,0,0,1,0,4,5,0
155,15,8,0,3,1,2,1,0,0,0,0,2,0,10
156,13,1,0,3,5,3,4,0,0,0,1,4,0,4
157,18,6,0,15,0,5,6,0,0,2,0,1,0,1
158,29,6,0,8,6,4,5,0,0,2,1,4,0,5
159,7,0,0,0,4,0,5,0,0,4,0,2,0,6
160,9,2,2,4,4,4,0,0,1,2,0,0,0,1
161,9,1,0,3,3,0,2,2,0,5,0,0,0,3
162,4,0,0,2,4,2,3,0,0,1,0,2,0,3
163,3,0,0,2,3,2,5,0,0,1,0,0,2,1
164,4,1,1,4,3,0,0,0,0,0,0,4,0,4
165,9,6,0,1,0,2,5,0,0,2,0,0,0,4
166,20,2,2,1,2,0,2,0,0,0,2,0,2,0
167,2,0,2,1,1,5,1,0,0,0,0,0,0,0
168,16,2,0,4,1,3,1,0,0,1,0,2,0,0
169,5,0,0,0,0,2,0,0,0,0,0,1,0,1
170,11,1,1,0,0,4,6,0,0,0,0,0,0,4
171,4,0,0,2,4,0,6,0,0,3,1,2,2,2
172,19,2,1,7,3,1,5,2,0,0,0,1,0,3
173,8,0,0,2,3,0,0,0,0,1,1,0,2,1
174,5,4,0,2,0,0,4,4,0,1,0,0,0,2
175,6,2,0,1,2,3,9,0,0,1,0,1,0,1
176,7,0,0,0,1,0,0,4,0,4,0,0,0,0
177,4,0,0,0,0,0,0,0,0,3,0,0,2,0
178,5,2,1,0,2,1,2,0,0,0,0,1,2,0
179,11,7,0,10,1,0,1,0,0,0,0,0,0,2
180,7,1,0,2,2,2,4,0,0,0,0,0,0,3
181,7,4,0,2,1,1,0,0,0,2,2,0,0,3
182,6,0,0,0,3,0,1,2,0,3,0,0,0,0
183,12,3,2,1,0,0,0,0,0,1,0,1,0,2
184,38,5,0,9,6,0,6,0,0,1,0,0,0,5
185,58,0,0,8,5,6,6,2,0,7,2,4,0,0
186,81,8,0,0,0,0,18,3,0,6,0,4,2,1
187,60,5,0,7,4,0,5,0,0,4,1,3,0,2
188,34,5,0,2,1,0,3,0,0,5,0,0,0,9
189,71,5,0,2,5,0,0,0,0,1,0,0,2,2
190,104,1,0,13,1,4,5,0,0,0,0,0,0,2
191,90,0,1,2,3,0,12,0,0,0,0,3,3,8
192,108,6,0,3,0,0,7,0,0,0,3,0,0,0
193,127,3,0,14,2,5,9,0,0,1,0,2,3,4
194,50,6,1,7,2,0,6,0,0,6,1,10,0,2
195,17,1,0,2,2,0,2,0,0,1,5,2,1,0
196,26,0,4,2,3,0,3,0,0,0,0,1,0,2
197,8,0,4,1,1,4,2,0,0,2,2,2,3,2
198,8,3,2,0,1,2,2,0,0,2,2,0,3,9
199,11,2,0,2,3,1,5,0,0,1,0,0,0,5
200,9,1,1,3,0,0,11,0,1,2,0,1,2,2
201,2,1,0,3,6,2,1,0,0,3,0,1,0,1
202,3,2,0,3,2,4,0,0,0,0,0,0,0,0
203,1,2,0,4,2,2,3,1,0,4,0,1,1,12
204,12,0,0,3,7,5,4,0,0,1,1,0,0,4
205,18,0,0,1,5,3,2,0,0,3,4,0,2,6
206,1,1,0,5,2,0,1,0,0,1,2,0,0,4
207,11,3,0,1,4,4,0,0,0,3,1,0,0,3
208,1,0,2,2,0,0,3,0,0,2,0,0,2,6
209,2,2,0,0,0,0,1,0,0,0,0,0,0,8
210,2,0,0,2,2,0,0,0,0,1,0,0,0,6
211,6,1,4,0,2,0,2,0,0,0,0,0,2,4
212,2,0,0,0,0,2,0,0,0,0,0,0,0,3
213,1,2,0,0,0,0,0,0,0,0,0,0,0,4
214,12,0,0,1,1,1,9,0,0,0,0,0,0,11
215,5,0,0,1,0,0,2,0,0,0,0,2,0,5
216,4,2,0,1,0,0,2,0,0,1,0,0,0,0
217,5,0,1,1,0,0,3,0,0,1,0,0,0,0
218,5,0,0,1,0,0,3,0,0,0,0,0,0,0
219,5,4,1,0,4,2,0,0,0,0,0,0,0,6
220,9,0,0,2,0,0,0,0,0,0,0,0,0,0
221,7,0,0,6,5,0,0,0,0,1,1,1,1,3
222,3,0,0,4,4,0,5,0,0,1,0,2,0,2
223,9,0,0,2,3,0,0,0,0,1,0,0,2,7
224,3,0,0,2,1,1,0,0,0,0,1,0,0,0
225,6,1,1,7,1,0,0,0,0,1,0,0,1,2
226,4,4,2,4,1,3,2,0,0,0,0,0,0,4
227,0,1,0,0,0,3,1,0,0,0,0,0,0,0
228,0,0,0,0,0,0,0,0,0,0,0,0,0,0
229,0,0,0,0,0,0,0,0,0,0,0,0,0,0
230,0,0,0,0,0,0,0,0,0,0,0,0,0,0
231,0,0,0,0,0,0,0,0,0,0,0,0,0,0
232,0,0,0,0,0,0,0,0,0,0,0,0,0,0
233,4,0,1,4,2,0,0,0,0,1,0,0,0,4
234,7,3,0,2,5,0,2,0,0,1,0,1,0,1
235,6,0,0,7,3,1,3,0,0,3,2,0,0,0
236,1,2,1,2,0,0,0,0,0,0,0,0,0,0
237,1,0,0,2,1,0,1,0,0,0,0,0,0,0
238,2,0,0,0,2,0,4,2,0,0,1,0,0,0
239,6,5,0,3,1,0,2,0,0,2,0,0,0,0
240,21,4,0,5,5,2,0,0,0,1,0,0,0,6
241,11,2,7,5,5,0,6,0,0,5,3,2,0,6
242,4,1,1,3,0,0,21,0,0,2,1,3,0,12
243,3,1,1,1,6,0,0,0,0,0,2,3,0,2
244,3,5,2,2,0,0,0,0,0,1,0,0,0,5
245,4,1,0,1,4,0,0,0,0,0,1,2,0,9
246,0,1,0,2,4,0,0,0,0,1,0,0,0,8
247,5,0,0,4,1,0,0,0,0,4,1,1,0,2
248,5,2,0,3,2,0,3,0,0,0,0,0,0,4
249,5,0,0,0,0,1,1,0,0,1,0,0,0,0
250,0,0,0,3,1,0,0,0,0,0,0,0,0,0
251,0,3,0,0,0,0,3,0,0,3,0,0,0,0
252,0,0,0,0,0,0,0,0,0,0,0,0,0,0
253,3,0,0,0,0,0,0,0,0,0,0,0,0,0
254,0,0,0,1,0,0,0,0,0,2,0,0,0,0
255,0,0,0,0,0,0,0,0,0,0,0,0,0,0
256,0,0,0,1,0,0,0,0,0,0,0,0,0,0
257,0,0,0,0,0,0,0,0,0,0,0,0,2,0
258,0,0,0,0,0,0,0,0,0,0,0,0,0,0
259,0,0,0,0,1,0,0,0,0,0,0,1,0,1
260,0,0,0,0,0,1,0,0,0,0,0,0,0,0
261,0,0,0,0,0,0,0,0,0,0,0,0,0,0
262,0,1,0,0,0,1,0,0,0,0,0,0,0,0
263,0,0,0,0,0,0,0,0,0,0,0,0,0,0
264,1,0,0,0,0,0,0,0,0,0,0,0,0,1
265,2,0,2,0,0,0,0,0,0,0,0,0,0,0
266,0,4,0,5,0,0,0,0,0,2,0,0,0,0
267,4,0,0,0,0,0,0,2,0,0,0,0,0,2
268,12,0,0,1,0,0,3,0,0,0,0,3,0,4
269,4,4,0,2,1,1,0,0,0,2,0,0,0,0
270,2,3,0,2,0,0,2,0,0,3,0,0,0,0
271,3,3,0,0,0,0,0,0,0,0,0,0,0,0
272,8,0,0,4,0,0,1,0,0,0,0,4,0,0
273,2,0,0,2,1,0,2,0,0,0,4,0,0,6
274,16,11,0,6,8,5,6,0,0,0,0,0,0,5
275,3,3,0,6,11,7,2,0,0,5,0,0,0,4
276,10,1,0,16,3,0,0,0,0,0,0,2,0,10
277,5,0,4,9,0,0,8,0,0,0,1,2,0,7
278,8,6,0,2,5,0,5,0,0,0,0,2,0,13
279,2,0,1,1,5,0,4,0,0,0,0,0,0,2
280,5,2,0,5,6,0,1,0,0,0,0,0,0,0
281,5,0,0,4,4,0,0,6,0,0,0,2,0,0
282,4,0,0,4,0,9,3,0,0,0,0,0,2,8
283,8,1,8,6,4,0,5,0,0,0,0,0,2,4
284,13,11,0,1,0,1,5,0,0,2,0,1,0,5
285,3,3,1,7,2,0,0,0,0,0,0,0,0,2
286,4,3,1,1,0,0,0,0,0,1,0,0,0,0
287,8,8,0,5,0,0,3,0,0,0,0,1,2,3
288,3,0,0,1,0,0,1,0,0,0,0,0,0,0
289,5,0,0,0,0,0,0,0,0,0,0,0,0,8
290,15,2,2,0,0,3,3,0,0,1,0,0,0,3
291,0,7,0,0,0,0,1,0,0,0,0,0,0,7
292,1,0,0,4,0,0,0,0,0,0,0,0,0,0
293,0,0,1,5,0,0,0,0,0,0,0,0,0,0
294,3,0,0,3,1,0,0,0,0,0,1,0,0,2
295,5,0,5,0,0,0,0,0,0,0,2,0,0,4
296,6,0,0,1,0,0,2,0,0,0,0,0,0,4
297,8,6,0,2,0,0,4,0,0,0,0,0,0,1
298,2,2,0,1,3,2,0,0,0,2,0,0,0,6
299,8,1,0,5,1,0,4,0,0,1,0,0,0,5
300,7,0,0,1,0,0,1,0,0,1,0,0,0,3
301,5,8,1,6,0,0,2,2,0,0,0,2,0,7
302,4,5,1,2,2,0,0,0,0,0,0,0,0,1
303,6,11,0,2,0,0,1,0,0,0,0,0,0,0
304,2,5,0,5,0,0,8,0,0,1,0,3,0,5
305,7,0,0,1,1,1,4,0,0,3,0,2,0,1
306,2,2,1,4,2,7,2,0,0,1,1,4,0,0
307,2,2,1,0,0,0,0,0,0,0,0,0,0,0
308,8,5,1,3,0,0,0,0,0,0,0,0,0,3
309,9,0,1,0,2,0,0,0,0,0,0,1,0,0
310,6,5,0,2,1,0,0,0,0,2,0,0,0,3
311,6,2,0,2,0,0,0,0,0,0,0,0,0,4
312,11,3,1,4,0,0,0,0,0,3,0,2,0,0
313,0,1,0,0,0,0,0,0,0,0,0,0,0,2
314,2,0,1,1,0,0,0,0,0,0,0,0,0,2
315,0,2,0,0,0,0,7,1,0,0,0,0,0,7
316,2,3,2,0,0,0,0,0,0,0,0,0,0,0
317,3,0,0,2,0,0,2,0,0,0,0,2,0,0
318,2,0,0,1,0,0,8,0,0,0,0,0,0,3
319,5,3,2,4,0,0,1,0,0,0,0,2,0,0
320,10,2,0,5,0,0,4,0,0,0,0,3,0,3
321,2,4,0,0,0,0,0,0,0,0,0,0,0,0
322,2,0,1,2,0,0,1,0,0,0,0,0,0,2
323,0,0,0,1,0,0,1,0,0,0,0,0,0,2
324,0,0,0,0,0,2,0,0,0,0,0,2,0,0
325,0,0,0,1,1,2,0,0,0,0,0,0,0,1
326,4,0,0,1,1,0,0,0,0,0,0,0,3,0
327,3,0,0,4,0,0,3,0,0,3,0,0,0,0
328,0,0,1,0,0,0,0,0,0,0,0,2,0,0
329,0,0,0,0,0,0,2,0,0,0,0,0,2,2
330,4,0,0,0,0,0,0,0,0,0,0,0,0,0
331,0,0,0,3,0,0,0,0,0,0,0,0,0,0
332,0,0,0,0,0,0,0,0,0,0,0,0,3,0
333,0,0,0,6,2,2,4,0,0,0,0,0,0,3
334,3,0,0,1,0,0,0,0,0,1,0,0,0,0
335,0,0,0,1,3,0,0,0,0,1,0,0,0,0
336,0,0,2,2,0,0,0,0,0,0,0,0,0,0
337,1,0,0,3,0,0,0,0,0,0,0,0,0,3
338,3,0,0,2,0,0,1,0,0,0,0,0,0,4
339,6,2,0,0,0,2,0,0,0,0,0,0,0,2
340,14,0,0,4,0,0,0,0,0,1,0,0,2,0
341,5,0,0,0,2,0,2,0,0,0,0,0,0,0
342,0,0,0,1,3,0,0,0,0,0,0,0,0,5
343,0,2,0,4,0,0,0,0,0,0,0,0,0,5
344,2,0,0,0,0,0,0,0,0,0,0,0,0,0
345,3,0,0,4,0,0,0,0,0,0,0,0,0,0
346,0,0,0,0,0,0,0,0,0,0,0,0,0,0
347,0,0,0,0,0,0,0,0,0,0,0,0,0,0
348,0,0,0,2,0,0,0,0,0,0,0,2,0,0
349,0,1,0,1,0,0,0,0,0,1,0,0,0,0
350,4,0,0,5,0,0,0,0,0,0,0,0,0,2
351,0,0,0,0,0,0,0,0,0,0,0,1,0,3
352,3,0,1,0,0,0,0,0,0,0,0,0,0,2
353,0,0,0,2,0,0,7,0,0,0,0,0,0,4
354,4,2,0,4,0,0,6,0,0,0,0,1,0,3
355,3,2,1,3,1,0,0,0,0,0,0,3,0,0
356,3,4,0,0,0,0,0,0,0,0,0,0,0,0
357,1,0,0,0,0,2,0,0,0,1,0,0,0,0
358,1,0,0,1,0,1,0,0,0,0,0,0,0,1
359,1,0,0,0,0,0,0,0,0,1,0,0,0,0
360,3,1,0,1,0,1,6,0,0,0,0,2,0,0
361,10,0,0,6,0,0,0,0,0,0,2,0,0,6
362,6,0,0,3,0,0,2,0,0,0,0,0,2,0
363,3,0,0,2,0,0,3,0,0,1,0,0,0,3
364,0,0,0,1,0,2,0,0,0,0,0,0,0,1
365,2,0,0,2,1,0,5,0,0,0,0,0,0,0
