doy,cluster0,cluster1,cluster2,cluster3,cluster4,cluster5,cluster6,cluster10,cluster11,cluster12,cluster13,cluster15,cluster16,cluster18
1,0.00000,0.00000,0.00000,0.00000,0.00000,0.00000,0.50000,0.00000,0.00000,0.00000,0.00000,0.00000,0.00000,0.00000
2,0.00000,0.00000,0.00000,0.00000,0.00000,0.00000,0.00000,0.00000,0.00000,0.00000,0.00000,0.00000,0.00000,0.00000
3,0.00000,0.00000,0.00000,0.00000,0.00000,0.00000,0.40000,0.00000,0.00000,0.00000,0.00000,0.00000,0.00000,0.40000
4,0.00000,0.00000,0.00000,0.00000,0.00000,0.00000,0.00000,0.00000,0.00000,0.00000,0.00000,0.00000,0.00000,0.00000
5,0.00000,0.00000,0.00000,0.00000,0.00000,0.00000,0.00000,0.00000,0.00000,0.00000,0.00000,0.00000,0.00000,0.00000
6,0.00000,0.00000,0.00000,0.00000,0.00000,0.00000,0.00000,0.00000,0.00000,0.00000,0.00000,0.00000,0.00000,0.00000
7,0.00000,0.00000,0.00000,0.00000,0.00000,0.00000,0.00000,0.00000,0.00000,0.00000,0.00000,0.00000,0.00000,0.00000
8,0.00000,0.00000,0.00000,0.00000,0.00000,0.00000,0.00000,0.00000,0.00000,0.00000,0.00000,0.00000,0.00000,0.00000
9,1.00000,0.00000,0.00000,0.00000,0.00000,0.00000,0.00000,0.00000,0.00000,0.00000,0.00000,0.00000,0.00000,0.00000
10,0.00000,0.00000,0.11111,0.22222,0.00000,0.00000,0.00000,0.00000,0.00000,0.00000,0.00000,0.00000,0.00000,0.00000
11,0.00000,0.00000,0.00000,0.00000,0.00000,0.00000,0.00000,0.00000,0.00000,0.00000,0.00000,0.00000,0.00000,0.00000
12,0.00000,0.00000,0.00000,1.00000,0.00000,0.00000,0.00000,0.00000,0.00000,0.00000,0.00000,0.00000,0.00000,0.00000
13,0.00000,0.16667,0.00000,0.00000,0.00000,0.00000,0.00000,0.00000,0.00000,0.00000,0.00000,0.00000,0.00000,0.00000
14,0.00000,0.00000,0.00000,0.00000,0.00000,0.00000,0.00000,0.00000,0.00000,0.00000,0.25000,0.00000,0.00000,0.00000
15,0.00000,0.66667,0.00000,0.00000,0.00000,0.00000,0.00000,0.00000,0.00000,0.00000,0.00000,0.00000,0.00000,0.00000
16,0.00000,0.00000,0.00000,0.00000,0.00000,0.00000,0.00000,0.00000,0.00000,0.00000,0.00000,0.00000,0.00000,0.00000
17,0.00000,0.00000,0.00000,0.00000,0.00000,0.25000,0.00000,0.00000,0.00000,0.00000,0.00000,0.00000,0.00000,0.00000
18,0.00000,0.00000,0.00000,0.00000,0.00000,0.00000,1.00000,0.00000,0.00000,0.00000,0.00000,0.00000,0.00000,0.00000
19,0.00000,0.50000,0.00000,0.00000,0.00000,0.50000,0.00000,0.00000,0.00000,0.00000,0.00000,0.00000,0.00000,0.00000
20,0.00000,0.00000,0.00000,0.00000,0.00000,0.00000,0.00000,0.00000,0.00000,0.00000,0.00000,0.00000,0.00000,0.00000
21,0.00000,0.00000,0.00000,0.00000,0.00000,0.00000,0.00000,0.00000,0.00000,0.00000,0.00000,0.00000,0.00000,0.00000
22,0.00000,0.00000,0.00000,0.00000,0.00000,0.00000,0.00000,0.00000,0.00000,0.00000,0.00000,0.00000,0.00000,0.00000
23,0.00000,0.00000,0.33333,0.00000,0.00000,0.00000,0.00000,0.00000,0.00000,0.00000,0.00000,0.00000,0.00000,0.00000
24,0.60000,0.00000,0.00000,0.00000,0.00000,0.00000,0.20000,0.00000,0.00000,0.00000,0.00000,0.00000,0.00000,0.00000
25,0.00000,0.10526,0.00000,0.05263,0.00000,0.00000,0.00000,0.00000,0.00000,0.00000,0.00000,0.00000,0.00000,0.00000
26,0.00000,0.08333,0.00000,0.00000,0.00000,0.00000,0.00000,0.08333,0.00000,0.00000,0.00000,0.00000,0.00000,0.00000
27,0.18182,0.09091,0.00000,0.00000,0.00000,0.00000,0.00000,0.00000,0.00000,0.00000,0.00000,0.00000,0.00000,0.00000
28,0.00000,0.00000,0.00000,0.07692,0.15385,0.00000,0.00000,0.00000,0.00000,0.00000,0.00000,0.00000,0.00000,0.00000
29,1.00000,0.00000,0.00000,0.00000,0.00000,0.00000,0.00000,0.00000,0.00000,0.00000,0.00000,0.00000,0.00000,0.00000
30,0.50000,0.00000,0.00000,0.00000,0.00000,0.00000,0.00000,0.00000,0.00000,0.00000,0.00000,0.00000,0.00000,0.00000
31,0.00000,0.00000,0.00000,0.00000,0.33333,0.00000,0.00000,0.00000,0.00000,0.00000,0.00000,0.00000,0.00000,0.00000
32,0.25000,0.00000,0.00000,0.12500,0.00000,0.00000,0.00000,0.00000,0.00000,0.00000,0.00000,0.00000,0.00000,0.00000
33,0.57143,0.00000,0.00000,0.00000,0.00000,0.00000,0.00000,0.00000,0.00000,0.00000,0.00000,0.00000,0.00000,0.00000
34,0.25000,0.00000,0.00000,0.00000,0.00000,0.00000,0.00000,0.00000,0.00000,0.00000,0.00000,0.00000,0.00000,0.00000
35,0.00000,0.00000,0.33333,0.33333,0.00000,0.00000,0.00000,0.33333,0.00000,0.00000,0.00000,0.00000,0.00000,0.00000
36,0.00000,0.00000,0.00000,0.00000,0.00000,0.00000,0.00000,0.00000,0.00000,0.00000,0.00000,0.00000,0.00000,0.00000
37,0.00000,0.00000,0.00000,0.50000,0.00000,0.00000,0.00000,0.00000,0.00000,0.00000,0.00000,0.00000,0.00000,0.00000
38,0.00000,0.09091,0.00000,0.00000,0.00000,0.18182,0.00000,0.00000,0.00000,0.18182,0.00000,0.00000,0.00000,0.00000
39,0.00000,0.00000,0.50000,0.00000,0.00000,0.00000,0.00000,0.00000,0.00000,0.00000,0.00000,0.00000,0.00000,0.00000
40,0.04348,0.00000,0.00000,0.00000,0.00000,0.00000,0.00000,0.00000,0.00000,0.00000,0.00000,0.00000,0.00000,0.00000
41,0.00000,0.00000,0.00000,0.00000,0.00000,0.00000,0.00000,0.00000,0.00000,0.00000,0.14286,0.00000,0.00000,0.00000
42,0.50000,0.00000,0.00000,0.25000,0.00000,0.00000,0.00000,0.00000,0.00000,0.00000,0.00000,0.00000,0.00000,0.00000
43,0.28571,0.00000,0.00000,0.00000,0.00000,0.00000,0.28571,0.00000,0.00000,0.00000,0.00000,0.00000,0.00000,0.00000
44,0.20000,0.00000,0.00000,0.00000,0.00000,0.00000,0.00000,0.00000,0.00000,0.20000,0.00000,0.00000,0.00000,0.00000
45,0.27273,0.00000,0.00000,0.09091,0.00000,0.00000,0.00000,0.00000,0.00000,0.00000,0.00000,0.00000,0.00000,0.00000
46,0.33333,0.41667,0.00000,0.00000,0.00000,0.00000,0.00000,0.00000,0.00000,0.00000,0.00000,0.00000,0.00000,0.00000
47,0.18182,0.00000,0.00000,0.00000,0.00000,0.00000,0.00000,0.00000,0.00000,0.00000,0.00000,0.00000,0.00000,0.00000
48,0.57143,0.00000,0.00000,0.00000,0.00000,0.00000,0.00000,0.00000,0.00000,0.00000,0.00000,0.00000,0.00000,0.00000
49,0.00000,0.00000,0.00000,0.25000,0.00000,0.00000,0.00000,0.00000,0.00000,0.00000,0.00000,0.00000,0.00000,0.00000
50,0.00000,0.00000,0.50000,0.00000,0.00000,0.00000,0.00000,0.00000,0.00000,0.00000,0.00000,0.00000,0.00000,0.00000
51,0.00000,0.12500,0.12500,0.00000,0.00000,0.00000,0.00000,0.00000,0.00000,0.00000,0.00000,0.00000,0.00000,0.00000
52,0.33333,0.00000,0.00000,0.00000,0.00000,0.00000,0.00000,0.00000,0.00000,0.00000,0.00000,0.00000,0.00000,0.00000
53,0.00000,0.20000,0.00000,0.10000,0.00000,0.00000,0.10000,0.00000,0.00000,0.00000,0.00000,0.00000,0.00000,0.00000
54,0.00000,0.00000,0.00000,0.00000,0.00000,0.00000,0.00000,0.14286,0.00000,0.00000,0.00000,0.00000,0.00000,0.28571
55,0.00000,0.00000,0.00000,0.00000,0.00000,0.00000,0.00000,0.00000,0.00000,0.00000,0.25000,0.50000,0.00000,0.00000
56,0.00000,0.25000,0.00000,0.00000,0.00000,0.00000,0.00000,0.25000,0.00000,0.00000,0.00000,0.00000,0.00000,0.00000
57,0.00000,0.00000,0.00000,0.00000,0.00000,0.00000,0.00000,0.25000,0.00000,0.00000,0.00000,0.00000,0.00000,0.25000
58,0.00000,0.00000,0.00000,0.00000,0.00000,0.00000,0.00000,0.00000,0.00000,0.00000,0.00000,0.00000,0.00000,0.00000
59,0.00000,0.00000,0.00000,0.00000,0.00000,0.37500,0.00000,0.00000,0.00000,0.00000,0.00000,0.00000,0.00000,0.00000
60,0.31111,0.00000,0.00000,0.02222,0.00000,0.00000,0.11111,0.00000,0.00000,0.00000,0.00000,0.00000,0.00000,0.00000
61,0.00000,0.00000,0.00000,0.00000,1.00000,0.00000,0.00000,0.00000,0.00000,0.00000,0.00000,0.00000,0.00000,0.00000
62,0.00000,0.00000,0.00000,0.00000,0.00000,0.00000,0.00000,0.00000,0.00000,0.00000,0.00000,0.00000,0.00000,0.00000
63,0.00000,0.00000,0.00000,0.00000,0.00000,0.00000,0.00000,0.00000,0.00000,0.00000,0.00000,0.00000,0.00000,0.00000
64,0.00000,0.00000,0.00000,0.00000,0.00000,0.00000,0.00000,0.00000,0.00000,0.00000,0.00000,0.00000,0.00000,0.00000
65,0.00000,0.00000,0.00000,0.00000,0.00000,0.00000,0.11111,0.00000,0.00000,0.00000,0.00000,0.00000,0.33333,0.00000
66,0.09091,0.00000,0.00000,0.00000,0.00000,0.00000,0.09091,0.00000,0.00000,0.00000,0.09091,0.00000,0.00000,0.00000
67,0.37500,0.00000,0.00000,0.12500,0.00000,0.00000,0.00000,0.00000,0.00000,0.00000,0.00000,0.00000,0.00000,0.06250
68,0.00000,0.00000,0.00000,0.22222,0.00000,0.00000,0.00000,0.00000,0.00000,0.00000,0.00000,0.00000,0.00000,0.00000
69,0.20000,0.00000,0.00000,0.00000,0.00000,0.20000,0.00000,0.00000,0.00000,0.00000,0.00000,0.00000,0.00000,0.00000
70,0.00000,0.25000,0.00000,0.00000,0.00000,0.00000,0.00000,0.00000,0.00000,0.00000,0.00000,0.00000,0.00000,0.00000
71,0.42857,0.00000,0.00000,0.00000,0.00000,0.00000,0.00000,0.00000,0.00000,0.00000,0.00000,0.00000,0.00000,0.00000
72,0.00000,0.37500,0.12500,0.00000,0.00000,0.00000,0.00000,0.00000,0.00000,0.00000,0.00000,0.00000,0.00000,0.00000
73,0.23077,0.00000,0.00000,0.07692,0.00000,0.00000,0.15385,0.00000,0.00000,0.00000,0.00000,0.00000,0.00000,0.00000
74,0.00000,0.00000,0.00000,0.00000,0.05882,0.00000,0.00000,0.00000,0.00000,0.00000,0.00000,0.00000,0.00000,0.00000
75,0.40000,0.00000,0.00000,0.00000,0.00000,0.00000,0.00000,0.00000,0.00000,0.00000,0.00000,0.00000,0.00000,0.00000
76,0.00000,0.00000,0.15385,0.00000,0.00000,0.00000,0.00000,0.00000,0.00000,0.00000,0.00000,0.00000,0.15385,0.00000
77,0.00000,0.00000,0.00000,0.09091,0.00000,0.00000,0.00000,0.18182,0.00000,0.18182,0.00000,0.00000,0.00000,0.00000
78,0.00000,0.00000,0.07692,0.00000,0.00000,0.00000,0.00000,0.00000,0.00000,0.00000,0.00000,0.00000,0.00000,0.00000
79,0.50000,0.00000,0.00000,0.25000,0.00000,0.00000,0.00000,0.00000,0.00000,0.00000,0.00000,0.00000,0.00000,0.00000
80,0.07143,0.07143,0.07143,0.00000,0.28571,0.00000,0.00000,0.00000,0.00000,0.00000,0.00000,0.00000,0.00000,0.00000
81,0.10000,0.00000,0.05000,0.20000,0.20000,0.00000,0.00000,0.00000,0.05000,0.00000,0.00000,0.00000,0.00000,0.00000
82,0.00000,0.20000,0.13333,0.00000,0.00000,0.00000,0.06667,0.00000,0.00000,0.00000,0.00000,0.00000,0.00000,0.00000
83,0.60000,0.00000,0.40000,0.00000,0.00000,0.00000,0.00000,0.00000,0.00000,0.00000,0.00000,0.00000,0.00000,0.00000
84,0.00000,0.00000,0.00000,0.00000,0.00000,0.00000,0.00000,0.00000,0.00000,0.00000,0.00000,0.00000,0.00000,0.00000
85,0.00000,0.09677,0.19355,0.00000,0.00000,0.00000,0.00000,0.00000,0.00000,0.00000,0.00000,0.00000,0.00000,0.00000
86,0.10000,0.00000,0.00000,0.00000,0.00000,0.00000,0.00000,0.00000,0.00000,0.00000,0.00000,0.00000,0.00000,0.00000
87,0.02326,0.06977,0.00000,0.00000,0.00000,0.00000,0.02326,0.00000,0.00000,0.00000,0.06977,0.00000,0.00000,0.00000
88,0.85714,0.00000,0.00000,0.00000,0.00000,0.00000,0.00000,0.00000,0.00000,0.00000,0.00000,0.00000,0.00000,0.00000
89,0.00000,0.00000,0.00000,0.00000,0.00000,0.00000,0.00000,0.25000,0.00000,0.00000,0.25000,0.00000,0.00000,0.00000
90,0.05882,0.00000,0.00000,0.00000,0.00000,0.00000,0.00000,0.00000,0.00000,0.00000,0.00000,0.00000,0.00000,0.00000
91,0.00000,0.00000,0.08333,0.00000,0.00000,0.00000,0.00000,0.00000,0.00000,0.00000,0.00000,0.00000,0.16667,0.00000
92,0.00000,0.00000,0.09091,0.00000,0.27273,0.00000,0.00000,0.00000,0.00000,0.00000,0.00000,0.00000,0.00000,0.00000
93,0.25000,0.00000,0.00000,0.00000,0.00000,0.00000,0.12500,0.00000,0.00000,0.00000,0.00000,0.00000,0.00000,0.00000
94,0.33333,0.00000,0.00000,0.00000,0.11111,0.00000,0.00000,0.00000,0.00000,0.00000,0.00000,0.00000,0.00000,0.00000
95,0.00000,0.07143,0.00000,0.00000,0.14286,0.00000,0.28571,0.00000,0.00000,0.00000,0.00000,0.00000,0.00000,0.00000
96,0.00000,0.00000,0.00000,0.00000,0.00000,0.00000,0.00000,0.00000,0.00000,0.00000,0.00000,0.33333,0.00000,0.00000
97,0.00000,0.00000,0.00000,0.00000,0.00000,0.33333,0.08333,0.00000,0.00000,0.08333,0.00000,0.00000,0.00000,0.00000
98,0.22222,0.22222,0.00000,0.00000,0.00000,0.00000,0.00000,0.00000,0.00000,0.00000,0.00000,0.00000,0.00000,0.00000
99,0.00000,0.00000,0.00000,0.00000,0.00000,0.42857,0.28571,0.00000,0.00000,0.00000,0.00000,0.00000,0.00000,0.00000
100,0.00000,0.00000,0.00000,0.12500,0.00000,0.00000,0.00000,0.00000,0.00000,0.00000,0.00000,0.00000,0.00000,0.00000
101,0.00000,0.00000,0.00000,0.00000,0.00000,0.00000,0.00000,0.00000,0.00000,0.00000,0.00000,0.00000,0.00000,0.00000
102,0.00000,0.00000,0.00000,0.00000,0.00000,0.00000,0.00000,0.00000,0.00000,0.00000,0.00000,0.00000,0.00000,0.00000
103,0.00000,0.00000,0.00000,0.16667,0.00000,0.00000,0.08333,0.08333,0.00000,0.00000,0.00000,0.00000,0.00000,0.00000
104,0.00000,1.00000,0.00000,0.00000,0.00000,0.00000,0.00000,0.00000,0.00000,0.00000,0.00000,0.00000,0.00000,0.00000
105,0.00000,0.00000,0.00000,0.00000,0.00000,0.00000,0.00000,0.00000,0.00000,0.00000,0.00000,0.00000,0.00000,0.00000
106,0.00000,0.00000,0.00000,0.00000,0.16667,0.00000,0.00000,0.00000,0.00000,0.00000,0.00000,0.00000,0.00000,0.00000
107,0.00000,0.00000,0.71429,0.00000,0.00000,0.00000,0.00000,0.00000,0.00000,0.00000,0.00000,0.00000,0.00000,0.00000
108,0.00000,0.00000,0.00000,0.00000,0.00000,0.00000,0.31250,0.00000,0.00000,0.06250,0.00000,0.06250,0.00000,0.00000
109,0.00000,0.15789,0.00000,0.10526,0.00000,0.00000,0.05263,0.00000,0.00000,0.00000,0.00000,0.00000,0.10526,0.00000
110,0.00000,0.00000,0.07143,0.00000,0.00000,0.07143,0.00000,0.00000,0.00000,0.00000,0.00000,0.07143,0.00000,0.00000
111,0.07692,0.07692,0.07692,0.07692,0.00000,0.15385,0.00000,0.00000,0.00000,0.07692,0.00000,0.07692,0.00000,0.00000
112,0.33333,0.00000,0.00000,0.16667,0.00000,0.00000,0.00000,0.00000,0.00000,0.00000,0.00000,0.00000,0.00000,0.00000
113,0.46667,0.00000,0.00000,0.00000,0.00000,0.00000,0.00000,0.00000,0.00000,0.00000,0.00000,0.00000,0.13333,0.00000
114,0.00000,0.33333,0.00000,0.16667,0.16667,0.00000,0.00000,0.00000,0.00000,0.00000,0.00000,0.00000,0.00000,0.00000
115,0.35714,0.14286,0.00000,0.00000,0.00000,0.00000,0.00000,0.00000,0.00000,0.00000,0.07143,0.00000,0.00000,0.00000
116,0.26087,0.00000,0.00000,0.00000,0.00000,0.00000,0.04348,0.04348,0.00000,0.00000,0.00000,0.00000,0.00000,0.00000
117,0.09091,0.00000,0.00000,0.00000,0.00000,0.00000,0.00000,0.00000,0.00000,0.00000,0.00000,0.00000,0.00000,0.00000
118,0.00000,0.00000,0.00000,0.00000,0.00000,0.00000,0.00000,0.00000,0.00000,0.00000,0.00000,0.00000,0.00000,0.00000
119,0.00000,0.00000,0.00000,0.00000,0.00000,0.00000,0.12500,0.00000,0.00000,0.00000,0.00000,0.00000,0.00000,0.00000
120,0.26316,0.10526,0.00000,0.00000,0.10526,0.00000,0.00000,0.00000,0.00000,0.00000,0.00000,0.00000,0.00000,0.00000
121,0.16667,0.08333,0.00000,0.00000,0.00000,0.00000,0.25000,0.00000,0.00000,0.00000,0.00000,0.00000,0.00000,0.00000
122,0.00000,0.33333,0.00000,0.00000,0.00000,0.00000,0.00000,0.00000,0.00000,0.00000,0.00000,0.00000,0.00000,0.00000
123,0.33333,0.00000,0.00000,0.00000,0.00000,0.00000,0.22222,0.00000,0.00000,0.00000,0.00000,0.00000,0.00000,0.00000
124,0.14286,0.00000,0.00000,0.00000,0.00000,0.00000,0.00000,0.00000,0.00000,0.00000,0.00000,0.00000,0.00000,0.14286
125,0.00000,0.00000,0.00000,0.00000,0.00000,0.00000,0.00000,0.00000,0.00000,0.00000,0.00000,0.00000,0.00000,0.00000
126,0.00000,0.00000,0.00000,0.00000,0.33333,0.00000,0.00000,0.00000,0.00000,0.33333,0.00000,0.00000,0.00000,0.00000
127,0.25000,0.00000,0.00000,0.08333,0.00000,0.00000,0.00000,0.00000,0.00000,0.00000,0.00000,0.00000,0.00000,0.00000
128,0.00000,0.00000,0.00000,0.00000,0.00000,0.00000,0.00000,0.00000,0.00000,0.00000,0.00000,0.00000,0.00000,0.00000
129,0.00000,0.00000,0.00000,0.00000,0.00000,0.00000,0.00000,0.00000,0.00000,0.00000,0.00000,0.00000,0.00000,0.00000
130,0.00000,0.00000,0.00000,0.00000,0.00000,0.22222,0.00000,0.00000,0.00000,0.00000,0.00000,0.00000,0.00000,0.00000
131,0.00000,0.00000,0.00000,0.11111,0.00000,0.00000,0.44444,0.00000,0.00000,0.00000,0.00000,0.00000,0.00000,0.00000
132,0.38462,0.00000,0.00000,0.00000,0.00000,0.00000,0.07692,0.00000,0.00000,0.00000,0.00000,0.00000,0.00000,0.00000
133,0.80000,0.00000,0.00000,0.00000,0.00000,0.00000,0.00000,0.00000,0.00000,0.00000,0.00000,0.00000,0.00000,0.00000
134,0.00000,0.00000,0.00000,0.00000,0.00000,0.00000,0.00000,0.00000,0.00000,0.00000,0.00000,0.00000,0.00000,0.00000
135,0.00000,0.00000,0.00000,0.00000,0.00000,0.00000,0.00000,0.00000,0.00000,0.00000,0.00000,0.00000,0.00000,0.00000
136,0.00000,0.44444,0.00000,0.00000,0.00000,0.00000,0.00000,0.00000,0.00000,0.00000,0.00000,0.00000,0.00000,0.00000
137,0.00000,0.00000,0.00000,0.00000,0.00000,0.00000,0.00000,0.00000,0.00000,0.00000,0.00000,0.00000,0.14286,0.00000
138,0.00000,0.06667,0.00000,0.00000,0.00000,0.00000,0.00000,0.00000,0.00000,0.00000,0.00000,0.00000,0.00000,0.13333
139,0.14286,0.00000,0.00000,0.00000,0.00000,0.00000,0.00000,0.00000,0.00000,0.00000,0.00000,0.00000,0.00000,0.00000
140,0.00000,0.00000,0.00000,0.00000,0.00000,0.00000,0.00000,0.00000,0.00000,0.00000,0.00000,0.00000,0.00000,0.00000
141,0.00000,0.00000,0.00000,0.00000,0.42857,0.14286,0.00000,0.00000,0.00000,0.00000,0.14286,0.00000,0.00000,0.00000
142,0.00000,0.00000,0.00000,0.11111,0.00000,0.00000,0.00000,0.00000,0.00000,0.00000,0.00000,0.00000,0.00000,0.00000
143,0.06452,0.00000,0.00000,0.03226,0.00000,0.00000,0.00000,0.00000,0.00000,0.03226,0.03226,0.00000,0.00000,0.00000
144,0.00000,0.05714,0.00000,0.02857,0.05714,0.00000,0.11429,0.00000,0.00000,0.00000,0.02857,0.00000,0.00000,0.00000
145,0.00000,0.00000,0.00000,0.10526,0.00000,0.00000,0.10526,0.00000,0.00000,0.00000,0.05263,0.00000,0.00000,0.00000
146,0.00000,0.03704,0.00000,0.11111,0.07407,0.00000,0.00000,0.00000,0.00000,0.00000,0.00000,0.00000,0.00000,0.00000
147,0.00000,0.00000,0.20000,0.00000,0.00000,0.00000,0.00000,0.00000,0.00000,0.00000,0.00000,0.00000,0.00000,0.00000
148,0.00000,0.00000,0.00000,0.66667,0.00000,0.00000,0.00000,0.00000,0.00000,0.00000,0.00000,0.00000,0.00000,0.00000
149,1.00000,0.00000,0.00000,0.00000,0.00000,0.00000,0.00000,0.00000,0.00000,0.00000,0.00000,0.00000,0.00000,0.00000
150,0.00000,0.00000,0.00000,0.00000,0.00000,0.00000,0.00000,0.00000,0.00000,0.00000,0.00000,0.00000,0.00000,0.00000
151,0.00000,0.00000,0.00000,0.00000,0.00000,0.00000,0.00000,0.00000,0.00000,0.00000,0.00000,0.00000,0.00000,0.00000
152,0.37500,0.00000,0.00000,0.00000,0.12500,0.00000,0.00000,0.00000,0.00000,0.00000,0.00000,0.00000,0.00000,0.00000
153,0.55556,0.00000,0.00000,0.11111,0.00000,0.00000,0.00000,0.00000,0.00000,0.00000,0.00000,0.00000,0.00000,0.00000
154,0.00000,0.00000,0.00000,0.00000,0.00000,0.00000,0.00000,0.00000,0.00000,0.00000,0.00000,0.00000,0.00000,0.00000
155,0.00000,0.00000,0.00000,0.28571,0.00000,0.00000,0.00000,0.00000,0.00000,0.00000,0.00000,0.00000,0.00000,0.00000
156,0.00000,0.00000,0.00000,0.00000,0.00000,0.25000,0.25000,0.00000,0.00000,0.00000,0.00000,0.00000,0.00000,0.00000
157,0.13043,0.00000,0.00000,0.00000,0.08696,0.08696,0.00000,0.00000,0.00000,0.08696,0.00000,0.00000,0.00000,0.00000
158,0.00000,0.06061,0.00000,0.00000,0.00000,0.06061,0.03030,0.00000,0.00000,0.06061,0.00000,0.00000,0.00000,0.00000
159,0.16000,0.16000,0.00000,0.00000,0.00000,0.00000,0.12000,0.00000,0.00000,0.00000,0.00000,0.00000,0.00000,0.00000
160,0.00000,0.00000,0.00000,0.00000,0.00000,0.00000,0.00000,0.00000,0.00000,0.00000,0.00000,0.00000,0.00000,0.00000
161,0.37500,0.00000,0.00000,0.00000,0.00000,0.00000,0.00000,0.00000,0.00000,0.00000,0.00000,0.00000,0.00000,0.00000
162,0.25000,0.00000,0.00000,0.50000,0.00000,0.00000,0.00000,0.00000,0.00000,0.00000,0.00000,0.00000,0.00000,0.00000
163,0.18182,0.00000,0.00000,0.00000,0.00000,0.00000,0.09091,0.18182,0.00000,0.00000,0.00000,0.00000,0.00000,0.00000
164,0.00000,0.00000,0.00000,0.00000,0.00000,0.00000,0.00000,0.00000,0.00000,0.00000,0.00000,0.00000,0.00000,0.00000
165,0.40000,0.00000,0.00000,0.20000,0.00000,0.00000,0.00000,0.00000,0.00000,0.00000,0.00000,0.00000,0.00000,0.00000
166,0.12500,0.06250,0.00000,0.00000,0.00000,0.00000,0.25000,0.00000,0.00000,0.00000,0.00000,0.00000,0.00000,0.00000
167,0.00000,0.00000,0.00000,0.00000,0.00000,0.00000,0.00000,0.00000,0.00000,0.00000,0.00000,0.00000,0.00000,0.00000
168,0.00000,0.00000,0.00000,0.00000,0.00000,0.00000,0.00000,0.00000,0.00000,0.00000,0.00000,0.00000,0.00000,0.00000
169,0.00000,0.50000,0.00000,0.00000,0.00000,0.00000,0.00000,0.00000,0.00000,0.00000,0.00000,0.00000,0.00000,0.00000
170,0.00000,0.00000,0.00000,0.00000,0.00000,0.00000,1.00000,0.00000,0.00000,0.00000,0.00000,0.00000,0.00000,0.00000
171,0.40000,0.00000,0.00000,0.00000,0.00000,0.00000,0.00000,0.00000,0.00000,0.00000,0.00000,0.60000,0.00000,0.00000
172,0.12500,0.00000,0.00000,0.00000,0.00000,0.12500,0.00000,0.00000,0.00000,0.00000,0.25000,0.00000,0.00000,0.00000
173,0.00000,0.00000,0.00000,0.00000,0.00000,0.00000,0.18182,0.00000,0.00000,0.00000,0.00000,0.00000,0.27273,0.00000
174,0.00000,0.00000,0.00000,0.00000,0.00000,0.00000,0.00000,0.00000,0.00000,0.00000,0.00000,0.00000,0.00000,0.00000
175,0.00000,0.00000,0.00000,0.00000,0.00000,0.00000,0.00000,0.00000,0.00000,0.00000,0.00000,0.00000,0.00000,0.00000
176,0.16667,0.00000,0.00000,0.00000,0.16667,0.00000,0.00000,0.00000,0.00000,0.00000,0.00000,0.00000,0.00000,0.00000
177,0.25000,0.00000,0.00000,0.25000,0.25000,0.00000,0.00000,0.00000,0.00000,0.00000,0.00000,0.00000,0.00000,0.00000
178,0.00000,0.21053,0.05263,0.00000,0.00000,0.00000,0.05263,0.00000,0.00000,0.00000,0.05263,0.00000,0.00000,0.00000
179,0.00000,0.00000,0.00000,0.10000,0.00000,0.00000,0.03333,0.00000,0.00000,0.00000,0.00000,0.00000,0.00000,0.00000
180,0.00000,0.00000,0.00000,0.00000,0.30000,0.20000,0.00000,0.00000,0.00000,0.00000,0.00000,0.00000,0.00000,0.00000
181,0.31579,0.05263,0.00000,0.00000,0.05263,0.00000,0.00000,0.00000,0.00000,0.00000,0.00000,0.00000,0.00000,0.00000
182,0.20000,0.20000,0.00000,0.00000,0.00000,0.50000,0.10000,0.00000,0.00000,0.00000,0.00000,0.00000,0.00000,0.00000
183,0.26316,0.21053,0.00000,0.00000,0.00000,0.00000,0.00000,0.00000,0.00000,0.00000,0.00000,0.00000,0.00000,0.00000
184,0.04545,0.04545,0.00000,0.00000,0.00000,0.00000,0.00000,0.00000,0.00000,0.00000,0.00000,0.00000,0.00000,0.00000
185,0.00000,0.00000,0.00000,0.04167,0.08333,0.00000,0.00000,0.00000,0.00000,0.00000,0.00000,0.00000,0.00000,0.00000
186,0.00000,0.00000,0.01961,0.00000,0.00000,0.00000,0.01961,0.00000,0.00000,0.15686,0.00000,0.00000,0.00000,0.00000
187,0.20000,0.12500,0.00000,0.00000,0.05000,0.00000,0.00000,0.00000,0.00000,0.00000,0.00000,0.00000,0.00000,0.00000
188,0.42857,0.00000,0.00000,0.00000,0.00000,0.00000,0.00000,0.00000,0.00000,0.00000,0.00000,0.00000,0.00000,0.00000
189,0.02703,0.02703,0.00000,0.00000,0.05405,0.00000,0.00000,0.00000,0.54054,0.00000,0.00000,0.00000,0.00000,0.00000
190,0.00000,0.00000,0.00000,0.00000,0.00000,0.18182,0.00000,0.00000,0.63636,0.00000,0.00000,0.00000,0.00000,0.00000
191,0.00000,0.00000,0.00000,0.00000,0.00000,0.00000,0.00000,0.00000,0.00000,0.00000,0.00000,0.00000,0.00000,0.00000
192,0.27273,0.00000,0.00000,0.00000,0.00000,0.00000,0.09091,0.00000,0.00000,0.27273,0.00000,0.00000,0.00000,0.00000
193,0.09756,0.00000,0.00000,0.00000,0.00000,0.00000,0.00000,0.00000,0.00000,0.14634,0.02439,0.00000,0.00000,0.00000
194,0.00000,0.00000,0.00000,0.00000,0.00000,0.00000,0.00000,0.00000,0.00000,0.00000,0.12500,0.00000,0.00000,0.00000
195,0.36364,0.18182,0.00000,0.00000,0.00000,0.00000,0.00000,0.00000,0.00000,0.00000,0.00000,0.00000,0.00000,0.00000
196,0.33333,0.00000,0.00000,0.00000,0.00000,0.00000,0.22222,0.00000,0.22222,0.00000,0.00000,0.00000,0.00000,0.00000
197,0.21429,0.00000,0.00000,0.00000,0.00000,0.00000,0.00000,0.00000,0.00000,0.00000,0.00000,0.00000,0.21429,0.00000
198,0.00000,0.00000,0.00000,0.00000,0.00000,0.00000,0.00000,0.00000,0.00000,0.00000,0.00000,0.00000,0.00000,0.00000
199,0.06250,0.00000,0.00000,0.06250,0.18750,0.00000,0.00000,0.06250,0.00000,0.00000,0.06250,0.00000,0.00000,0.00000
200,0.13333,0.06667,0.00000,0.20000,0.00000,0.00000,0.00000,0.00000,0.00000,0.00000,0.00000,0.00000,0.00000,0.00000
201,0.00000,0.00000,0.00000,0.00000,0.00000,0.00000,0.00000,0.00000,0.00000,0.00000,0.05000,0.00000,0.00000,0.00000
202,0.00000,0.00000,0.00000,0.09091,0.09091,0.00000,0.00000,0.00000,0.00000,0.00000,0.00000,0.00000,0.00000,0.00000
203,0.06667,0.00000,0.00000,0.00000,0.00000,0.00000,0.06667,0.00000,0.00000,0.00000,0.00000,0.00000,0.00000,0.00000
204,0.20000,0.13333,0.00000,0.00000,0.00000,0.00000,0.00000,0.00000,0.00000,0.00000,0.00000,0.00000,0.00000,0.00000
205,0.07143,0.00000,0.00000,0.07143,0.14286,0.00000,0.21429,0.00000,0.00000,0.00000,0.07143,0.00000,0.00000,0.00000
206,0.11765,0.00000,0.00000,0.00000,0.00000,0.00000,0.00000,0.00000,0.00000,0.05882,0.00000,0.00000,0.00000,0.00000
207,0.00000,0.00000,0.00000,0.00000,0.28571,0.28571,0.07143,0.00000,0.00000,0.00000,0.07143,0.00000,0.00000,0.00000
208,0.00000,0.00000,0.00000,0.11111,0.33333,0.00000,0.00000,0.00000,0.00000,0.00000,0.00000,0.00000,0.00000,0.00000
209,0.33333,0.00000,0.00000,0.00000,0.00000,0.00000,0.00000,0.00000,0.00000,0.00000,0.00000,0.00000,0.00000,0.00000
210,0.00000,0.00000,0.00000,0.00000,0.00000,0.00000,0.00000,0.00000,0.00000,0.00000,0.00000,0.00000,0.00000,0.00000
211,0.00000,0.00000,0.00000,0.00000,0.00000,0.00000,0.00000,0.00000,0.00000,0.00000,0.00000,0.00000,0.00000,0.00000
212,0.00000,0.00000,0.00000,0.00000,0.00000,0.00000,0.00000,0.00000,0.00000,0.00000,0.00000,0.00000,0.00000,0.00000
213,0.00000,0.00000,0.00000,0.00000,0.00000,0.00000,0.00000,0.00000,0.00000,0.00000,0.00000,0.00000,0.00000,0.00000
214,0.00000,0.00000,0.00000,0.00000,0.16667,0.00000,0.00000,0.00000,0.00000,0.00000,0.00000,0.00000,0.00000,0.00000
215,0.00000,0.00000,0.00000,0.00000,0.00000,0.00000,0.20000,0.00000,0.00000,0.00000,0.00000,0.00000,0.00000,0.00000
216,0.00000,0.33333,0.00000,0.00000,0.00000,0.00000,0.00000,0.00000,0.00000,0.00000,0.00000,0.33333,0.00000,0.00000
217,0.00000,0.00000,0.00000,0.00000,0.00000,0.00000,0.00000,0.00000,0.00000,0.00000,0.50000,0.00000,0.00000,0.00000
218,0.00000,0.00000,0.00000,0.20000,0.00000,0.00000,0.00000,0.00000,0.00000,0.00000,0.00000,0.00000,0.00000,0.00000
219,0.00000,0.00000,0.00000,0.00000,0.60000,0.00000,0.00000,0.00000,0.00000,0.00000,0.00000,0.00000,0.00000,0.00000
220,0.00000,0.00000,0.00000,0.00000,0.12500,0.00000,0.00000,0.00000,0.00000,0.00000,0.00000,0.00000,0.00000,0.00000
221,0.00000,0.00000,0.00000,0.20000,0.00000,0.00000,0.00000,0.00000,0.00000,0.00000,0.00000,0.00000,0.00000,0.00000
222,0.00000,0.00000,0.00000,0.00000,0.18182,0.00000,0.00000,0.00000,0.00000,0.00000,0.00000,0.00000,0.00000,0.00000
223,0.50000,0.00000,0.00000,0.00000,0.00000,0.00000,0.00000,0.00000,0.00000,0.00000,0.00000,0.00000,0.00000,0.00000
224,0.00000,0.00000,0.00000,0.40000,0.00000,0.00000,0.00000,0.00000,0.00000,0.00000,0.00000,0.00000,0.00000,0.00000
225,0.25000,0.00000,0.00000,0.00000,0.00000,0.00000,0.00000,0.00000,0.00000,0.00000,0.00000,0.00000,0.00000,0.00000
226,0.07692,0.23077,0.00000,0.07692,0.00000,0.00000,0.00000,0.00000,0.00000,0.00000,0.00000,0.00000,0.00000,0.07692
227,0.00000,0.00000,0.00000,0.33333,0.00000,0.00000,0.00000,0.00000,0.00000,0.00000,0.33333,0.00000,0.00000,0.00000
228,0.00000,0.00000,0.00000,0.00000,0.00000,0.00000,0.00000,0.00000,0.00000,0.00000,0.00000,0.00000,0.00000,0.00000
229,0.00000,0.00000,0.00000,0.00000,0.00000,0.00000,0.00000,0.00000,0.00000,0.00000,0.00000,0.00000,0.00000,0.00000
230,0.00000,0.00000,0.00000,0.00000,0.00000,0.00000,0.00000,0.00000,0.00000,0.00000,0.00000,0.00000,0.00000,0.00000
231,0.00000,0.00000,0.00000,0.00000,0.00000,0.00000,0.00000,0.00000,0.00000,0.00000,0.00000,0.00000,0.00000,0.00000
232,0.00000,0.00000,0.00000,0.00000,0.00000,0.00000,0.00000,0.00000,0.00000,0.00000,0.00000,0.00000,0.00000,0.00000
233,0.11111,0.05556,0.00000,0.00000,0.00000,0.00000,0.00000,0.00000,0.00000,0.00000,0.00000,0.00000,0.00000,0.00000
234,0.06452,0.00000,0.00000,0.03226,0.00000,0.16129,0.00000,0.00000,0.00000,0.00000,0.00000,0.00000,0.00000,0.00000
235,0.00000,0.00000,0.00000,0.00000,0.00000,0.04348,0.00000,0.00000,0.00000,0.00000,0.00000,0.00000,0.00000,0.04348
236,0.00000,0.11111,0.00000,0.00000,0.00000,0.00000,0.00000,0.00000,0.00000,0.00000,0.00000,0.00000,0.00000,0.00000
237,0.00000,0.25000,0.00000,0.00000,0.00000,0.00000,0.00000,0.00000,0.00000,0.00000,0.00000,0.00000,0.00000,0.00000
238,0.00000,0.00000,0.00000,0.33333,0.00000,0.00000,0.00000,0.00000,0.00000,0.00000,0.00000,0.00000,0.00000,0.00000
239,0.16667,0.00000,0.00000,0.08333,0.00000,0.00000,0.00000,0.16667,0.00000,0.00000,0.00000,0.00000,0.00000,0.00000
240,0.00000,0.00000,0.00000,0.08696,0.13043,0.08696,0.00000,0.00000,0.00000,0.00000,0.08696,0.00000,0.00000,0.00000
241,0.07895,0.05263,0.00000,0.00000,0.10526,0.00000,0.15789,0.00000,0.00000,0.00000,0.00000,0.00000,0.00000,0.00000
242,0.08333,0.00000,0.05556,0.00000,0.02778,0.00000,0.00000,0.00000,0.00000,0.00000,0.02778,0.00000,0.00000,0.00000
243,0.00000,0.00000,0.00000,0.07143,0.00000,0.00000,0.00000,0.00000,0.00000,0.07143,0.07143,0.00000,0.00000,0.00000
244,0.00000,0.16667,0.00000,0.00000,0.16667,0.00000,0.00000,0.08333,0.00000,0.08333,0.00000,0.00000,0.00000,0.00000
245,0.20000,0.00000,0.40000,0.00000,0.00000,0.00000,0.00000,0.00000,0.00000,0.00000,0.00000,0.00000,0.00000,0.00000
246,0.07143,0.07143,0.00000,0.00000,0.14286,0.00000,0.07143,0.00000,0.00000,0.00000,0.00000,0.28571,0.00000,0.00000
247,0.22222,0.16667,0.05556,0.11111,0.00000,0.05556,0.00000,0.00000,0.00000,0.00000,0.16667,0.00000,0.00000,0.05556
248,0.00000,0.00000,0.00000,0.00000,0.00000,0.15385,0.00000,0.00000,0.00000,0.00000,0.07692,0.00000,0.00000,0.00000
249,0.00000,0.00000,0.00000,0.00000,0.00000,0.20000,0.00000,0.00000,0.00000,0.00000,0.00000,0.00000,0.00000,0.00000
250,0.00000,0.00000,0.00000,0.00000,0.22222,0.00000,0.00000,0.00000,0.00000,0.00000,0.00000,0.00000,0.00000,0.00000
251,0.00000,0.00000,0.00000,0.00000,0.00000,0.00000,0.00000,0.00000,0.00000,0.00000,0.00000,0.00000,0.00000,0.00000
252,1.00000,0.00000,0.00000,0.00000,0.00000,0.00000,0.00000,0.00000,0.00000,0.00000,0.00000,0.00000,0.00000,0.00000
253,0.00000,0.00000,0.00000,0.00000,0.00000,0.00000,0.00000,0.00000,0.00000,0.00000,0.00000,0.00000,0.00000,0.00000
254,1.00000,0.00000,0.00000,0.00000,0.00000,0.00000,0.00000,0.00000,0.00000,0.00000,0.00000,0.00000,0.00000,0.00000
255,0.00000,0.00000,0.00000,0.00000,0.00000,0.00000,0.00000,0.00000,0.00000,0.00000,0.00000,0.00000,1.00000,0.00000
256,0.00000,0.00000,0.00000,0.00000,0.00000,0.00000,0.00000,0.00000,0.00000,0.00000,0.00000,0.00000,0.00000,0.00000
257,0.00000,0.00000,0.00000,0.00000,0.00000,0.00000,0.00000,0.00000,0.00000,0.00000,0.00000,0.00000,0.00000,0.00000
258,0.00000,0.00000,0.00000,0.00000,0.00000,0.00000,0.00000,0.00000,0.00000,0.00000,0.00000,0.00000,0.00000,0.00000
259,0.00000,0.00000,0.00000,0.00000,0.00000,0.00000,0.00000,0.00000,0.00000,0.00000,0.00000,0.00000,0.00000,0.00000
260,0.00000,0.00000,0.00000,0.00000,0.00000,0.00000,0.00000,0.00000,0.00000,0.00000,0.00000,0.00000,0.00000,0.00000
261,0.00000,0.00000,0.00000,0.00000,0.00000,0.00000,0.00000,0.00000,0.00000,0.00000,0.00000,0.00000,0.00000,0.00000
262,0.20000,0.00000,0.00000,0.00000,0.00000,0.00000,0.20000,0.00000,0.00000,0.00000,0.00000,0.00000,0.00000,0.00000
263,0.00000,0.25000,0.00000,0.00000,0.00000,0.25000,0.00000,0.00000,0.00000,0.00000,0.00000,0.00000,0.00000,0.00000
264,0.30000,0.00000,0.00000,0.00000,0.00000,0.00000,0.00000,0.00000,0.00000,0.00000,0.00000,0.00000,0.00000,0.00000
265,0.11111,0.22222,0.22222,0.00000,0.00000,0.00000,0.00000,0.00000,0.11111,0.00000,0.00000,0.00000,0.00000,0.00000
266,1.00000,0.00000,0.00000,0.00000,0.00000,0.00000,0.00000,0.00000,0.00000,0.00000,0.00000,0.00000,0.00000,0.00000
267,0.12500,0.25000,0.00000,0.00000,0.00000,0.00000,0.00000,0.12500,0.00000,0.00000,0.00000,0.00000,0.00000,0.00000
268,0.13333,0.00000,0.00000,0.00000,0.00000,0.00000,0.00000,0.00000,0.00000,0.00000,0.00000,0.00000,0.00000,0.00000
269,0.15789,0.00000,0.05263,0.05263,0.00000,0.05263,0.15789,0.00000,0.00000,0.00000,0.00000,0.00000,0.00000,0.00000
270,0.00000,0.17647,0.00000,0.00000,0.00000,0.11765,0.08824,0.00000,0.00000,0.00000,0.05882,0.00000,0.00000,0.00000
271,0.00000,0.00000,0.00000,0.00000,0.00000,0.50000,0.00000,0.00000,0.00000,0.00000,0.00000,0.00000,0.00000,0.00000
272,0.00000,0.00000,0.00000,0.00000,0.00000,0.00000,0.00000,0.00000,0.00000,0.00000,0.00000,0.00000,0.00000,0.00000
273,0.11111,0.00000,0.00000,0.00000,0.00000,0.00000,0.00000,0.22222,0.00000,0.00000,0.00000,0.00000,0.00000,0.00000
274,0.07576,0.00000,0.00000,0.00000,0.15152,0.00000,0.00000,0.00000,0.00000,0.00000,0.00000,0.00000,0.00000,0.00000
275,0.12963,0.00000,0.00000,0.00000,0.00000,0.09259,0.00000,0.00000,0.00000,0.00000,0.00000,0.00000,0.00000,0.00000
276,0.00000,0.00000,0.00000,0.11364,0.00000,0.00000,0.15909,0.00000,0.00000,0.00000,0.00000,0.00000,0.00000,0.00000
277,0.10526,0.05263,0.00000,0.00000,0.05263,0.05263,0.07895,0.00000,0.00000,0.00000,0.00000,0.00000,0.00000,0.00000
278,0.00000,0.16667,0.00000,0.11111,0.00000,0.00000,0.00000,0.11111,0.00000,0.00000,0.00000,0.00000,0.00000,0.00000
279,0.22222,0.33333,0.00000,0.00000,0.00000,0.00000,0.00000,0.00000,0.00000,0.00000,0.00000,0.00000,0.00000,0.00000
280,0.00000,0.00000,0.00000,0.13043,0.13043,0.00000,0.13043,0.00000,0.00000,0.00000,0.00000,0.00000,0.00000,0.00000
281,0.00000,0.00000,0.15789,0.15789,0.00000,0.00000,0.00000,0.15789,0.00000,0.00000,0.00000,0.00000,0.00000,0.00000
282,0.00000,0.00000,0.00000,0.00000,0.00000,0.00000,0.00000,0.00000,0.00000,0.00000,0.00000,0.00000,0.00000,0.00000
283,0.08571,0.05714,0.00000,0.00000,0.00000,0.00000,0.00000,0.00000,0.00000,0.17143,0.00000,0.00000,0.00000,0.00000
284,0.04167,0.04167,0.00000,0.04167,0.00000,0.08333,0.00000,0.12500,0.00000,0.00000,0.00000,0.00000,0.00000,0.08333
285,0.00000,0.08333,0.00000,0.04167,0.00000,0.00000,0.00000,0.04167,0.00000,0.00000,0.00000,0.00000,0.00000,0.00000
286,0.00000,0.00000,0.00000,0.00000,0.00000,0.00000,0.66667,0.00000,0.00000,0.00000,0.00000,0.00000,0.00000,0.00000
287,1.00000,0.00000,0.00000,0.00000,0.00000,0.00000,0.00000,0.00000,0.00000,0.00000,0.00000,0.00000,0.00000,0.00000
288,0.00000,0.00000,0.00000,0.00000,0.00000,0.00000,0.00000,0.00000,0.00000,0.00000,0.00000,1.00000,0.00000,0.00000
289,0.00000,0.00000,0.00000,0.00000,0.00000,0.44444,0.00000,0.00000,0.00000,0.00000,0.00000,0.00000,0.00000,0.00000
290,0.00000,0.00000,0.00000,0.33333,0.00000,0.00000,0.00000,0.00000,0.00000,0.00000,0.00000,0.00000,0.00000,0.00000
291,0.00000,0.25000,0.00000,0.00000,0.00000,0.00000,0.00000,0.00000,0.00000,0.00000,0.00000,0.00000,0.00000,0.00000
292,1.00000,0.00000,0.00000,0.00000,0.00000,0.00000,0.00000,0.00000,0.00000,0.00000,0.00000,0.00000,0.00000,0.00000
293,0.00000,0.00000,0.00000,0.00000,0.00000,0.00000,0.33333,0.00000,0.00000,0.00000,0.00000,0.00000,0.00000,0.00000
294,0.00000,0.00000,0.00000,0.00000,0.00000,0.00000,0.00000,0.00000,0.00000,0.00000,0.00000,0.00000,0.00000,0.00000
295,0.00000,0.00000,0.00000,0.00000,0.00000,0.00000,0.00000,0.00000,0.00000,0.00000,0.00000,0.00000,0.00000,0.00000
296,0.00000,0.00000,0.00000,0.00000,0.00000,0.00000,0.00000,0.00000,0.00000,0.00000,0.00000,0.00000,0.00000,0.00000
297,0.00000,0.00000,0.00000,0.00000,0.00000,0.00000,0.00000,0.00000,0.00000,0.00000,0.18182,0.00000,0.00000,0.00000
298,0.10000,0.05000,0.00000,0.05000,0.00000,0.20000,0.10000,0.00000,0.00000,0.00000,0.05000,0.10000,0.00000,0.00000
299,0.05882,0.00000,0.00000,0.00000,0.00000,0.00000,0.00000,0.00000,0.00000,0.00000,0.00000,0.00000,0.00000,0.00000
300,0.00000,0.00000,0.00000,0.00000,0.00000,0.00000,0.00000,0.00000,0.00000,0.00000,0.00000,0.00000,0.00000,0.00000
301,0.37500,0.00000,0.00000,0.00000,0.00000,0.00000,0.00000,0.00000,0.00000,0.00000,0.00000,0.00000,0.00000,0.00000
302,0.00000,0.00000,0.00000,0.00000,0.00000,0.00000,0.00000,0.00000,0.00000,0.00000,0.00000,0.00000,0.33333,0.00000
303,0.42857,0.00000,0.00000,0.19048,0.00000,0.00000,0.00000,0.04762,0.00000,0.00000,0.00000,0.00000,0.00000,0.00000
304,0.09091,0.00000,0.04545,0.18182,0.00000,0.00000,0.00000,0.00000,0.00000,0.00000,0.00000,0.00000,0.00000,0.00000
305,0.00000,0.05000,0.00000,0.00000,0.00000,0.15000,0.05000,0.02500,0.00000,0.02500,0.00000,0.00000,0.00000,0.00000
306,0.16129,0.00000,0.00000,0.06452,0.00000,0.03226,0.06452,0.00000,0.00000,0.00000,0.00000,0.00000,0.00000,0.00000
307,0.27586,0.17241,0.00000,0.00000,0.06897,0.00000,0.00000,0.00000,0.00000,0.00000,0.00000,0.00000,0.00000,0.00000
308,0.11111,0.00000,0.00000,0.00000,0.22222,0.00000,0.11111,0.00000,0.00000,0.00000,0.00000,0.00000,0.00000,0.00000
309,0.21429,0.14286,0.00000,0.00000,0.00000,0.00000,0.00000,0.00000,0.00000,0.00000,0.00000,0.00000,0.00000,0.00000
310,0.14286,0.00000,0.00000,0.00000,0.00000,0.00000,0.00000,0.14286,0.00000,0.00000,0.00000,0.00000,0.00000,0.00000
311,0.00000,0.66667,0.00000,0.00000,0.00000,0.16667,0.00000,0.00000,0.00000,0.00000,0.00000,0.00000,0.00000,0.00000
312,0.33333,0.66667,0.00000,0.00000,0.00000,0.00000,0.00000,0.00000,0.00000,0.00000,0.00000,0.00000,0.00000,0.00000
313,0.00000,0.00000,0.00000,0.00000,0.00000,0.00000,0.00000,0.00000,0.00000,0.00000,0.00000,0.00000,0.00000,0.00000
314,0.00000,0.00000,0.00000,0.00000,0.00000,0.00000,0.00000,0.00000,0.00000,0.00000,0.00000,0.00000,0.00000,0.00000
315,0.00000,0.00000,0.00000,0.00000,0.00000,0.00000,0.00000,0.00000,0.00000,0.00000,0.00000,0.00000,0.00000,0.00000
316,0.00000,0.00000,0.00000,0.00000,0.00000,0.00000,0.00000,1.00000,0.00000,0.00000,0.00000,0.00000,0.00000,0.00000
317,0.50000,0.00000,0.00000,0.00000,0.00000,0.00000,0.00000,0.00000,0.00000,0.00000,0.00000,0.00000,0.00000,0.00000
318,0.00000,0.00000,0.00000,0.00000,0.00000,0.00000,0.00000,0.00000,0.00000,0.00000,0.00000,0.00000,0.00000,0.00000
319,0.12500,0.00000,0.00000,0.00000,0.37500,0.00000,0.00000,0.00000,0.00000,0.00000,0.00000,0.00000,0.00000,0.00000
320,0.12500,0.00000,0.00000,0.00000,0.00000,0.00000,0.00000,0.00000,0.00000,0.00000,0.00000,0.00000,0.00000,0.00000
321,0.00000,0.00000,0.00000,0.00000,0.00000,0.00000,0.00000,0.00000,0.00000,0.00000,0.00000,0.00000,0.00000,0.00000
322,0.00000,0.40000,0.00000,0.00000,0.00000,0.00000,0.00000,0.00000,0.00000,0.00000,0.00000,0.00000,0.00000,0.00000
323,0.00000,0.33333,0.00000,0.00000,0.00000,0.00000,0.00000,0.00000,0.00000,0.00000,0.00000,0.00000,0.00000,0.00000
324,0.00000,0.00000,0.00000,0.00000,0.00000,0.00000,0.00000,0.00000,0.00000,0.00000,0.00000,0.00000,0.00000,0.00000
325,0.00000,0.00000,0.00000,0.00000,0.00000,0.00000,0.00000,0.00000,0.00000,0.00000,0.00000,0.00000,0.00000,0.00000
326,0.00000,0.00000,0.50000,0.00000,0.00000,0.00000,0.00000,0.00000,0.00000,0.00000,0.00000,0.00000,0.00000,0.00000
327,0.00000,0.00000,0.00000,0.00000,0.00000,0.00000,0.00000,0.00000,0.00000,0.33333,0.00000,0.00000,0.00000,0.00000
328,0.00000,1.00000,0.00000,0.00000,0.00000,0.00000,0.00000,0.00000,0.00000,0.00000,0.00000,0.00000,0.00000,0.00000
329,0.00000,0.00000,0.00000,0.00000,0.00000,0.00000,0.00000,0.00000,0.00000,0.00000,0.00000,0.00000,0.00000,0.00000
330,0.00000,1.00000,0.00000,0.00000,0.00000,0.00000,0.00000,0.00000,0.00000,0.00000,0.00000,0.00000,0.00000,0.00000
331,0.00000,0.00000,0.00000,0.00000,0.00000,0.00000,0.00000,0.00000,0.00000,0.00000,0.00000,0.00000,0.00000,0.00000
332,0.00000,0.00000,0.00000,0.00000,0.00000,0.00000,0.18182,0.00000,0.00000,0.00000,0.00000,0.00000,0.09091,0.00000
333,0.00000,0.00000,0.00000,0.00000,0.00000,0.00000,0.00000,0.00000,0.00000,0.00000,0.00000,0.00000,0.00000,0.00000
334,0.16667,0.00000,0.00000,0.00000,0.00000,0.00000,0.00000,0.00000,0.00000,0.00000,0.00000,0.00000,0.00000,0.00000
335,0.00000,0.00000,0.00000,0.00000,0.00000,0.00000,0.00000,0.00000,0.00000,0.00000,0.00000,0.00000,0.00000,0.00000
336,0.00000,0.00000,0.00000,0.00000,0.00000,0.00000,0.00000,0.00000,0.00000,0.00000,0.33333,0.00000,0.00000,0.00000
337,0.00000,0.00000,0.00000,0.00000,0.00000,0.66667,0.00000,0.00000,0.00000,0.00000,0.00000,0.00000,0.00000,0.00000
338,0.00000,0.00000,0.00000,0.00000,0.00000,0.00000,0.50000,0.00000,0.00000,0.50000,0.00000,0.00000,0.00000,0.00000
339,0.00000,0.00000,0.00000,0.00000,0.00000,0.00000,0.00000,0.00000,0.00000,0.00000,0.00000,0.00000,0.00000,0.00000
340,0.00000,0.00000,0.00000,0.00000,0.00000,0.00000,0.09091,0.00000,0.00000,0.00000,0.00000,0.00000,0.00000,0.00000
341,0.75000,0.00000,0.00000,0.00000,0.00000,0.00000,0.00000,0.00000,0.00000,0.00000,0.00000,0.00000,0.00000,0.00000
342,0.00000,0.00000,0.00000,0.00000,0.00000,0.00000,0.00000,0.00000,0.00000,0.00000,0.00000,0.00000,0.00000,0.00000
343,0.00000,0.00000,0.00000,0.00000,0.00000,0.00000,0.00000,0.00000,0.00000,0.00000,0.00000,0.00000,0.00000,0.00000
344,0.00000,0.00000,0.00000,0.00000,0.00000,1.00000,0.00000,0.00000,0.00000,0.00000,0.00000,0.00000,0.00000,0.00000
345,0.00000,0.00000,0.00000,0.00000,0.00000,0.00000,0.00000,0.00000,0.00000,0.00000,0.00000,0.00000,0.00000,0.00000
346,0.00000,0.00000,0.00000,0.00000,0.00000,0.00000,0.00000,0.00000,0.00000,0.00000,0.00000,0.00000,0.00000,0.00000
347,0.00000,0.33333,0.00000,0.00000,0.00000,0.00000,0.00000,0.00000,0.00000,0.00000,0.00000,0.00000,0.00000,0.00000
348,0.33333,0.16667,0.00000,0.00000,0.00000,0.00000,0.00000,0.00000,0.00000,0.00000,0.00000,0.00000,0.00000,0.00000
349,1.00000,0.00000,0.00000,0.00000,0.00000,0.00000,0.00000,0.00000,0.00000,0.00000,0.00000,0.00000,0.00000,0.00000
350,0.00000,0.00000,0.00000,0.00000,0.00000,0.00000,0.00000,0.00000,0.00000,0.00000,0.00000,0.00000,0.00000,0.00000
351,0.00000,0.00000,0.00000,0.00000,0.00000,0.00000,0.00000,0.00000,0.00000,0.00000,0.00000,0.00000,0.00000,0.00000
352,0.00000,0.00000,0.00000,0.00000,0.00000,0.00000,0.00000,0.00000,0.00000,0.00000,0.00000,0.00000,0.00000,0.00000
353,0.00000,0.00000,0.00000,0.00000,0.00000,0.00000,0.00000,0.00000,0.00000,0.00000,0.00000,0.00000,0.00000,0.00000
354,0.66667,0.00000,0.00000,0.00000,0.00000,0.00000,0.00000,0.00000,0.00000,0.00000,0.00000,0.00000,0.00000,0.00000
355,0.00000,0.00000,0.00000,0.00000,0.00000,0.00000,0.00000,0.00000,0.00000,0.00000,0.00000,0.00000,0.00000,0.00000
356,0.16667,0.50000,0.00000,0.00000,0.00000,0.00000,0.00000,0.00000,0.00000,0.00000,0.00000,0.00000,0.00000,0.00000
357,0.00000,0.00000,0.00000,0.00000,0.00000,0.00000,0.00000,0.00000,0.00000,0.00000,0.00000,0.00000,0.00000,0.00000
358,0.00000,0.00000,0.00000,0.00000,0.00000,0.00000,0.00000,0.00000,0.00000,0.00000,0.00000,0.00000,0.00000,0.00000
359,0.00000,0.00000,0.00000,0.00000,0.00000,0.00000,0.00000,0.00000,0.00000,0.00000,0.00000,0.00000,0.00000,0.00000
360,0.00000,0.36364,0.00000,0.09091,0.00000,0.00000,0.00000,0.00000,0.00000,0.00000,0.00000,0.00000,0.00000,0.00000
361,0.42857,0.00000,0.00000,0.07143,0.00000,0.00000,0.28571,0.00000,0.00000,0.00000,0.00000,0.00000,0.00000,0.00000
362,0.20000,0.00000,0.00000,0.10000,0.00000,0.00000,0.00000,0.00000,0.00000,0.00000,0.00000,0.00000,0.00000,0.00000
363,0.00000,0.00000,0.00000,0.00000,0.00000,0.50000,0.00000,0.00000,0.00000,0.00000,0.00000,0.00000,0.00000,0.00000
364,0.00000,0.00000,0.00000,0.00000,0.00000,0.00000,0.00000,0.00000,0.00000,0.00000,0.00000,0.00000,0.00000,0.00000
365,0.00000,0.00000,0.00000,0.00000,0.00000,0.00000,0.00000,0.00000,0.00000,0.00000,0.00000,0.00000,0.00000,0.00000
