how,cluster0,cluster1,cluster2,cluster3,cluster4,cluster5,cluster6,cluster10,cluster11,cluster12,cluster13,cluster15,cluster16,cluster18
0,0.93151,0.06849,0.01370,0.28767,0.08219,0.05479,0.19178,0.08219,0.01370,0.20548,0.02740,0.16438,0.17808,0.00000
1,0.71875,0.09375,0.00000,0.50000,0.15625,0.12500,0.06250,0.00000,0.00000,0.59375,0.12500,0.06250,0.28125,0.09375
2,0.43333,0.23333,0.06667,0.40000,0.03333,0.00000,0.11667,0.00000,0.00000,0.05000,0.05000,0.03333,0.03333,0.06667
3,0.60784,0.07843,0.01961,0.72549,0.05882,0.11765,0.11765,0.00000,0.00000,0.07843,0.00000,0.01961,0.07843,0.19608
4,0.51282,0.02564,0.02564,0.89744,0.00000,0.15385,0.30769,0.00000,0.00000,0.07692,0.02564,0.00000,0.05128,0.20513
5,0.35000,0.20000,0.00000,0.85000,0.05000,0.10000,0.60000,0.00000,0.00000,0.05000,0.00000,0.00000,0.00000,0.15000
6,0.77778,0.00000,0.00000,1.22222,0.00000,0.00000,0.22222,0.22222,0.00000,0.00000,0.00000,0.00000,0.00000,0.00000
7,2.33333,0.00000,0.00000,0.33333,0.00000,0.00000,3.33333,0.00000,0.00000,0.00000,0.00000,0.00000,0.00000,0.00000
8,0.00000,0.00000,0.00000,0.00000,0.00000,0.00000,0.00000,0.00000,0.00000,0.00000,0.00000,0.00000,0.00000,0.00000
9,0.00000,0.00000,0.00000,0.00000,0.00000,0.00000,0.00000,0.00000,0.00000,0.00000,0.00000,0.00000,0.00000,0.00000
10,1.00000,0.00000,0.00000,1.00000,2.00000,0.00000,0.00000,0.00000,0.00000,0.00000,0.00000,0.00000,0.00000,4.00000
11,1.25000,0.50000,0.00000,0.00000,0.25000,0.00000,0.00000,0.00000,0.00000,0.25000,0.00000,0.00000,0.00000,0.00000
12,0.30000,0.00000,0.25000,0.15000,0.00000,0.10000,0.30000,0.00000,0.00000,0.00000,0.00000,0.90000,0.00000,0.40000
13,0.75000,0.00000,0.25000,0.50000,0.00000,0.00000,0.50000,0.00000,0.00000,0.00000,0.00000,3.75000,0.00000,1.12500
14,1.53333,0.33333,0.06667,0.73333,0.00000,0.06667,1.33333,0.00000,0.00000,0.26667,0.00000,0.33333,0.00000,1.46667
15,1.43750,0.37500,0.00000,1.00000,0.68750,0.00000,1.56250,0.00000,0.00000,0.12500,0.06250,0.12500,0.12500,1.06250
16,1.05000,0.20000,0.05000,0.22500,0.25000,0.00000,0.37500,0.00000,0.00000,0.12500,0.02500,0.10000,0.10000,0.25000
17,0.85455,0.00000,0.05455,0.20000,0.16364,0.00000,0.38182,0.03636,0.01818,0.07273,0.01818,0.21818,0.00000,0.12727
18,0.43939,0.13636,0.01515,0.15152,0.13636,0.06061,0.19697,0.09091,0.00000,0.03030,0.03030,0.03030,0.00000,0.27273
19,0.51064,0.19149,0.00000,0.19149,0.21277,0.04255,0.17021,0.00000,0.00000,0.06383,0.06383,0.10638,0.00000,0.25532
20,0.30435,0.07246,0.07246,0.11594,0.07246,0.00000,0.08696,0.00000,0.00000,0.11594,0.04348,0.04348,0.10145,0.14493
21,0.25641,0.11538,0.03846,0.14103,0.03846,0.06410,0.21795,0.02564,0.00000,0.12821,0.01282,0.01282,0.00000,0.05128
22,0.86047,0.32558,0.11628,0.41860,0.04651,0.13953,0.04651,0.00000,0.00000,0.16279,0.02326,0.13953,0.00000,0.13953
23,0.82759,0.00000,0.03448,0.08621,0.00000,0.08621,0.05172,0.00000,0.00000,0.03448,0.00000,0.13793,0.00000,0.13793
24,0.23077,0.13462,0.00000,0.21154,0.03846,0.09615,0.03846,0.03846,0.00000,0.03846,0.00000,0.19231,0.07692,0.09615
25,0.17778,0.00000,0.00000,0.08889,0.06667,0.00000,0.00000,0.08889,0.00000,0.00000,0.00000,0.00000,0.00000,0.04444
26,0.26316,0.15789,0.02632,0.13158,0.07895,0.10526,0.05263,0.00000,0.00000,0.02632,0.00000,0.00000,0.00000,0.00000
27,0.25000,0.02500,0.00000,0.10000,0.00000,0.00000,0.00000,0.05000,0.00000,0.00000,0.02500,0.02500,0.00000,0.05000
28,1.27273,0.00000,0.00000,0.00000,0.00000,0.00000,0.00000,0.00000,0.00000,0.18182,0.00000,0.00000,0.00000,0.00000
29,0.20690,0.00000,0.03448,0.24138,0.06897,0.00000,0.00000,0.00000,0.00000,0.03448,0.00000,0.00000,0.00000,0.00000
30,0.00000,0.00000,0.00000,0.50000,0.00000,0.00000,0.75000,0.00000,0.00000,0.00000,0.00000,0.00000,0.00000,0.00000
31,0.00000,0.00000,0.00000,0.00000,0.00000,0.00000,0.00000,0.00000,0.00000,0.00000,0.00000,0.00000,0.00000,0.00000
32,1.50000,0.00000,0.00000,0.00000,0.00000,0.00000,0.00000,0.00000,0.00000,0.00000,0.00000,0.00000,0.00000,0.00000
33,0.00000,0.50000,0.00000,0.00000,0.00000,0.00000,0.00000,0.00000,0.00000,0.00000,0.00000,0.00000,0.00000,0.00000
34,2.33333,0.33333,0.00000,1.00000,1.00000,0.00000,0.00000,0.00000,0.00000,0.00000,0.00000,0.00000,0.00000,0.00000
35,1.00000,0.22222,0.11111,0.66667,0.33333,0.00000,0.00000,0.00000,0.00000,0.00000,0.00000,0.22222,0.00000,0.44444
36,4.66667,0.66667,0.00000,0.00000,0.00000,3.00000,0.33333,0.00000,0.00000,0.00000,0.00000,1.33333,0.00000,4.33333
37,4.25000,0.33333,0.08333,0.08333,0.66667,1.00000,0.91667,0.00000,0.00000,0.00000,0.00000,0.00000,0.08333,0.25000
38,2.25000,0.25000,0.62500,0.00000,0.62500,0.25000,0.87500,0.00000,0.00000,0.00000,0.12500,0.00000,0.37500,0.37500
39,0.93750,0.31250,0.12500,0.31250,0.37500,0.18750,0.43750,0.00000,0.00000,0.06250,0.06250,0.43750,0.00000,0.93750
40,1.70000,0.30000,0.05000,0.25000,0.10000,0.05000,0.75000,0.10000,0.00000,0.05000,0.00000,0.00000,0.00000,0.25000
41,1.00000,0.55172,0.03448,0.20690,0.37931,0.06897,0.13793,0.06897,0.00000,0.10345,0.03448,0.00000,0.00000,0.31034
42,1.09091,0.63636,0.00000,0.18182,0.18182,0.00000,0.81818,0.54545,0.00000,0.18182,0.18182,0.00000,0.00000,1.18182
43,0.61905,0.52381,0.04762,0.33333,0.04762,0.23810,0.19048,0.00000,0.00000,0.00000,0.09524,0.00000,0.00000,0.76190
44,0.62500,0.43750,0.18750,1.06250,0.12500,0.25000,0.06250,0.00000,0.00000,0.18750,0.00000,0.06250,0.00000,1.00000
45,0.59259,0.22222,0.37037,0.48148,0.14815,0.11111,0.22222,0.11111,0.00000,0.14815,0.03704,0.07407,0.00000,0.51852
46,0.36957,0.08696,0.08696,0.28261,0.10870,0.04348,0.10870,0.00000,0.00000,0.21739,0.00000,0.15217,0.02174,0.10870
47,0.25000,0.09091,0.11364,0.11364,0.13636,0.04545,0.11364,0.04545,0.00000,0.11364,0.00000,0.06818,0.06818,0.18182
48,0.65217,0.17391,0.08696,0.34783,0.17391,0.00000,0.34783,0.00000,0.00000,0.08696,0.08696,0.39130,0.00000,0.47826
49,1.17391,0.26087,0.08696,0.21739,0.30435,0.00000,0.00000,0.73913,0.00000,0.21739,0.04348,0.08696,0.08696,0.26087
50,0.20000,0.04000,0.16000,0.32000,0.16000,0.12000,0.24000,0.00000,0.00000,0.08000,0.04000,0.00000,0.16000,0.24000
51,0.81818,0.54545,0.00000,0.27273,0.18182,0.18182,0.00000,0.18182,0.00000,0.09091,0.09091,0.00000,0.27273,0.18182
52,0.00000,0.00000,0.00000,0.36364,0.27273,0.00000,0.00000,0.00000,0.00000,0.00000,0.00000,0.00000,0.00000,0.00000
53,0.00000,0.00000,0.00000,0.00000,0.00000,0.00000,0.00000,0.00000,0.00000,0.00000,0.00000,0.00000,0.00000,0.18182
54,0.00000,0.00000,0.00000,0.00000,0.00000,0.00000,0.00000,0.00000,0.00000,0.00000,0.00000,0.00000,0.00000,0.00000
55,0.00000,0.00000,0.00000,0.00000,0.00000,0.00000,0.00000,0.00000,0.00000,0.00000,0.00000,0.00000,0.00000,0.00000
56,0.00000,0.00000,0.00000,0.00000,0.00000,0.00000,0.00000,0.00000,0.00000,0.00000,0.00000,0.00000,0.00000,0.00000
57,0.00000,0.00000,0.00000,2.00000,0.00000,0.00000,0.00000,2.00000,0.00000,0.00000,0.00000,0.00000,0.00000,0.00000
58,0.66667,0.00000,0.00000,0.33333,0.33333,0.66667,0.00000,0.00000,0.00000,0.00000,0.00000,0.66667,0.00000,2.00000
59,1.80000,0.20000,0.60000,0.80000,0.80000,0.00000,0.20000,0.00000,0.00000,0.00000,0.00000,0.40000,0.00000,2.80000
60,9.33333,1.66667,1.00000,1.33333,1.33333,3.66667,0.00000,1.66667,0.00000,0.00000,0.00000,1.33333,0.00000,6.33333
61,1.25000,0.41667,0.25000,0.08333,0.91667,1.16667,0.33333,0.00000,0.00000,0.50000,0.00000,0.00000,0.00000,0.58333
62,0.95000,0.00000,0.05000,0.00000,0.15000,0.45000,0.35000,0.10000,0.00000,0.05000,0.20000,0.40000,0.00000,0.25000
63,0.93333,0.40000,0.00000,0.20000,0.06667,0.93333,0.53333,0.00000,0.00000,0.26667,0.00000,0.00000,0.00000,0.66667
64,0.85714,0.25000,0.00000,0.39286,0.28571,0.07143,0.75000,0.00000,0.00000,0.03571,0.00000,0.10714,0.00000,0.39286
65,0.92308,0.23077,0.00000,0.23077,0.11538,0.15385,0.23077,0.03846,0.00000,0.11538,0.00000,0.00000,0.03846,0.84615
66,6.33333,3.00000,0.33333,0.66667,0.33333,3.33333,3.00000,1.00000,0.00000,0.00000,0.00000,0.00000,0.00000,2.00000
67,1.60000,0.53333,0.20000,0.60000,0.13333,0.20000,0.46667,0.00000,0.00000,0.00000,0.06667,0.13333,0.20000,0.20000
68,0.38889,0.55556,0.16667,0.72222,0.22222,0.00000,0.22222,0.00000,0.00000,0.05556,0.00000,0.11111,0.00000,0.55556
69,1.52632,0.15789,0.26316,0.42105,0.26316,0.10526,0.15789,0.00000,0.00000,0.15789,0.00000,0.31579,0.00000,0.73684
70,0.82759,0.41379,0.20690,0.48276,0.06897,0.10345,0.03448,0.00000,0.03448,0.10345,0.03448,0.37931,0.17241,0.41379
71,1.68421,0.42105,0.05263,0.47368,0.21053,0.15789,0.52632,0.00000,0.00000,0.15789,0.00000,0.42105,0.00000,0.52632
72,0.77419,0.06452,0.00000,0.12903,0.09677,0.00000,0.06452,0.00000,0.00000,0.09677,0.03226,0.41935,0.00000,0.22581
73,0.16667,0.33333,0.22222,0.27778,0.16667,0.00000,0.00000,0.11111,0.00000,0.05556,0.05556,0.05556,0.00000,0.27778
74,0.33333,0.08333,0.00000,1.08333,0.08333,0.00000,0.58333,0.00000,0.00000,0.00000,0.00000,0.16667,0.00000,0.33333
75,0.14286,0.00000,0.07143,0.25000,0.07143,0.00000,0.03571,0.00000,0.00000,0.00000,0.00000,0.00000,0.00000,0.00000
76,0.00000,0.00000,0.00000,0.41176,0.00000,0.00000,0.00000,0.00000,0.00000,0.00000,0.00000,0.00000,0.00000,0.05882
77,0.00000,0.00000,0.00000,0.40000,0.00000,0.00000,0.40000,0.00000,0.00000,0.00000,0.00000,0.00000,0.00000,0.20000
78,0.11111,0.00000,0.00000,0.00000,0.11111,0.00000,0.22222,0.00000,0.00000,0.00000,0.00000,0.00000,0.00000,0.00000
79,0.00000,0.00000,0.00000,0.00000,0.00000,0.00000,0.00000,0.00000,0.00000,0.00000,0.00000,0.00000,0.00000,0.00000
80,0.50000,0.00000,0.00000,0.00000,0.50000,0.00000,0.00000,0.00000,0.00000,0.00000,0.00000,0.00000,0.00000,0.00000
81,0.00000,0.00000,0.00000,0.00000,0.00000,0.00000,0.00000,0.00000,0.00000,0.00000,0.00000,0.00000,0.00000,0.00000
82,2.33333,1.33333,0.00000,0.00000,0.33333,0.66667,0.00000,0.00000,0.00000,0.00000,0.00000,0.00000,0.00000,1.33333
83,0.00000,0.00000,0.00000,0.00000,0.00000,0.00000,0.00000,0.00000,0.00000,0.00000,0.00000,0.00000,0.00000,0.00000
84,6.00000,0.00000,0.50000,1.50000,1.50000,5.50000,0.00000,0.00000,0.00000,0.00000,0.00000,0.00000,0.00000,9.00000
85,18.00000,0.00000,1.00000,0.00000,3.00000,9.00000,1.00000,1.00000,0.00000,1.00000,0.00000,7.00000,0.00000,8.00000
86,2.87500,0.12500,0.12500,0.75000,0.50000,0.50000,1.12500,0.00000,0.00000,0.00000,0.00000,0.12500,0.00000,0.87500
87,1.36842,0.31579,0.05263,0.26316,0.36842,0.31579,0.15789,0.00000,0.00000,0.00000,0.00000,0.05263,0.00000,0.57895
88,0.45455,0.90909,0.18182,0.09091,0.27273,0.13636,0.59091,0.40909,0.00000,0.00000,0.04545,0.59091,0.00000,0.54545
89,3.14286,1.57143,0.14286,0.42857,1.28571,1.42857,4.14286,0.00000,0.00000,0.14286,0.00000,0.71429,0.57143,0.71429
90,0.97561,0.17073,0.00000,0.19512,0.14634,0.04878,0.04878,0.12195,0.00000,0.00000,0.00000,0.00000,0.00000,0.41463
91,0.96552,0.44828,0.20690,0.24138,0.17241,0.13793,0.06897,0.06897,0.00000,0.06897,0.06897,0.10345,0.20690,0.20690
92,0.41176,0.11765,0.05882,0.38235,0.17647,0.14706,0.02941,0.00000,0.00000,0.02941,0.11765,0.02941,0.00000,0.58824
93,0.94118,0.38235,0.05882,0.50000,0.32353,0.00000,0.02941,0.00000,0.00000,0.08824,0.02941,0.35294,0.05882,0.29412
94,0.97872,0.10638,0.06383,0.31915,0.27660,0.06383,0.25532,0.00000,0.00000,0.12766,0.04255,0.34043,0.00000,0.12766
95,0.58000,0.20000,0.26000,0.38000,0.08000,0.02000,0.06000,0.02000,0.00000,0.08000,0.02000,0.12000,0.02000,0.10000
96,0.42857,0.19048,0.14286,0.38095,0.02381,0.09524,0.02381,0.14286,0.00000,0.09524,0.16667,0.04762,0.04762,0.09524
97,0.61290,0.12903,0.03226,0.38710,0.09677,0.00000,0.00000,0.00000,0.00000,0.03226,0.03226,0.03226,0.00000,0.16129
98,0.57692,0.03846,0.07692,0.42308,0.15385,0.00000,0.03846,0.00000,0.00000,0.03846,0.03846,0.26923,0.00000,0.23077
99,0.50000,0.75000,0.25000,1.08333,0.00000,0.00000,0.41667,0.00000,0.25000,0.25000,0.00000,0.33333,0.00000,0.16667
100,0.15152,0.06061,0.00000,0.09091,0.09091,0.00000,0.12121,0.00000,0.00000,0.00000,0.00000,0.00000,0.00000,0.12121
101,1.00000,0.00000,0.00000,0.83333,0.00000,0.00000,0.00000,0.00000,0.00000,0.00000,0.00000,0.00000,0.00000,0.00000
102,0.00000,0.00000,0.00000,0.00000,0.00000,0.00000,0.00000,0.00000,0.00000,0.00000,0.00000,0.00000,0.00000,0.00000
103,0.00000,0.00000,0.00000,0.40000,0.20000,0.00000,0.00000,0.00000,0.00000,0.00000,0.00000,0.00000,0.00000,0.00000
104,0.00000,0.00000,0.00000,0.00000,0.00000,0.00000,0.00000,0.00000,0.00000,0.00000,0.00000,0.00000,0.00000,0.00000
105,0.00000,0.00000,0.00000,0.33333,1.66667,0.00000,0.00000,0.00000,0.00000,0.00000,0.00000,0.00000,0.00000,0.00000
106,0.30769,0.46154,0.00000,0.23077,0.07692,0.15385,0.00000,0.00000,0.00000,0.00000,0.00000,0.15385,0.00000,0.00000
107,0.69231,0.53846,0.07692,0.46154,0.00000,0.00000,0.00000,0.00000,0.00000,0.00000,0.00000,0.61538,0.00000,0.38462
108,18.00000,2.50000,2.00000,2.00000,3.50000,3.00000,4.50000,0.50000,0.00000,0.00000,0.00000,1.00000,0.00000,2.50000
109,2.86667,0.26667,0.00000,0.26667,0.66667,1.60000,0.40000,0.00000,0.00000,0.00000,0.00000,0.00000,0.00000,1.13333
110,3.00000,0.46667,0.06667,0.20000,0.26667,0.86667,0.73333,0.00000,0.00000,0.00000,0.00000,0.00000,0.20000,0.20000
111,2.78261,0.13043,0.08696,0.08696,0.00000,0.26087,0.69565,0.00000,0.00000,0.08696,0.00000,0.08696,0.00000,0.56522
112,3.57143,0.42857,0.07143,0.57143,0.35714,0.28571,0.64286,0.28571,0.00000,0.07143,0.00000,0.42857,0.14286,1.07143
113,1.55000,0.25000,0.05000,0.55000,0.30000,0.45000,0.85000,0.10000,0.00000,0.15000,0.10000,0.00000,0.00000,0.45000
114,1.85714,0.25000,0.10714,0.21429,0.25000,0.10714,0.10714,0.03571,0.00000,0.14286,0.03571,0.14286,0.10714,0.57143
115,1.00000,0.47368,0.10526,0.00000,0.47368,0.21053,0.63158,0.00000,0.00000,0.05263,0.00000,0.10526,0.00000,0.52632
116,1.29412,0.11765,0.00000,0.58824,0.41176,0.94118,0.00000,0.00000,0.00000,0.05882,0.00000,0.11765,0.00000,1.05882
117,2.13636,0.09091,0.18182,0.72727,0.18182,0.04545,0.09091,0.09091,0.00000,0.13636,0.09091,0.04545,0.09091,0.68182
118,1.20833,0.25000,0.08333,0.58333,0.12500,0.16667,0.20833,0.00000,0.04167,0.16667,0.08333,0.20833,0.20833,0.87500
119,0.76923,0.35897,0.07692,0.43590,0.12821,0.17949,0.20513,0.05128,0.00000,0.20513,0.02564,0.07692,0.10256,0.35897
120,0.82979,0.17021,0.04255,0.19149,0.04255,0.00000,0.04255,0.00000,0.00000,0.06383,0.06383,0.04255,0.00000,0.19149
121,0.48276,0.06897,0.10345,0.62069,0.24138,0.00000,0.06897,0.00000,0.00000,0.27586,0.03448,0.03448,0.00000,0.10345
122,0.35294,0.05882,0.00000,0.17647,0.02941,0.00000,0.08824,0.05882,0.00000,0.02941,0.00000,0.05882,0.00000,0.23529
123,0.62500,0.08333,0.00000,0.33333,0.00000,0.12500,0.50000,0.00000,0.00000,0.08333,0.00000,0.00000,0.00000,0.33333
124,0.47059,0.05882,0.00000,0.29412,0.00000,0.00000,0.00000,0.00000,0.00000,0.05882,0.05882,0.11765,0.00000,0.11765
125,0.85714,0.00000,0.00000,0.28571,0.00000,0.00000,0.42857,0.00000,0.00000,0.00000,0.00000,2.28571,0.00000,0.00000
126,2.00000,0.00000,0.00000,2.00000,0.00000,0.00000,0.00000,0.00000,0.00000,0.00000,0.00000,0.00000,0.00000,2.00000
127,0.00000,0.00000,0.00000,0.00000,0.00000,0.00000,0.00000,0.00000,0.00000,0.00000,0.00000,0.00000,0.00000,0.00000
128,0.00000,0.00000,1.00000,0.00000,0.00000,0.00000,0.00000,0.00000,0.00000,0.00000,0.00000,0.00000,0.00000,0.00000
129,1.00000,0.00000,0.00000,0.00000,0.00000,0.00000,0.00000,0.00000,0.00000,0.00000,0.00000,0.00000,0.00000,2.00000
130,2.00000,0.00000,1.00000,0.00000,2.00000,1.00000,0.00000,0.00000,0.00000,0.00000,0.00000,0.00000,0.00000,0.00000
131,1.75000,1.25000,0.50000,1.25000,0.75000,0.50000,0.25000,0.00000,0.00000,0.00000,0.00000,2.00000,0.00000,3.25000
132,4.57143,0.71429,0.57143,0.14286,0.85714,0.71429,0.28571,0.00000,0.00000,0.00000,0.00000,0.28571,0.00000,1.14286
133,2.73333,0.06667,0.06667,0.00000,0.46667,0.53333,0.53333,0.00000,0.00000,0.00000,0.00000,0.06667,0.00000,0.60000
134,2.00000,0.40000,0.26667,0.06667,0.33333,0.00000,0.60000,0.00000,0.00000,0.00000,0.00000,0.06667,0.00000,1.00000
135,1.25000,0.16667,0.20833,0.16667,0.20833,0.00000,0.45833,0.08333,0.00000,0.04167,0.00000,0.12500,0.12500,0.87500
136,3.56250,0.37500,0.31250,0.68750,0.00000,0.31250,0.37500,0.31250,0.00000,0.12500,0.31250,0.75000,0.37500,0.68750
137,1.06061,0.27273,0.00000,0.21212,0.36364,0.06061,0.30303,0.06061,0.00000,0.09091,0.03030,0.03030,0.00000,0.39394
138,1.71429,1.00000,0.07143,0.71429,0.35714,0.64286,1.00000,0.00000,0.00000,0.00000,0.00000,0.14286,0.07143,0.78571
139,1.00000,0.18182,0.00000,0.40909,0.40909,0.09091,0.68182,0.13636,0.00000,0.04545,0.13636,0.00000,0.00000,0.31818
140,0.64706,0.29412,0.29412,0.88235,0.47059,0.70588,0.35294,0.11765,0.00000,0.52941,0.05882,0.11765,0.00000,0.58824
141,1.23256,0.30233,0.09302,0.34884,0.30233,0.16279,0.04651,0.00000,0.00000,0.00000,0.09302,0.20930,0.00000,0.25581
142,0.89474,0.24561,0.07018,0.52632,0.12281,0.12281,0.10526,0.00000,0.00000,0.12281,0.01754,0.17544,0.03509,0.05263
143,0.86154,0.16923,0.04615,0.30769,0.15385,0.10769,0.21538,0.00000,0.00000,0.12308,0.03077,0.13846,0.06154,0.09231
144,1.01695,0.20339,0.00000,0.25424,0.15254,0.01695,0.05085,0.05085,0.00000,0.03390,0.03390,0.16949,0.00000,0.10169
145,0.80488,0.07317,0.04878,0.46341,0.07317,0.04878,0.07317,0.00000,0.00000,0.24390,0.02439,0.34146,0.07317,0.21951
146,1.12500,0.07500,0.05000,0.40000,0.32500,0.05000,0.10000,0.00000,0.00000,0.20000,0.02500,0.15000,0.15000,0.10000
147,1.14815,0.18519,0.07407,0.88889,0.14815,0.18519,0.22222,0.00000,0.00000,0.14815,0.11111,0.03704,0.00000,0.33333
148,1.31250,0.00000,0.00000,1.43750,0.00000,0.00000,0.56250,0.00000,0.00000,0.18750,0.06250,0.00000,0.00000,0.50000
149,0.81250,0.56250,0.00000,1.00000,0.00000,0.12500,0.18750,0.00000,0.00000,0.06250,0.00000,0.00000,0.18750,0.00000
150,0.26667,0.13333,0.00000,0.06667,0.00000,0.00000,0.53333,0.00000,0.00000,0.00000,0.00000,0.00000,0.00000,0.00000
151,2.00000,0.00000,0.00000,0.33333,0.00000,0.00000,1.66667,0.00000,0.00000,0.00000,0.00000,0.00000,0.00000,0.00000
152,0.00000,0.00000,0.00000,0.00000,0.00000,0.00000,0.00000,0.00000,0.00000,0.00000,0.00000,0.00000,0.00000,0.00000
153,0.00000,0.00000,0.00000,0.00000,0.00000,0.00000,0.00000,0.00000,0.00000,0.00000,0.00000,0.00000,0.00000,0.00000
154,2.50000,0.00000,0.00000,0.00000,0.00000,0.00000,0.00000,0.00000,0.00000,0.00000,0.00000,0.00000,0.00000,0.00000
155,0.71429,0.00000,0.14286,0.14286,0.28571,0.00000,0.00000,0.00000,0.00000,0.00000,0.00000,0.00000,0.00000,2.14286
156,3.00000,0.00000,0.00000,1.33333,0.00000,0.00000,1.33333,0.00000,0.00000,0.66667,0.00000,2.66667,0.00000,8.33333
157,1.57143,0.14286,0.00000,0.85714,0.14286,0.00000,1.14286,0.00000,0.00000,0.14286,0.07143,0.14286,0.14286,0.35714
158,0.62162,0.16216,0.08108,0.37838,0.05405,0.05405,0.18919,0.05405,0.00000,0.02703,0.02703,0.05405,0.08108,0.21622
159,1.00000,0.31250,0.03125,0.34375,0.28125,0.15625,0.50000,0.15625,0.00000,0.09375,0.03125,0.03125,0.03125,0.50000
160,1.06122,0.32653,0.04082,0.24490,0.08163,0.24490,0.44898,0.00000,0.00000,0.10204,0.08163,0.20408,0.04082,0.12245
161,1.46154,0.28846,0.05769,0.32692,0.15385,0.13462,0.63462,0.03846,0.00000,0.05769,0.03846,0.07692,0.00000,0.44231
162,1.12821,0.38462,0.00000,0.41026,0.30769,0.02564,0.76923,0.00000,0.00000,0.10256,0.05128,0.23077,0.20513,0.38462
163,0.71429,0.21429,0.00000,0.17143,0.10000,0.00000,0.40000,0.07143,0.00000,0.01429,0.04286,0.02857,0.11429,0.24286
164,0.48864,0.20455,0.02273,0.17045,0.03409,0.06818,0.19318,0.02273,0.00000,0.03409,0.02273,0.04545,0.05682,0.07955
165,0.69231,0.09615,0.05769,0.46154,0.19231,0.03846,0.28846,0.01923,0.00000,0.17308,0.03846,0.09615,0.03846,0.26923
166,0.59322,0.13559,0.05085,0.27119,0.16949,0.05085,0.22034,0.00000,0.00000,0.06780,0.01695,0.15254,0.03390,0.05085
167,0.42857,0.15385,0.02198,0.29670,0.05495,0.02198,0.05495,0.01099,0.00000,0.02198,0.00000,0.06593,0.04396,0.15385
