how,cluster0,cluster1,cluster2,cluster3,cluster4,cluster5,cluster6,cluster10,cluster11,cluster12,cluster13,cluster15,cluster16,cluster18
0,6,1,0,0,1,2,0,0,0,3,0,0,0,0
1,7,0,2,1,0,0,0,0,0,0,2,0,3,2
2,5,0,0,1,0,0,0,0,1,2,0,0,0,4
3,3,0,0,3,4,0,0,0,0,0,0,2,0,0
4,2,1,0,6,0,3,4,0,0,0,1,0,0,0
5,2,0,0,1,0,0,2,1,0,0,0,0,0,0
6,1,0,0,3,0,0,0,0,0,0,0,0,0,0
7,0,0,0,0,0,0,0,0,0,1,0,0,0,0
8,0,0,0,0,0,0,0,0,0,0,0,0,0,0
9,0,0,0,0,0,0,0,0,0,0,0,0,0,0
10,0,0,1,0,0,0,0,0,0,0,0,0,0,0
11,0,4,0,0,0,0,0,0,0,0,0,0,0,0
12,0,0,0,0,0,2,0,0,0,0,0,0,0,0
13,0,2,0,0,0,0,2,0,0,0,0,0,0,0
14,0,0,0,1,2,2,0,1,0,0,0,0,0,1
15,0,0,0,1,0,1,1,0,0,0,0,0,0,0
16,9,4,2,1,0,1,4,2,0,0,0,0,1,0
17,3,2,0,0,1,3,1,1,0,0,0,0,0,0
18,2,2,0,1,1,1,3,0,0,0,1,0,0,0
19,0,0,0,2,0,0,2,0,0,2,0,0,0,0
20,7,5,0,0,4,0,3,0,0,3,0,0,0,0
21,4,4,0,1,1,2,0,0,0,8,1,0,0,0
22,6,1,0,0,0,2,0,0,0,0,0,0,0,0
23,4,1,0,0,0,5,0,0,0,0,0,0,0,0
24,11,4,0,2,0,1,2,0,0,1,0,4,0,0
25,1,5,0,1,2,0,4,1,0,0,0,0,0,0
26,2,10,0,0,2,1,4,0,0,0,2,0,0,0
27,6,0,0,0,0,0,2,0,0,0,0,0,0,0
28,1,0,0,0,0,0,0,0,0,0,0,0,0,0
29,10,2,0,0,0,0,0,0,0,0,0,0,0,0
30,0,0,0,0,0,0,0,0,0,0,0,0,0,0
31,0,0,0,0,0,0,0,0,0,0,0,0,0,0
32,0,0,0,0,0,0,0,0,0,0,0,0,0,0
33,0,0,0,0,0,0,0,0,0,0,0,0,0,2
34,0,0,0,0,0,0,0,0,0,0,0,0,0,0
35,0,1,0,0,0,6,0,0,0,0,0,0,0,0
36,0,0,0,0,0,0,0,0,0,0,0,0,0,0
37,0,2,0,0,0,0,0,0,0,0,0,0,0,0
38,1,1,0,0,0,0,0,0,0,0,0,0,0,0
39,3,0,0,0,0,0,0,0,0,0,2,0,0,0
40,2,0,0,0,0,0,1,0,0,0,0,0,0,0
41,7,1,2,0,2,0,3,0,0,0,0,0,0,0
42,0,3,0,1,0,0,0,0,0,0,0,0,0,0
43,4,0,0,0,0,2,0,0,0,0,0,0,2,0
44,0,1,0,0,1,4,0,0,0,0,0,0,0,0
45,4,1,0,0,0,0,0,0,0,0,1,1,0,0
46,3,5,1,1,0,2,0,2,0,0,0,1,0,0
47,5,0,0,1,3,2,0,0,0,1,0,2,0,0
48,5,2,0,0,2,0,0,1,0,2,0,0,0,0
49,0,2,1,2,0,0,0,0,0,0,0,0,0,0
50,3,4,0,1,0,0,0,1,0,0,1,0,0,0
51,0,0,0,0,0,0,0,0,0,0,0,0,2,0
52,2,0,0,0,0,0,0,0,0,0,0,0,0,0
53,2,0,0,0,0,0,0,0,0,0,0,0,0,0
54,0,0,0,0,0,0,0,0,0,0,0,0,0,0
55,0,0,0,0,0,0,0,0,0,0,0,0,0,0
56,0,0,0,0,0,0,0,0,0,0,0,0,0,0
57,0,0,0,0,0,0,0,0,0,0,0,0,0,0
58,0,0,0,0,0,0,0,0,0,0,0,0,0,0
59,2,0,0,0,0,0,2,0,0,1,0,0,0,0
60,0,0,1,0,0,0,0,0,0,0,0,0,0,0
61,3,0,0,0,2,0,0,0,0,0,0,0,0,0
62,1,3,0,1,0,0,0,0,0,0,0,0,0,0
63,0,2,0,0,2,0,3,0,2,0,0,0,0,0
64,3,3,2,0,0,0,1,0,0,0,1,0,0,0
65,2,2,0,2,2,0,0,0,0,0,0,0,0,0
66,0,0,1,0,0,0,0,0,0,0,0,0,0,0
67,2,0,0,0,0,0,0,0,0,0,0,0,0,0
68,0,3,0,0,2,0,0,0,0,0,0,0,0,0
69,1,0,1,3,0,0,1,0,0,0,0,0,0,0
70,6,1,4,3,0,0,2,1,0,0,0,0,0,0
71,3,0,0,0,0,0,0,0,0,0,0,0,0,0
72,5,0,0,0,4,1,1,0,0,0,0,0,0,0
73,2,0,3,1,0,0,2,0,5,0,0,0,0,0
74,2,0,0,0,0,0,0,0,0,0,0,0,0,0
75,3,2,0,2,0,0,1,0,0,2,1,3,0,0
76,2,2,0,0,0,2,0,0,0,0,0,0,0,2
77,0,0,1,1,0,0,0,2,0,0,0,0,0,0
78,0,0,0,0,2,2,0,0,0,0,0,0,0,0
79,0,0,0,0,0,0,0,0,0,0,0,0,0,0
80,0,0,0,0,0,0,0,0,0,0,0,0,0,0
81,0,0,0,0,0,0,0,0,0,0,0,0,0,0
82,2,1,0,0,0,0,0,0,0,0,0,0,0,0
83,0,0,0,0,0,0,0,0,0,0,0,0,0,0
84,0,2,0,0,0,0,0,0,0,0,0,0,0,0
85,0,0,0,0,0,0,0,0,0,0,0,0,0,0
86,3,0,0,0,1,0,0,0,0,0,0,0,0,0
87,4,0,0,2,0,4,0,0,0,0,0,0,0,0
88,6,0,0,0,0,2,0,0,0,0,1,0,0,0
89,1,0,0,0,0,2,0,1,0,0,0,0,0,0
90,4,0,0,0,0,0,2,4,9,0,0,0,0,0
91,3,0,0,0,0,0,0,0,0,0,0,1,3,0
92,7,0,0,2,1,0,0,0,0,0,0,0,0,0
93,9,0,0,0,5,0,0,0,0,0,0,0,4,0
94,3,2,0,4,3,0,2,0,10,0,0,2,0,0
95,0,0,2,0,0,4,3,0,0,0,0,0,0,0
96,2,0,4,4,3,2,2,0,0,0,0,0,0,0
97,5,0,5,0,0,0,0,0,0,0,0,0,0,0
98,4,2,0,0,4,0,0,0,4,0,0,0,0,0
99,4,0,2,2,1,0,0,0,0,0,0,0,0,0
100,3,3,1,1,0,2,5,5,0,0,0,0,0,0
101,0,0,0,0,0,0,0,0,0,0,0,0,0,0
102,0,0,0,0,0,0,0,0,0,0,0,0,0,0
103,0,0,0,0,0,0,0,4,0,0,0,0,0,0
104,0,0,0,0,0,0,0,0,0,0,0,0,0,0
105,0,0,0,0,0,0,0,0,0,0,0,0,0,0
106,0,0,0,0,0,0,0,0,0,0,0,0,0,0
107,0,0,0,1,0,0,0,0,0,0,0,0,0,0
108,0,0,0,0,0,0,0,2,0,0,0,0,0,0
109,0,0,0,0,0,0,1,0,0,0,0,0,0,0
110,2,3,1,0,0,0,1,0,0,0,0,0,0,0
111,10,0,0,0,0,0,0,0,0,0,0,0,0,0
112,4,1,0,0,0,0,0,0,0,0,0,0,0,0
113,6,1,0,0,0,1,2,0,0,0,0,0,0,0
114,0,5,3,3,3,0,0,1,0,0,1,0,3,0
115,1,4,0,3,0,0,0,0,0,0,0,0,0,0
116,3,1,0,2,0,0,0,0,0,0,0,0,0,0
117,0,5,1,0,2,0,2,0,0,0,0,0,0,0
118,2,0,0,0,0,3,4,0,3,1,0,0,0,0
119,0,0,0,1,10,0,0,0,0,0,0,0,0,0
120,0,0,0,0,1,8,0,0,0,0,0,0,0,0
121,0,0,0,1,0,0,3,0,0,0,0,0,0,0
122,1,0,1,3,0,0,1,0,0,3,2,0,0,0
123,2,0,0,0,0,0,0,0,0,0,1,0,0,0
124,1,0,0,1,0,0,0,0,0,0,0,0,0,0
125,6,1,0,0,0,0,0,0,0,0,0,0,0,0
126,0,0,0,0,0,0,0,0,0,0,1,0,0,0
127,0,0,0,0,0,0,0,0,0,0,0,0,0,0
128,0,0,0,0,0,0,0,0,0,0,0,0,0,0
129,0,0,0,0,0,0,0,0,0,0,0,0,0,0
130,0,0,0,0,0,1,0,0,0,0,0,0,0,0
131,1,0,0,0,0,0,0,0,0,0,0,0,0,0
132,0,0,0,2,0,0,0,0,0,0,1,3,0,0
133,0,0,0,0,2,0,0,0,0,0,1,0,0,0
134,1,0,0,0,0,3,0,0,0,0,1,0,0,0
135,1,2,0,1,0,0,0,0,0,0,0,0,0,0
136,0,0,0,0,0,0,3,0,0,0,0,0,1,0
137,2,1,0,0,0,0,0,0,0,0,1,1,0,0
138,2,0,0,0,0,0,0,0,0,0,0,0,0,0
139,4,3,0,0,0,0,2,0,0,1,0,0,0,0
140,4,2,1,1,0,0,0,1,0,0,0,0,0,0
141,3,6,0,0,1,0,2,0,0,0,0,0,0,0
142,2,1,0,1,0,0,0,0,0,1,2,0,0,1
143,6,0,0,1,6,2,5,0,0,0,1,0,0,1
144,6,0,1,4,5,4,2,0,0,0,0,0,2,0
145,5,3,0,3,0,2,4,0,0,0,0,0,0,0
146,8,2,0,0,3,2,3,0,0,0,1,0,0,0
147,4,2,0,4,4,0,1,0,0,1,2,0,0,0
148,1,0,0,0,0,0,0,0,0,0,1,0,0,0
149,1,0,0,2,0,0,1,0,0,0,0,2,0,0
150,0,2,0,1,0,0,0,0,0,0,0,0,0,0
151,0,0,1,0,0,0,0,0,0,0,0,0,0,0
152,0,0,0,0,0,0,0,0,0,0,0,0,0,0
153,1,0,0,0,0,0,0,0,0,0,0,0,0,0
154,0,0,0,0,2,0,0,0,0,0,0,0,0,0
155,0,0,0,0,0,0,0,0,0,0,0,0,0,0
156,0,0,0,0,0,0,0,0,0,0,0,0,0,0
157,0,1,0,0,0,0,5,0,0,0,0,0,0,0
158,7,0,0,3,4,0,0,0,0,0,0,0,0,1
159,3,0,0,0,0,0,10,0,0,0,1,0,0,0
160,4,3,1,2,0,0,5,0,0,0,1,0,0,0
161,6,3,0,5,0,2,2,2,0,0,1,0,1,0
162,2,0,0,3,0,0,4,0,0,0,0,0,0,0
163,0,0,0,2,6,9,8,0,0,2,3,0,0,0
164,15,5,1,0,2,0,6,3,0,0,2,0,0,2
165,18,6,0,0,1,0,2,0,0,2,0,0,0,0
166,2,6,3,4,1,0,2,0,0,6,1,0,0,0
167,6,2,1,0,0,4,2,0,0,1,1,0,0,0
