,cluster0,,,,cluster2,,,,cluster4,,,,cluster9,,,,cluster6,,,,cluster1,,,,cluster3,,,,cluster7,,,,cluster22,,,,cluster5,,,
how,n,abs_senti,pos_n,neg_n,n,abs_senti,pos_n,neg_n,n,abs_senti,pos_n,neg_n,n,abs_senti,pos_n,neg_n,n,abs_senti,pos_n,neg_n,n,abs_senti,pos_n,neg_n,n,abs_senti,pos_n,neg_n,n,abs_senti,pos_n,neg_n,n,abs_senti,pos_n,neg_n,n,abs_senti,pos_n,neg_n
0,347,133.067,29.257,13.369,189,97.940,22.018,15.007,190,95.147,28.264,10.142,46,35.736,8.002,8.135,70,26.224,10.738,2.152,268,108.099,23.735,17.010,200,104.672,30.130,10.101,59,19.162,3.000,3.018,14,9.326,3.000,1.000,128,53.813,21.104,3.000
1,344,155.732,42.964,10.386,207,111.016,29.183,15.094,153,48.834,9.528,5.050,43,20.999,4.000,4.000,66,27.485,8.000,5.550,277,123.192,24.522,20.641,219,125.202,37.517,12.161,50,21.168,4.368,2.368,17,9.511,2.368,2.000,110,60.407,19.239,7.000
2,291,149.280,43.610,14.486,262,137.987,31.052,28.018,159,99.317,29.418,12.135,40,24.792,7.000,3.018,57,17.358,4.057,2.000,304,114.835,29.871,18.574,165,98.543,20.414,18.386,55,33.898,6.135,5.000,18,10.195,3.368,2.000,78,36.970,11.000,8.000
3,240,124.063,36.212,16.050,306,162.564,40.692,28.335,92,48.472,15.871,6.000,28,15.255,5.000,2.000,55,18.022,1.405,5.035,298,128.813,36.076,12.443,102,74.052,22.291,13.007,42,17.421,6.368,1.000,12,7.002,1.000,1.000,83,43.381,11.000,6.000
4,206,86.320,30.278,5.046,330,155.162,40.197,22.326,49,22.072,8.135,1.135,22,12.435,2.000,2.000,41,12.861,1.000,2.031,299,148.767,40.954,23.563,72,48.879,15.373,7.050,48,28.226,8.368,3.018,16,10.085,2.000,1.000,47,29.722,11.000,3.000
5,166,59.576,10.091,10.370,262,116.835,19.792,27.475,33,19.401,6.000,3.000,11,4.592,1.000,1.000,44,21.752,3.003,3.778,209,100.245,20.578,21.247,42,20.780,3.000,4.368,49,31.561,8.000,3.000,12,7.609,3.000,1.000,24,14.931,4.000,2.000
6,144,57.885,9.554,10.068,154,68.222,12.188,13.389,16,5.472,2.000,0.050,5,0.284,0.000,0.000,21,10.924,2.000,3.580,173,86.861,17.567,18.189,35,13.614,2.021,3.018,12,4.607,0.368,1.368,5,2.126,1.368,0.000,7,3.792,2.000,0.000
7,98,39.124,6.104,7.135,66,28.491,3.138,6.054,4,3.525,1.000,1.104,3,2.120,1.000,0.000,14,12.651,1.135,2.549,132,71.380,14.896,15.188,35,18.779,6.418,1.050,3,3.391,1.000,1.000,5,2.286,0.050,1.000,6,3.018,2.000,0.000
8,73,14.527,0.007,2.000,35,11.734,3.005,4.003,2,0.689,0.000,0.000,3,1.599,0.000,0.000,7,1.851,0.000,1.000,44,23.069,3.135,6.277,14,6.024,1.000,1.001,3,2.319,0.000,2.000,1,0.142,0.000,0.000,0,0.000,0.000,0.000
9,68,16.290,3.368,2.000,19,4.478,2.000,0.000,5,0.426,0.000,0.000,0,0.000,0.000,0.000,3,2.138,0.018,1.000,34,13.036,3.000,3.002,9,1.781,0.000,0.000,0,0.000,0.000,0.000,1,2.652,1.000,0.000,0,0.000,0.000,0.000
10,52,16.796,2.000,3.000,9,5.527,2.000,0.135,1,0.142,0.000,0.000,1,2.496,1.000,0.000,3,1.340,0.000,0.000,24,11.685,1.136,4.000,9,6.037,0.000,1.000,3,0.426,0.000,0.000,0,0.000,0.000,0.000,10,0.018,0.000,0.000
11,125,29.564,3.368,0.001,11,2.262,0.000,1.000,4,1.889,0.000,0.000,0,0.000,0.000,0.000,8,4.170,0.018,1.000,23,13.335,2.000,4.000,16,11.228,3.000,4.002,2,0.866,0.000,0.000,0,0.000,0.000,0.000,17,2.162,0.000,0.000
12,162,46.684,7.504,2.000,30,16.551,8.000,0.386,12,3.558,0.000,1.000,14,1.845,1.368,0.000,17,4.067,1.025,0.005,44,23.065,7.050,2.373,18,9.148,4.000,0.000,12,5.554,2.368,0.000,3,1.054,0.000,0.000,27,9.712,3.000,1.000
13,172,64.226,11.386,8.000,52,14.115,1.018,0.000,27,15.065,6.000,1.368,6,1.353,0.000,0.000,24,10.509,3.375,1.000,73,27.556,8.050,4.000,26,16.781,8.368,1.000,21,6.793,1.104,1.000,4,1.203,0.000,0.000,49,17.174,6.000,2.000
14,189,71.198,15.576,5.002,76,35.969,7.000,5.135,46,25.146,10.368,0.000,7,2.177,0.000,0.000,37,19.090,3.742,2.000,133,51.090,15.871,5.000,58,26.530,8.609,3.007,51,13.419,2.503,0.368,14,4.781,2.000,0.001,68,19.678,7.135,1.000
15,267,98.501,25.824,8.018,108,54.731,22.871,7.804,54,23.756,7.472,3.368,26,13.536,3.000,0.000,38,17.017,4.000,1.000,204,79.123,9.028,19.757,68,31.969,9.272,3.000,50,25.113,8.736,1.368,11,4.433,2.000,0.000,88,26.320,11.135,0.000
16,287,110.666,23.542,15.006,137,52.930,15.105,4.001,111,43.924,15.607,1.000,25,9.824,2.000,1.000,52,22.870,6.139,4.549,231,87.520,18.743,10.029,112,62.797,14.895,5.001,74,35.573,10.959,2.000,19,8.416,2.000,1.003,111,39.932,10.000,4.000
17,266,95.418,20.639,11.000,152,70.264,21.260,11.343,213,107.187,32.639,8.000,30,12.909,2.000,3.000,64,24.510,6.001,3.927,295,126.837,27.063,19.050,125,71.121,18.333,11.272,73,24.113,5.050,0.007,14,5.655,1.000,1.000,143,47.634,13.000,6.000
18,261,110.647,28.007,6.001,140,49.728,9.278,6.418,178,98.095,24.374,9.050,28,14.917,2.000,2.018,60,25.026,5.757,4.206,258,103.397,24.943,15.369,122,61.175,13.271,10.736,40,17.097,4.889,1.368,18,8.258,1.000,2.000,147,55.651,20.736,2.000
19,277,106.674,21.515,16.786,145,57.809,14.154,7.057,167,92.751,25.406,13.000,36,27.040,10.000,0.000,53,18.923,2.369,3.001,265,106.511,24.175,21.411,79,40.869,8.749,12.414,43,26.338,6.000,5.000,15,5.368,2.000,0.000,134,52.336,16.368,5.104
20,281,121.054,33.838,9.019,121,41.015,11.002,3.387,139,76.792,17.368,13.135,22,20.209,4.000,6.000,52,27.586,5.002,5.000,234,104.444,25.856,14.371,76,35.722,9.201,6.172,42,26.652,7.736,3.000,12,5.493,1.000,1.000,145,53.122,13.239,6.000
21,234,94.868,21.086,8.507,140,48.382,11.208,5.407,97,33.167,6.792,3.000,22,9.129,3.000,0.000,55,27.497,7.000,7.239,253,93.967,17.687,16.143,99,46.282,8.425,6.369,14,4.120,0.050,2.000,18,7.360,3.050,1.002,128,42.404,11.368,3.000
22,251,101.789,23.423,9.468,126,52.261,10.016,6.145,95,34.296,10.000,3.000,19,6.156,1.154,1.000,57,17.874,2.018,5.027,222,85.785,20.162,13.206,95,43.547,12.849,6.271,37,15.890,5.135,1.000,7,0.710,0.000,0.000,115,42.262,16.000,3.000
23,268,93.579,27.073,6.003,159,70.944,22.368,6.055,96,49.443,20.871,3.000,32,14.249,4.000,0.000,69,31.584,7.003,5.000,308,116.970,18.931,19.610,152,82.301,21.037,7.000,25,15.268,5.050,1.368,14,10.586,2.000,3.000,101,40.239,14.000,3.000
24,307,84.544,16.386,8.086,165,74.387,18.511,15.061,84,30.266,14.657,1.000,32,17.549,3.368,3.000,78,32.942,11.038,3.237,263,78.106,16.806,8.874,148,71.690,14.380,11.369,30,15.500,4.000,2.000,14,5.635,1.000,0.000,101,32.581,7.736,4.000
25,341,92.266,22.264,9.284,177,66.923,17.667,9.026,69,26.477,4.000,5.000,35,12.752,3.368,2.000,90,35.314,13.022,4.196,438,154.521,27.753,27.540,174,89.117,17.516,13.649,23,9.057,4.050,0.000,11,4.730,1.000,0.000,93,36.883,11.000,3.000
26,301,75.823,16.014,14.874,179,57.726,10.376,11.104,46,24.770,6.736,3.000,23,5.082,1.871,0.135,73,34.395,6.022,7.415,362,147.226,30.039,32.142,169,85.037,19.817,14.789,22,13.322,4.002,2.000,10,3.753,1.000,0.000,93,38.547,8.000,7.000
27,258,70.403,15.794,13.385,148,48.757,10.385,7.059,50,18.743,6.804,1.000,27,8.215,2.000,0.000,62,25.799,6.140,2.549,373,134.221,22.899,33.265,146,59.545,14.848,11.156,25,14.214,5.000,0.000,8,1.921,0.000,0.002,59,29.397,11.000,4.000
28,210,50.929,11.380,6.747,124,30.592,5.394,7.739,33,12.940,3.000,3.000,11,1.929,1.018,0.000,39,17.102,3.002,4.407,265,95.812,21.548,15.062,94,35.594,3.806,8.504,15,6.625,4.000,0.000,6,4.283,1.000,0.000,39,23.858,8.368,1.000
29,140,35.141,10.288,3.075,88,32.701,13.386,6.210,19,6.981,1.000,2.000,10,3.555,1.000,1.000,21,10.000,2.021,1.000,169,65.843,11.384,9.193,65,21.858,3.104,6.664,9,5.565,0.000,2.000,6,1.825,0.000,0.000,16,9.078,3.368,0.000
30,109,21.632,5.376,3.002,28,12.087,3.000,3.000,12,0.287,0.000,0.000,5,0.142,0.000,0.000,9,2.856,0.001,1.000,93,31.997,5.375,4.057,33,7.564,0.039,4.271,2,0.284,0.000,0.000,1,0.142,0.000,0.000,4,2.332,1.000,0.000
31,96,30.720,6.007,2.000,8,4.493,1.000,1.000,8,0.578,0.000,0.000,3,0.062,0.018,0.000,15,5.519,1.386,2.000,52,13.865,4.368,1.792,28,11.592,2.100,2.368,0,0.000,0.000,0.000,0,0.000,0.000,0.000,3,0.142,0.000,0.000
32,65,10.555,0.000,1.000,15,1.293,0.000,0.000,2,0.000,0.000,0.000,1,0.142,0.000,0.000,4,2.696,1.000,1.000,22,7.394,2.013,1.050,12,7.879,3.000,0.002,1,1.864,1.000,0.000,2,0.282,0.000,0.000,5,0.000,0.000,0.000
33,57,15.662,0.000,2.018,15,5.003,2.000,0.000,1,0.000,0.000,0.000,4,0.760,0.000,0.000,6,5.248,3.000,0.000,12,5.199,1.000,0.000,10,4.285,0.000,1.000,1,0.142,0.000,0.000,3,1.041,0.000,0.000,3,0.000,0.000,0.000
34,75,29.971,3.871,7.000,5,0.061,0.001,0.050,5,2.003,1.000,0.000,1,0.142,0.000,0.000,9,7.276,3.000,1.000,16,7.629,4.000,1.000,8,7.495,2.000,2.000,3,2.311,1.000,0.000,0,0.000,0.000,0.000,12,0.000,0.000,0.000
35,147,37.872,5.000,3.368,24,8.558,0.050,1.000,10,9.268,2.000,2.000,1,0.142,0.000,0.000,14,3.396,1.002,1.004,34,15.420,3.000,3.420,11,3.482,0.000,0.000,5,2.496,0.000,1.000,2,0.422,0.000,0.000,14,1.175,0.000,0.000
36,250,95.718,15.382,16.154,37,16.122,5.136,1.000,12,5.908,4.000,0.000,8,1.129,0.000,0.000,30,7.345,1.012,1.000,87,39.813,10.106,5.050,33,21.001,3.050,4.000,13,7.868,1.100,1.000,7,1.102,0.000,0.000,28,12.762,2.000,4.000
37,264,76.174,11.687,9.163,36,14.495,5.118,1.368,29,7.417,1.001,1.000,10,1.544,0.000,0.000,22,14.429,2.368,5.004,141,72.164,17.321,15.522,60,21.733,5.256,3.436,16,5.563,1.050,0.000,8,5.791,2.000,0.000,38,9.239,2.000,1.000
38,303,97.304,16.291,17.053,58,32.329,8.014,6.000,32,9.723,4.000,1.135,14,6.734,1.000,1.000,29,11.052,2.368,1.000,206,82.774,16.893,13.141,76,34.033,7.209,3.071,16,6.475,3.000,0.000,4,1.130,0.185,0.000,46,8.572,3.000,0.000
39,326,107.389,21.005,16.256,75,26.285,3.418,5.369,38,13.033,1.000,1.000,10,3.908,1.000,0.000,37,20.376,5.000,3.549,226,101.530,17.856,24.068,81,33.262,9.023,1.185,22,8.953,1.000,0.000,6,2.553,1.000,0.000,59,27.826,9.135,4.368
40,347,117.106,22.423,12.522,61,19.965,4.100,2.503,63,28.268,4.871,3.000,17,8.852,2.000,2.000,39,18.632,3.142,3.000,264,99.869,15.438,23.115,73,28.886,5.207,5.001,34,23.080,8.774,1.135,5,2.262,0.000,0.000,38,9.917,4.000,0.000
41,350,113.393,21.851,11.343,91,28.813,7.037,2.136,49,23.250,5.018,5.000,19,10.143,3.018,1.000,34,11.431,3.135,1.074,327,133.492,26.964,20.010,80,42.171,11.745,7.000,37,17.565,4.418,3.000,8,3.264,1.000,0.000,47,9.886,2.000,1.000
42,310,94.123,16.172,10.394,125,41.651,8.375,4.104,48,19.005,5.000,2.368,18,5.748,1.000,1.000,33,16.406,2.018,3.549,269,106.816,23.111,14.393,94,32.857,6.373,4.368,29,10.692,2.000,1.368,11,1.985,0.000,0.000,46,10.708,4.000,0.000
43,351,117.896,18.349,14.224,88,30.607,4.038,4.019,53,23.570,4.018,5.000,27,11.265,4.000,1.639,51,24.504,4.386,8.004,294,127.902,25.494,17.190,85,24.486,2.051,4.639,22,5.908,1.000,1.000,9,4.058,0.000,0.000,58,12.400,3.000,2.000
44,313,103.990,15.389,12.513,90,40.450,9.782,6.000,67,29.759,8.503,4.000,26,8.672,1.000,2.000,50,24.105,5.000,4.004,270,112.842,25.176,21.159,60,25.251,4.370,4.368,30,15.020,4.135,2.000,10,3.514,1.000,0.000,43,17.878,5.135,4.000
45,301,115.153,21.523,14.058,124,43.057,12.386,4.009,78,30.513,10.418,3.000,27,17.493,4.135,3.000,46,27.042,9.000,1.004,273,107.603,23.633,16.905,75,27.342,4.274,4.019,55,21.180,5.135,2.025,8,2.227,0.000,0.000,57,24.258,7.000,3.000
46,273,90.212,20.105,8.424,98,42.306,11.277,4.136,140,60.266,19.601,2.000,40,17.706,4.005,1.018,61,24.431,3.000,5.004,287,103.644,18.241,15.105,96,54.992,15.375,8.553,33,11.175,4.000,0.405,7,2.787,0.000,0.002,53,16.581,5.000,2.000
47,289,103.072,22.154,16.260,152,67.006,23.763,6.018,187,86.711,26.375,8.000,44,23.835,6.381,4.386,86,41.503,5.000,8.553,264,99.869,18.766,19.003,163,79.334,23.007,7.908,31,15.061,4.135,1.368,10,6.757,1.135,2.000,53,17.334,8.000,1.000
48,271,62.368,13.142,6.100,159,59.312,18.738,5.138,147,50.603,9.510,7.639,56,13.607,3.368,3.368,65,31.873,8.368,4.004,326,119.281,28.199,16.882,182,86.788,21.328,6.647,32,8.999,1.018,1.000,9,6.604,1.000,2.000,77,21.645,3.000,3.000
49,308,65.846,13.769,8.001,179,58.488,11.506,9.372,121,57.792,14.000,8.000,49,20.954,5.271,3.019,65,38.544,10.375,6.000,326,121.649,27.791,12.420,178,87.822,17.612,23.006,19,13.320,5.000,1.000,10,7.617,1.418,2.000,77,31.677,6.104,7.000
50,338,55.720,6.635,4.516,152,42.134,5.138,10.014,100,34.876,7.472,6.000,43,13.019,3.135,3.000,85,43.876,10.871,9.037,366,131.738,31.446,21.059,161,74.973,21.882,11.745,27,11.535,3.000,2.018,9,3.050,0.000,1.000,57,21.124,8.000,2.000
51,233,49.152,3.334,8.419,158,46.966,11.029,3.102,41,11.849,5.000,0.000,24,4.624,0.018,0.000,56,13.719,2.386,0.553,299,80.564,16.685,12.410,129,49.829,8.757,9.695,19,16.297,2.000,7.000,9,4.867,2.418,0.000,46,22.004,5.000,3.000
52,206,45.064,5.590,10.007,116,28.781,4.136,3.015,31,14.208,6.000,0.000,14,3.064,1.000,0.000,33,5.832,0.000,0.004,272,100.615,18.293,21.543,103,42.294,10.630,2.737,13,6.687,2.135,1.000,4,1.470,0.000,0.002,18,8.927,3.000,0.000
53,137,27.486,3.505,3.425,65,19.731,5.506,2.885,15,0.988,0.000,0.000,7,2.272,1.000,0.000,14,4.740,0.001,1.000,202,64.150,7.517,12.068,86,20.921,5.471,1.298,6,3.284,0.000,1.000,1,0.142,0.000,0.000,9,1.497,0.000,0.000
54,85,13.431,1.000,1.368,48,16.478,3.736,5.000,10,0.398,0.000,0.149,8,1.640,0.000,0.000,15,5.939,1.003,0.000,98,35.789,3.137,10.745,43,11.533,2.000,1.271,1,1.218,1.000,0.000,4,1.891,0.271,0.000,2,0.000,0.000,0.000
55,70,14.201,2.000,3.000,23,0.943,0.002,0.018,7,1.028,0.135,0.000,3,1.059,0.018,0.000,5,0.201,0.000,0.000,57,12.649,0.386,2.000,30,7.565,1.003,1.000,3,2.223,1.000,0.000,1,0.561,0.000,0.000,1,1.094,1.000,0.000
56,68,16.895,0.000,3.000,13,2.810,0.000,1.018,8,0.204,0.000,0.050,2,0.508,0.000,0.000,5,2.644,1.018,0.000,32,5.165,0.000,0.503,8,1.250,0.000,0.000,0,0.000,0.000,0.000,0,0.000,0.000,0.000,8,0.000,0.000,0.000
57,38,5.917,0.000,0.000,10,0.838,0.000,0.000,5,0.284,0.000,0.000,1,0.841,0.000,0.000,3,0.793,0.135,0.000,24,13.730,2.000,3.368,10,2.091,1.000,0.000,1,0.353,0.000,0.000,1,0.142,0.000,0.000,4,0.000,0.000,0.000
58,68,17.199,2.000,2.000,14,5.217,1.000,0.000,3,0.142,0.000,0.000,2,1.094,1.000,0.000,10,4.889,2.368,0.000,18,5.335,1.000,0.000,7,2.352,0.000,0.000,0,0.000,0.000,0.000,2,0.142,0.000,0.000,20,0.540,0.000,0.000
59,151,50.515,8.443,7.103,30,8.402,1.000,2.118,9,4.570,0.000,2.000,6,1.668,0.000,1.018,18,11.006,2.889,1.202,51,24.134,2.406,6.203,17,15.211,3.104,5.002,6,2.712,1.000,0.000,3,1.168,0.000,0.000,18,1.665,1.000,0.000
60,253,81.728,14.643,8.063,44,13.429,2.008,1.135,21,3.357,0.503,0.000,11,3.761,1.000,0.018,21,8.299,1.000,2.004,89,38.208,4.504,9.188,36,16.618,5.050,2.368,14,7.585,2.000,0.000,11,3.017,0.368,0.000,20,2.141,1.000,0.000
61,301,96.832,16.299,11.392,56,14.188,2.007,1.736,16,6.299,1.000,1.000,7,2.753,0.135,1.000,31,20.892,5.008,2.202,153,60.267,10.434,8.053,68,15.780,1.009,4.000,16,4.890,2.000,0.000,10,3.161,0.000,0.000,34,7.298,2.000,2.000
62,332,115.597,27.438,11.426,59,22.764,7.368,2.908,22,7.447,1.000,1.000,8,2.469,0.000,0.135,39,20.943,5.370,4.000,236,108.766,21.698,12.558,84,39.069,9.611,3.418,21,13.224,5.000,1.000,10,4.396,1.185,0.000,43,9.034,3.000,1.368
63,373,124.417,26.182,13.288,74,20.129,5.156,3.055,54,13.895,4.000,1.000,17,4.529,1.037,1.000,42,17.145,5.000,2.001,263,126.870,27.642,27.873,86,32.767,7.664,5.922,21,9.950,3.050,1.000,7,3.294,0.368,1.000,55,8.669,1.736,1.000
64,376,132.613,27.897,13.090,102,38.801,9.738,2.154,30,10.306,1.368,3.000,15,9.369,2.135,3.000,48,15.219,0.368,2.206,264,108.339,17.759,19.464,85,27.103,7.066,3.022,41,15.562,3.368,1.007,15,6.085,3.000,0.000,44,11.196,5.000,0.368
65,360,135.449,27.942,19.058,105,37.101,10.641,3.050,22,6.498,2.000,0.000,23,5.852,2.000,0.000,38,12.253,4.271,1.055,285,107.926,21.391,21.141,87,25.666,4.757,3.508,47,29.179,9.050,3.000,6,4.856,1.000,0.000,42,8.527,2.000,0.135
66,348,121.315,20.518,21.366,89,22.996,3.890,5.000,34,10.610,2.000,1.000,21,6.516,0.000,1.000,32,11.090,2.000,1.000,290,125.224,24.578,21.518,86,45.531,9.135,9.000,38,15.734,4.467,0.000,8,2.963,0.050,0.000,35,8.379,1.368,0.000
67,363,111.764,24.902,12.822,107,35.841,8.664,2.071,59,16.674,7.000,0.000,27,7.255,0.050,1.000,44,22.242,4.000,5.000,274,93.165,18.120,14.760,80,29.352,5.738,4.872,22,8.503,1.000,2.368,11,3.581,0.000,1.368,49,9.029,3.000,1.135
68,354,115.056,21.739,8.305,114,31.581,8.640,6.001,42,15.580,4.472,3.368,34,12.594,1.000,3.375,56,20.395,5.001,2.027,296,120.961,16.775,26.484,80,32.913,8.160,5.002,27,8.746,3.000,0.007,11,4.091,2.368,0.000,49,9.341,0.368,2.135
69,346,129.400,22.406,16.024,137,48.444,11.610,8.368,60,24.602,6.368,0.000,44,15.087,3.368,0.786,52,20.648,5.032,0.000,275,96.848,20.150,17.387,113,43.936,13.393,4.698,39,13.224,4.000,1.000,13,9.687,3.135,0.000,58,14.234,3.000,1.000
70,284,101.456,21.786,12.661,161,57.854,14.553,8.340,135,43.911,13.386,3.000,48,11.733,1.000,3.013,45,21.343,4.368,4.623,270,109.845,29.482,15.498,161,76.780,18.753,7.745,35,19.913,5.185,3.000,7,0.767,0.000,0.000,48,19.703,4.000,6.135
71,283,110.232,23.793,12.923,149,55.507,11.508,10.161,241,97.186,30.503,6.368,36,17.426,3.000,4.000,65,16.002,2.002,2.129,301,107.251,22.026,18.759,231,123.082,38.210,15.691,46,27.316,10.135,3.001,16,8.214,3.000,1.001,49,16.985,3.368,2.000
72,245,99.136,23.018,11.401,148,52.256,7.369,7.368,190,85.931,22.018,13.000,44,22.365,6.000,4.000,77,19.319,3.135,1.576,269,87.823,16.639,14.112,226,125.401,32.762,17.154,46,27.665,9.467,3.368,12,6.515,1.000,1.000,35,9.940,1.368,2.000
73,236,76.283,13.264,10.291,171,71.131,16.021,9.112,211,118.316,35.314,16.104,47,19.197,2.436,3.018,82,34.307,5.473,6.751,322,121.798,21.349,24.253,224,108.165,28.836,15.135,26,17.936,3.000,3.736,9,6.277,2.050,1.000,56,23.255,7.000,1.000
74,240,77.488,22.122,7.747,188,85.938,17.007,17.813,101,40.834,12.123,6.000,41,13.751,2.368,2.000,69,24.788,7.371,1.212,306,109.108,18.296,20.813,169,100.888,29.309,16.377,42,23.140,9.000,1.000,6,2.465,1.050,0.000,50,15.520,4.368,2.000
75,198,64.958,16.389,10.074,174,65.072,14.473,14.125,38,10.769,5.000,0.000,22,3.952,2.000,0.000,48,11.626,4.503,0.001,282,96.536,17.451,16.509,136,61.777,14.522,7.374,21,15.181,7.002,0.368,9,4.010,1.000,1.000,21,6.212,2.000,0.000
76,177,45.668,7.377,7.050,124,42.789,12.439,4.577,39,9.208,3.000,2.000,14,2.781,0.000,1.000,29,14.975,2.000,2.280,261,93.952,19.195,16.824,109,49.482,13.739,7.368,14,10.516,2.000,2.736,5,0.770,0.050,0.002,17,8.321,3.000,1.000
77,133,28.497,2.019,7.014,80,29.683,5.272,6.019,18,4.023,0.000,1.000,11,1.001,0.000,0.000,25,9.435,3.002,2.230,180,55.344,9.978,10.273,64,17.449,3.368,3.000,8,3.721,0.000,1.000,3,4.410,0.000,2.000,9,2.659,1.000,0.000
78,97,19.413,1.387,1.000,48,7.577,0.368,1.000,10,1.316,0.000,1.000,1,2.589,0.000,1.000,9,4.272,0.001,2.001,94,38.000,7.375,6.736,37,8.389,2.427,1.369,3,1.104,0.000,0.000,1,0.912,0.000,0.000,7,1.257,1.000,0.000
79,74,25.726,4.018,4.007,22,2.752,0.000,0.000,6,0.284,0.000,0.000,4,0.000,0.000,0.000,9,5.572,0.000,2.000,37,11.564,2.007,2.375,21,6.833,1.000,2.018,2,0.194,0.000,0.000,1,0.142,0.000,0.000,0,0.000,0.000,0.000
80,49,7.831,0.135,2.001,28,4.205,0.000,1.000,1,0.000,0.000,0.000,1,0.589,0.000,0.000,7,5.438,2.001,0.000,25,5.983,0.000,1.000,8,1.768,0.000,1.000,0,0.000,0.000,0.000,0,0.000,0.000,0.000,1,0.561,0.000,0.000
81,66,16.500,2.000,3.000,10,1.172,0.000,0.000,5,0.284,0.000,0.000,1,2.340,1.000,0.000,4,1.097,0.000,0.000,17,5.943,1.000,1.001,9,2.078,1.135,0.002,0,0.000,0.000,0.000,0,0.000,0.000,0.000,1,0.000,0.000,0.000
82,73,12.728,0.000,1.000,16,4.664,1.050,0.000,6,1.318,0.000,0.000,4,0.426,0.000,0.000,15,2.102,0.000,0.000,27,10.775,1.007,2.368,6,5.653,0.000,2.000,2,1.044,0.000,0.000,1,0.142,0.000,0.000,24,1.882,1.000,0.000
83,161,44.516,11.397,3.419,22,7.322,2.000,0.000,8,0.426,0.000,0.000,5,1.135,0.007,0.000,24,15.317,5.503,3.000,61,26.753,6.368,5.203,18,4.806,0.000,1.368,8,1.767,0.002,0.000,2,2.941,0.000,1.000,21,1.971,0.000,1.000
84,243,70.494,10.260,11.033,37,11.998,3.788,2.005,20,9.258,2.135,2.000,14,3.104,1.018,0.000,20,10.591,2.002,1.000,84,36.236,6.418,6.000,46,13.272,2.369,2.050,11,3.099,0.000,1.368,4,0.426,0.000,0.000,16,3.930,1.000,0.000
85,309,106.201,18.855,14.577,52,17.522,4.000,2.000,17,7.956,3.000,0.368,13,4.586,1.106,0.135,22,9.998,2.000,2.202,180,63.994,14.154,10.193,60,21.313,3.001,6.271,15,5.063,1.368,1.000,4,4.763,2.000,1.000,42,9.457,2.736,1.000
86,287,99.552,21.286,15.754,59,20.782,4.742,5.368,34,6.976,1.736,0.000,9,4.323,2.000,0.000,43,10.995,3.138,1.004,207,87.776,15.734,16.418,69,21.314,2.506,2.136,19,10.131,2.154,1.000,7,2.187,0.000,0.000,67,15.069,2.368,3.000
87,343,118.140,24.758,15.721,63,27.296,2.005,4.553,39,11.732,1.000,3.000,21,7.682,1.007,0.406,53,23.942,6.052,4.007,287,102.530,14.812,18.765,99,32.045,3.691,7.791,37,21.405,10.050,0.000,9,4.895,1.050,0.000,58,14.951,3.000,2.000
88,380,124.905,28.560,12.166,73,25.474,6.056,3.000,42,11.250,3.000,1.000,18,8.403,0.000,2.000,50,22.161,3.003,6.207,283,123.424,24.655,19.161,99,52.951,10.156,9.504,39,14.927,4.368,0.000,12,1.804,0.000,0.001,32,15.604,5.368,2.000
89,357,117.644,27.714,9.142,93,32.933,7.424,6.000,46,10.136,2.736,0.135,16,6.043,3.000,0.149,51,22.871,6.004,2.754,323,148.793,23.712,25.716,99,30.065,5.774,3.135,57,29.895,9.503,2.000,11,5.721,2.000,1.000,47,9.104,2.000,2.000
90,358,123.561,25.425,10.938,102,27.808,6.522,6.368,52,20.437,3.000,3.000,19,8.701,2.000,1.000,55,21.865,4.135,3.000,306,110.444,19.605,16.692,105,45.612,9.160,6.370,35,12.741,4.000,2.000,15,3.880,0.368,0.000,29,5.756,1.000,1.000
91,343,111.447,18.389,15.104,86,28.093,4.135,4.037,63,24.430,8.000,2.000,31,7.893,2.368,0.000,58,21.626,5.411,2.000,266,103.233,20.426,16.019,88,37.261,8.050,3.053,28,13.741,5.000,0.000,7,2.986,1.000,0.000,41,10.961,2.000,1.000
92,352,116.979,24.006,14.793,87,33.345,8.059,2.000,63,28.709,8.000,4.000,32,9.726,3.050,2.375,47,24.436,1.000,9.000,318,135.978,23.320,26.059,103,42.543,6.506,8.000,32,14.699,5.418,1.007,4,2.511,0.000,1.000,47,12.251,5.000,0.000
93,351,131.621,27.693,20.206,105,35.567,6.002,5.240,75,27.624,6.418,3.000,31,12.676,3.050,2.018,48,29.109,6.000,6.202,286,121.655,21.425,20.162,114,45.740,14.277,3.556,29,15.918,4.000,2.000,6,3.453,1.368,0.000,42,15.060,4.000,2.000
94,314,125.749,24.555,17.057,121,34.151,6.571,4.203,186,64.300,20.204,5.154,43,25.141,6.000,4.000,43,18.479,4.368,3.000,260,103.843,27.431,12.456,101,50.692,16.050,4.025,33,13.792,1.368,3.000,8,3.349,1.050,1.000,48,20.954,3.000,5.000
95,297,94.867,19.923,11.468,146,59.531,17.267,3.370,302,119.724,28.375,9.436,51,16.889,4.007,4.000,74,33.916,11.003,4.549,263,95.901,22.382,11.050,188,90.243,22.527,9.370,40,16.616,5.000,3.000,12,4.278,0.368,1.000,53,15.415,4.000,1.000
96,297,100.329,25.008,13.617,154,60.075,16.072,10.370,276,138.197,39.368,14.000,41,12.265,2.368,2.000,70,36.556,13.142,3.014,351,127.798,21.533,27.569,228,123.591,34.647,14.871,50,30.448,9.153,4.000,12,2.620,1.000,0.000,59,20.322,2.368,4.000
97,290,80.730,16.518,9.018,168,59.874,14.419,7.188,216,96.677,29.702,8.571,48,17.142,5.000,4.000,81,26.814,5.368,2.160,332,120.102,14.790,23.423,189,94.203,28.527,12.162,38,11.431,2.104,1.007,8,6.683,3.135,1.000,60,21.020,7.000,4.000
98,308,80.029,19.007,11.032,222,79.888,18.527,13.054,189,88.213,19.374,16.922,68,18.037,4.375,1.000,71,24.607,2.003,3.604,375,153.074,26.097,28.785,179,94.836,27.143,13.014,40,18.289,6.000,1.000,10,6.396,1.000,1.000,49,13.689,4.368,2.000
99,259,65.586,9.812,10.000,159,59.512,16.136,10.751,123,57.582,14.878,8.185,34,9.992,1.000,2.000,58,18.650,0.693,5.580,337,99.305,17.025,20.398,155,64.951,15.021,11.782,23,8.719,1.135,1.000,14,3.203,1.000,0.000,22,8.153,2.368,1.000
100,209,56.296,13.503,3.142,182,53.229,12.150,8.437,56,18.035,3.000,2.000,15,5.494,1.000,2.000,32,13.378,4.001,1.004,270,103.131,15.716,21.878,87,32.318,11.448,3.529,13,4.112,0.000,1.000,6,4.080,2.000,0.000,18,7.399,5.000,0.000
101,148,32.663,5.622,3.555,109,30.211,10.789,3.000,24,5.826,1.050,0.000,15,4.075,1.000,0.000,26,6.409,2.005,0.014,177,56.538,14.549,7.534,73,28.134,6.241,4.890,5,0.710,0.000,0.000,2,0.667,0.000,0.000,10,3.384,2.000,0.000
102,100,26.326,4.002,6.050,63,20.154,5.005,3.370,12,1.143,0.368,0.000,8,0.196,0.000,0.000,26,1.870,0.002,0.030,98,40.147,6.386,8.871,33,15.534,2.000,4.000,3,0.426,0.000,0.000,7,3.495,1.000,1.000,5,0.142,0.000,0.000
103,68,9.007,1.000,0.000,33,7.946,2.000,1.375,8,0.927,0.000,0.000,4,0.000,0.000,0.000,16,5.276,1.000,2.202,59,16.865,3.443,3.135,17,7.407,0.368,2.000,4,2.298,1.000,0.000,0,0.000,0.000,0.000,0,0.000,0.000,0.000
104,65,9.279,1.018,0.057,17,3.485,0.008,2.018,6,2.042,0.000,1.000,1,0.000,0.000,0.000,3,0.468,0.000,0.000,25,8.387,2.000,2.000,7,1.522,1.000,0.000,2,2.471,0.368,1.000,0,0.000,0.000,0.000,3,0.000,0.000,0.000
105,58,8.416,0.135,1.050,15,0.868,0.050,0.000,4,0.000,0.000,0.000,2,1.073,0.000,0.000,8,7.894,0.000,2.000,12,6.360,1.000,1.000,6,2.021,0.000,0.368,2,2.087,2.000,0.000,0,0.000,0.000,0.000,1,1.960,1.000,0.000
106,76,14.463,1.000,1.000,8,2.847,1.000,0.000,4,1.477,1.000,0.000,2,0.934,0.000,0.000,9,5.079,1.000,1.549,27,6.407,1.000,1.000,7,0.701,0.000,0.000,6,2.936,1.000,0.000,0,0.000,0.000,0.000,16,0.142,0.000,0.000
107,158,48.964,6.303,10.135,36,11.636,2.135,2.050,14,2.770,0.003,1.000,1,0.721,0.000,0.000,31,14.944,3.050,1.020,44,20.233,4.000,2.000,18,5.821,1.007,0.000,14,6.463,1.050,0.000,2,1.768,1.000,0.000,19,1.502,0.000,0.000
108,277,93.777,13.292,13.211,35,13.784,4.386,1.000,19,9.348,2.000,2.368,10,2.118,0.007,0.000,26,10.696,3.068,1.000,98,43.640,8.503,8.057,36,16.379,3.000,4.000,10,2.229,1.050,0.000,6,3.875,1.050,0.368,25,6.565,1.000,1.000
109,331,109.642,26.220,8.402,60,15.076,3.396,1.000,35,11.467,3.368,0.000,14,4.336,0.007,2.018,31,10.193,2.154,0.000,167,60.833,8.087,14.001,56,22.025,2.774,2.051,18,9.353,2.000,1.000,10,3.346,1.000,0.000,43,12.347,4.368,1.000
110,434,119.352,19.151,16.084,67,29.640,6.003,6.001,44,17.372,7.000,1.000,11,4.171,0.000,1.000,45,16.227,3.406,3.004,251,95.130,24.356,12.177,66,36.146,9.135,4.503,25,6.865,0.135,0.000,3,1.503,0.000,0.000,49,13.571,4.368,3.368
111,429,153.362,31.240,14.513,63,18.482,3.138,1.000,39,8.333,2.135,0.000,11,1.434,0.050,0.386,36,19.705,6.135,1.616,285,130.797,20.364,31.341,79,31.147,3.391,5.271,33,17.034,3.104,3.000,9,4.867,1.000,0.002,37,10.070,3.736,0.000
112,384,135.783,28.602,18.406,107,41.948,11.376,3.069,55,23.236,4.000,4.000,28,10.913,2.007,4.050,60,26.233,6.007,5.000,343,143.342,28.186,24.423,104,49.408,11.000,9.007,29,12.026,4.000,0.007,6,3.153,1.000,0.000,36,11.484,2.000,0.368
113,400,141.006,27.609,18.869,105,37.291,5.623,7.387,53,20.180,5.000,2.000,40,15.742,4.503,2.185,48,21.176,3.747,3.010,337,134.278,27.953,17.200,88,41.589,4.377,10.369,31,11.667,2.000,0.368,10,4.218,2.000,0.000,47,9.747,1.000,2.000
114,407,149.742,30.022,22.483,90,34.614,11.763,2.339,59,24.085,5.135,4.000,29,6.531,2.000,1.000,54,18.588,3.420,4.000,339,128.140,13.557,31.347,104,39.788,8.503,5.000,35,17.621,3.037,4.000,12,5.576,0.503,1.000,29,1.519,0.000,0.000
115,392,129.610,24.977,14.249,104,39.046,8.312,4.020,59,25.102,7.000,2.000,37,13.443,2.237,2.375,55,20.603,4.503,2.004,340,139.166,23.764,26.505,101,38.244,6.199,9.271,43,9.863,2.000,0.135,14,8.732,2.000,1.000,49,13.778,4.000,3.000
116,342,143.511,28.106,18.235,122,37.099,6.052,5.493,58,15.925,4.000,3.000,30,14.393,3.368,2.000,43,15.475,3.529,2.000,294,121.090,29.382,20.242,102,38.206,6.156,7.419,29,13.700,3.000,2.000,8,7.002,3.000,2.000,46,8.937,2.000,2.000
117,347,116.153,21.850,15.142,127,57.131,14.605,9.390,62,19.639,4.000,2.000,22,8.995,2.000,1.000,43,15.672,3.021,2.234,272,105.624,21.654,19.070,102,30.516,3.057,7.137,43,16.020,4.000,2.000,11,5.161,1.135,1.000,82,31.436,9.000,4.000
118,296,95.679,21.704,9.114,142,66.924,13.781,7.163,109,45.889,11.736,6.000,40,12.316,2.010,1.000,79,35.842,9.390,3.206,279,119.399,25.597,20.677,155,67.313,11.192,15.019,42,14.210,4.135,0.000,10,1.864,0.000,0.000,92,34.120,6.135,4.368
119,300,110.560,30.122,9.395,170,75.822,22.573,12.000,159,65.465,20.135,4.503,41,19.316,6.000,1.368,64,31.666,6.423,8.000,300,96.974,17.034,16.186,244,135.212,47.364,15.241,53,18.749,6.368,2.000,9,2.345,1.000,0.000,179,75.737,21.007,9.000
120,334,113.628,26.138,11.419,159,64.042,22.559,11.053,149,63.283,18.804,7.289,53,15.245,4.014,2.368,79,37.883,9.019,5.755,264,92.957,19.254,13.186,241,136.716,40.560,16.508,41,12.128,4.503,1.000,14,4.655,1.368,0.000,210,92.389,25.874,8.368
121,304,102.591,16.142,14.375,185,62.921,17.671,3.874,103,42.579,9.037,9.000,58,22.295,4.021,3.736,62,24.802,6.154,4.074,317,110.375,18.540,15.427,234,121.736,32.176,15.533,72,26.509,8.472,0.756,11,9.263,3.000,1.000,160,47.360,13.368,7.000
122,298,86.599,16.284,9.136,229,97.591,24.427,12.768,96,42.647,15.000,3.000,40,20.008,7.018,2.000,52,23.783,2.000,5.000,328,120.853,20.592,22.387,139,71.439,21.743,8.754,41,20.774,5.052,4.375,23,4.873,0.000,0.000,136,45.801,12.000,3.000
123,261,72.614,10.611,12.087,208,93.101,17.548,15.529,55,17.715,6.006,2.000,27,3.922,1.000,0.001,45,23.279,4.000,5.004,300,114.211,23.996,16.522,103,37.819,8.303,6.161,52,33.463,7.271,8.000,8,2.337,0.135,0.000,69,33.042,10.368,5.000
124,182,55.705,11.315,6.276,175,66.255,16.104,12.003,34,11.334,2.000,2.000,27,3.946,0.000,1.000,33,11.048,2.021,3.202,316,108.999,28.800,14.342,73,20.948,3.242,4.000,45,23.126,7.000,2.000,12,8.061,2.000,1.002,32,10.240,3.000,1.000
125,157,44.408,8.472,4.007,120,48.874,17.289,7.000,21,3.499,1.000,0.135,5,4.536,0.135,2.000,25,11.491,4.738,1.004,204,65.150,12.126,7.210,73,17.181,6.167,1.386,36,20.132,4.000,3.368,1,0.998,0.000,0.000,30,11.412,4.368,1.000
126,122,29.778,5.376,3.000,69,20.249,6.143,3.418,13,2.891,1.368,0.000,5,0.000,0.000,0.000,17,6.740,3.002,0.004,121,40.604,6.100,9.795,47,14.934,4.368,2.000,17,15.172,3.000,2.000,0,0.000,0.000,0.000,11,1.299,0.000,0.000
127,68,17.215,2.155,2.000,29,5.689,0.000,2.000,4,0.142,0.000,0.000,2,3.083,0.000,1.000,13,6.566,0.001,3.000,67,29.221,5.528,7.007,21,4.801,1.018,0.368,8,5.575,2.000,1.000,0,0.000,0.000,0.000,2,1.470,0.000,0.000
128,43,12.709,1.000,1.000,26,4.045,2.000,1.018,2,0.984,0.000,0.000,2,0.015,0.000,0.000,5,0.707,0.018,0.000,29,9.419,2.000,2.553,7,0.314,0.018,0.000,2,1.342,0.000,1.000,2,0.152,0.000,0.000,1,0.870,0.000,0.000
129,46,11.505,0.000,2.001,28,1.072,0.149,0.000,5,1.062,0.000,1.000,0,0.000,0.000,0.000,2,1.349,1.000,0.000,7,2.408,0.000,1.000,7,4.616,0.000,2.000,0,0.000,0.000,0.000,1,0.142,0.000,0.000,5,3.582,2.000,0.000
130,112,31.038,6.736,2.050,20,5.351,1.368,0.000,5,1.351,1.001,0.000,5,1.967,0.000,0.000,9,5.269,2.000,0.000,27,11.050,5.018,0.000,4,5.003,3.000,0.000,0,0.000,0.000,0.000,0,0.000,0.000,0.000,25,5.220,1.000,2.000
131,146,41.136,5.001,6.001,25,10.466,3.517,1.000,6,3.808,0.000,1.000,6,1.435,0.000,1.000,23,10.734,3.185,1.000,52,20.557,4.000,4.050,20,7.345,1.000,2.368,10,2.558,0.000,0.368,3,1.507,0.135,0.000,18,3.049,1.000,0.000
132,274,96.197,15.520,7.305,51,17.802,3.001,4.107,17,4.501,1.000,1.000,6,0.388,0.007,0.000,43,27.126,5.135,5.000,93,35.338,8.068,5.151,35,21.560,4.068,5.000,10,2.687,1.002,0.000,7,1.221,0.000,0.000,13,6.190,2.368,0.000
133,290,111.092,26.886,13.204,69,22.847,5.072,2.871,21,4.752,1.000,1.135,9,1.397,0.000,0.000,45,18.710,3.418,3.031,143,69.774,15.389,11.375,73,28.811,7.339,3.289,22,8.081,3.000,0.000,12,4.561,2.050,0.000,34,6.320,1.000,1.000
134,328,117.661,29.662,14.387,81,24.457,7.515,4.138,25,9.323,5.000,0.000,9,1.928,0.135,1.000,49,24.361,8.186,1.503,226,99.166,18.437,13.376,100,47.964,8.211,7.408,29,9.746,4.050,0.007,9,3.221,0.000,1.000,50,19.326,6.368,2.000
135,339,134.326,21.904,23.958,77,35.926,8.003,6.754,33,15.273,2.000,3.000,13,3.488,0.000,1.000,33,12.380,3.371,2.549,291,119.741,19.892,22.726,100,34.898,8.441,3.003,56,29.295,6.104,5.000,6,3.106,2.000,0.000,61,22.574,2.000,3.368
136,412,172.712,31.485,29.296,90,30.411,9.467,1.000,49,12.684,2.050,1.271,25,11.680,1.370,1.000,57,28.329,6.185,5.028,285,112.052,23.315,18.712,95,35.010,2.237,8.000,56,32.963,9.368,4.000,11,7.385,1.000,1.000,42,17.273,4.000,4.000
137,341,129.303,25.804,15.110,104,36.325,10.871,4.135,29,12.317,4.000,1.368,25,6.742,1.368,1.000,60,20.589,3.743,3.202,312,120.868,21.797,20.025,105,41.936,8.763,9.376,57,33.143,12.050,4.368,10,4.864,1.000,0.000,55,24.878,10.000,2.000
138,370,140.781,31.434,18.371,109,39.011,9.014,3.426,39,18.026,3.368,2.000,22,6.437,2.000,0.000,43,24.073,3.003,5.004,285,89.416,16.439,9.154,94,29.760,6.145,3.505,44,23.633,9.005,2.000,16,6.557,1.000,2.001,50,13.489,1.000,2.000
139,368,130.542,22.868,16.252,101,40.638,9.436,3.143,48,17.252,5.368,1.018,27,9.006,2.368,1.000,57,23.120,4.736,3.000,230,103.792,26.000,15.900,93,38.993,12.389,4.371,49,26.810,8.368,4.368,9,2.819,1.000,0.000,49,13.878,3.000,1.000
140,381,153.418,32.178,18.612,96,34.564,7.142,4.386,62,22.636,9.000,0.368,37,14.150,1.050,3.000,47,20.144,7.386,1.004,233,112.667,30.598,22.142,88,35.141,13.271,2.738,48,18.676,1.000,2.368,15,5.880,1.000,1.000,57,30.578,9.000,6.000
141,357,131.670,32.170,13.186,125,60.748,17.503,7.019,130,52.881,12.548,8.368,41,11.060,2.135,1.000,58,23.200,5.000,1.553,178,62.176,12.686,5.000,73,29.716,10.512,0.368,38,15.834,3.135,1.000,14,10.330,5.000,1.000,65,14.434,5.000,0.000
142,296,110.355,22.716,9.206,138,75.631,27.504,8.000,242,108.930,35.375,7.736,68,35.464,6.002,7.000,67,37.715,14.736,1.553,175,64.597,13.168,10.019,109,48.951,9.639,5.368,52,17.067,2.021,1.135,9,1.679,0.000,0.002,63,33.150,8.135,6.000
143,347,125.182,35.065,8.168,167,74.835,17.683,11.000,331,135.145,35.543,14.368,54,21.214,3.000,1.522,82,31.018,7.405,3.000,221,109.684,25.503,19.676,132,72.381,14.662,12.000,46,22.192,8.000,3.000,11,3.884,1.000,0.000,75,33.260,10.000,5.000
144,413,165.512,49.288,12.736,167,86.692,21.787,14.138,269,128.537,42.210,10.104,79,38.123,9.368,4.503,53,21.625,5.138,1.202,216,86.890,18.793,12.185,160,92.545,25.034,11.639,52,31.943,10.368,3.000,13,7.499,3.368,0.000,88,29.764,7.000,3.000
145,337,113.539,33.477,12.009,177,83.778,22.395,10.050,223,99.947,26.320,11.135,43,25.765,7.000,4.000,47,16.142,2.370,3.000,271,101.195,26.310,11.398,174,102.202,32.689,10.135,55,38.406,10.368,6.368,11,4.005,0.368,0.000,74,31.396,9.368,3.736
146,382,118.819,27.303,12.621,207,107.300,24.842,19.303,200,103.154,30.780,11.104,44,18.938,4.149,5.000,61,22.132,6.056,0.000,308,120.882,25.771,22.478,123,77.806,18.000,9.643,42,27.447,7.000,4.000,13,8.302,2.050,1.368,76,31.200,6.000,5.736
147,286,108.194,26.282,12.185,235,116.846,25.269,18.781,84,38.948,9.136,8.000,29,15.357,4.000,1.135,43,21.971,3.050,6.404,291,140.410,27.340,29.937,88,35.799,10.037,1.368,45,23.987,7.050,3.736,17,9.589,3.736,1.000,52,28.470,9.000,6.000
148,203,64.751,14.524,7.405,239,137.831,27.553,28.001,48,12.928,4.135,1.000,28,13.739,4.000,3.000,58,29.705,6.737,5.405,259,131.218,33.572,16.728,72,35.326,9.754,4.000,49,24.142,4.000,3.000,18,11.167,2.000,2.000,34,12.652,6.368,1.000
149,154,51.975,11.723,4.436,201,110.099,22.470,19.736,28,8.843,4.000,0.000,14,6.312,0.135,1.000,35,21.891,4.050,3.549,218,86.785,13.138,18.761,62,21.966,3.050,2.019,35,24.470,5.000,5.368,9,7.723,2.000,1.000,14,9.261,4.000,0.000
150,108,31.481,7.640,4.002,131,53.647,9.035,12.108,19,2.964,2.000,0.000,2,1.118,1.000,0.000,17,5.712,2.018,0.004,148,62.031,12.174,7.924,43,20.689,4.018,4.057,12,9.941,5.000,0.000,0,0.000,0.000,0.000,10,3.898,2.000,0.000
151,81,28.313,4.138,6.000,44,17.630,5.000,3.019,11,1.520,1.000,0.000,2,0.955,0.000,0.000,21,5.514,1.138,1.000,113,59.575,14.437,9.001,36,17.396,3.153,6.002,4,1.839,1.000,0.000,0,0.000,0.000,0.000,2,0.142,0.000,0.000
152,70,10.916,1.018,1.000,10,2.696,0.000,0.368,3,2.134,1.000,0.000,1,0.355,0.000,0.000,6,1.974,0.000,0.553,43,10.139,0.000,2.100,19,3.162,1.018,0.014,2,0.194,0.000,0.000,1,0.000,0.000,0.000,1,0.000,0.000,0.000
153,76,18.033,4.135,2.000,10,2.862,1.000,0.000,7,1.829,1.000,0.000,1,2.297,1.000,0.000,2,0.277,0.135,0.000,22,12.105,3.018,2.000,11,1.508,1.000,0.000,2,0.284,0.000,0.000,0,0.000,0.000,0.000,6,2.443,0.000,1.000
154,61,18.606,5.000,1.000,10,2.305,0.000,0.000,5,4.364,1.000,1.000,4,4.707,0.000,2.368,8,2.895,0.000,2.000,17,9.135,4.000,1.000,5,3.473,1.000,1.000,2,1.129,0.000,0.000,1,0.945,0.000,0.000,10,1.810,0.000,1.000
155,108,30.099,5.032,3.000,24,10.112,3.104,2.000,16,6.458,0.000,1.000,2,0.614,0.000,0.000,12,2.934,0.135,0.000,33,15.354,5.000,4.000,5,3.123,0.000,1.368,3,1.051,0.000,0.000,2,0.002,0.000,0.001,22,3.955,1.000,0.000
156,158,43.870,8.149,2.025,38,13.904,2.749,2.000,16,5.401,1.000,0.000,4,0.859,0.000,0.000,26,9.619,1.522,2.549,57,20.375,4.185,1.000,19,9.950,4.000,0.050,13,5.350,2.368,0.000,7,1.704,1.000,0.000,22,5.845,2.135,0.000
157,179,66.603,14.736,10.000,67,25.268,6.381,4.018,18,13.490,3.368,3.000,10,5.166,2.000,0.368,36,11.169,0.413,0.000,109,57.606,11.553,7.000,39,15.297,2.138,2.050,30,17.928,4.000,1.000,8,1.577,0.000,0.000,42,10.126,3.000,1.000
158,260,89.993,28.154,5.021,102,41.437,9.019,6.405,34,15.799,4.000,3.000,12,4.857,3.000,0.000,41,16.179,4.007,1.549,120,55.237,13.000,10.000,55,28.585,9.454,4.368,50,21.553,7.472,2.000,11,4.250,0.000,1.000,47,23.615,10.135,3.000
159,286,113.525,26.621,13.000,130,46.931,12.167,7.197,43,26.065,8.000,2.000,26,9.761,2.368,1.000,55,29.707,9.007,3.000,214,102.961,21.475,15.142,61,35.342,13.470,4.000,70,36.668,10.871,2.000,14,4.526,1.000,0.001,86,36.658,8.368,5.000
160,329,123.494,34.346,9.743,148,57.697,15.034,6.553,47,20.931,6.001,1.000,35,18.637,4.135,2.000,58,27.191,6.002,4.010,237,106.173,32.257,8.470,78,33.591,8.772,5.135,71,28.719,9.503,3.000,16,5.768,1.135,0.000,114,49.322,13.368,4.000
161,298,108.199,24.003,11.285,159,79.106,23.150,8.289,50,25.252,8.000,1.000,43,23.229,0.000,6.136,68,26.099,4.135,3.027,259,117.488,29.114,18.061,84,43.409,14.240,5.369,88,44.473,11.368,5.736,13,6.630,1.000,1.000,123,48.343,12.736,4.368
162,362,145.665,27.363,19.050,150,63.524,18.000,8.013,56,30.980,10.368,2.135,48,23.415,4.603,3.000,74,32.003,6.739,9.267,252,115.073,20.290,24.420,123,57.360,18.389,6.418,73,38.155,11.000,5.007,12,8.362,4.000,1.000,90,45.455,17.373,3.000
163,305,134.060,29.387,16.130,153,76.688,23.551,11.571,149,79.232,22.424,7.000,44,26.843,3.000,6.000,78,47.360,11.522,9.000,270,120.181,31.007,15.162,154,87.711,28.037,13.154,72,27.703,9.368,1.136,18,9.359,3.000,0.000,101,46.911,11.002,3.368
164,310,118.185,25.953,13.053,159,77.012,23.060,5.468,187,107.939,36.418,7.104,49,27.321,11.000,1.503,63,27.190,8.186,1.031,224,100.364,28.520,10.016,127,61.078,16.368,8.007,64,31.552,6.736,4.413,21,10.578,4.000,0.000,154,78.677,21.370,9.368
165,317,134.351,33.450,17.395,138,57.241,10.094,7.375,180,74.622,24.889,9.018,41,16.765,6.736,2.050,55,20.696,4.386,3.033,241,89.612,18.196,13.317,105,66.018,12.320,15.000,45,19.598,5.368,2.000,9,2.937,0.000,1.000,140,62.174,16.000,6.000
166,286,117.665,32.260,9.390,166,60.583,13.739,6.051,241,116.283,34.222,13.374,35,25.250,2.368,5.050,59,24.622,6.022,3.000,222,86.181,19.611,8.382,154,90.176,28.691,9.019,60,34.279,9.368,7.504,14,6.138,2.368,1.000,139,78.248,26.503,11.000
167,306,114.739,27.922,12.503,173,87.884,27.788,11.000,281,126.782,35.326,14.000,48,22.003,6.018,3.000,70,32.647,8.001,5.176,240,91.836,19.856,15.179,213,111.677,38.977,11.155,47,21.499,6.000,2.000,15,5.160,1.000,1.000,137,80.998,23.000,11.000
