how,Arts & Entertainment,College & University,Event,Food,Nightlife Spot,Outdoors & Recreation,Professional & Other Places,Residence,Shop & Service,Travel & Transport,NA
0,40,6,0,64,27,3,9,0,10,7,36
1,14,4,0,48,25,6,3,0,10,9,17
2,11,2,0,37,39,2,6,1,2,4,21
3,8,4,0,27,47,1,2,0,1,3,24
4,5,0,0,28,48,0,1,0,0,2,9
5,6,1,0,7,35,0,1,0,0,2,8
6,0,1,0,6,8,0,3,0,1,3,2
7,0,1,0,7,1,0,0,0,0,1,2
8,0,0,0,2,4,0,0,0,0,0,1
9,0,0,0,3,0,0,1,0,0,0,0
10,0,0,0,0,0,1,0,0,6,0,2
11,0,2,0,1,0,2,0,0,0,0,3
12,5,1,0,9,0,1,33,0,5,1,6
13,2,2,0,13,1,5,20,0,1,2,3
14,7,5,0,42,1,7,21,0,5,0,9
15,5,1,0,36,10,8,10,1,9,6,14
16,40,7,0,44,9,5,10,1,8,6,30
17,47,4,0,53,12,6,8,0,28,12,34
18,21,4,0,51,3,1,6,0,14,5,29
19,17,0,0,45,8,4,5,0,12,2,19
20,18,3,0,54,10,2,15,0,18,5,22
21,11,4,0,35,17,6,8,0,12,7,30
22,21,7,0,35,17,12,7,0,6,9,26
23,40,3,0,27,18,3,7,1,15,11,25
24,16,3,0,18,14,11,2,0,9,8,16
25,9,5,0,5,7,4,1,0,3,3,15
26,5,0,0,18,16,1,2,0,12,4,7
27,4,2,0,5,7,3,1,0,4,3,10
28,0,3,0,3,6,1,2,0,4,5,6
29,0,0,0,1,10,0,0,0,1,2,5
30,1,0,0,2,2,0,0,0,1,0,2
31,0,0,0,0,0,0,0,0,0,0,0
32,0,0,0,0,0,0,0,0,0,0,0
33,0,0,0,0,0,0,1,0,0,0,0
34,2,6,0,2,0,1,2,0,1,2,2
35,1,3,0,5,0,5,7,0,5,0,8
36,1,1,0,16,0,1,5,0,4,0,5
37,2,4,0,10,1,7,16,1,14,6,16
38,9,6,0,16,0,4,7,0,3,2,7
39,9,4,0,25,2,9,18,0,18,0,15
40,11,4,0,24,2,7,5,0,6,0,18
41,17,10,0,22,3,9,17,0,12,1,17
42,1,9,0,16,3,1,15,0,7,6,7
43,13,5,0,19,1,10,14,0,15,4,14
44,14,1,0,24,4,9,6,0,9,3,14
45,12,7,0,19,7,11,9,0,8,8,20
46,21,7,0,27,14,7,7,1,9,3,26
47,21,4,0,30,6,4,6,0,9,9,21
48,15,2,0,21,11,3,5,0,7,8,21
49,15,7,0,20,7,5,7,1,7,4,17
50,17,2,0,13,6,10,3,0,10,1,23
51,14,11,0,2,4,5,1,0,0,1,8
52,1,1,0,2,5,0,0,1,0,3,7
53,0,2,0,1,1,0,2,0,0,2,0
54,0,3,0,0,1,1,0,0,1,0,2
55,0,0,0,0,0,0,0,0,0,0,0
56,0,0,0,1,0,0,0,0,0,0,1
57,0,0,0,2,0,0,0,0,0,0,0
58,0,6,0,5,0,1,3,0,0,0,2
59,0,3,0,11,0,4,6,1,6,1,5
60,0,5,0,22,1,2,6,0,13,5,16
61,5,3,0,20,2,2,19,0,2,3,19
62,11,8,0,14,0,19,13,1,5,4,18
63,6,6,0,26,3,5,5,0,6,5,15
64,6,9,0,29,12,4,14,1,10,6,17
65,9,5,0,26,1,7,7,0,11,1,11
66,7,17,0,15,3,0,9,0,10,6,7
67,8,6,0,23,4,5,6,0,7,4,10
68,7,7,0,18,1,8,5,0,14,7,9
69,17,4,0,23,10,12,6,0,6,7,20
70,41,12,0,45,6,6,7,0,7,12,17
71,42,3,0,32,12,3,4,0,0,3,18
72,18,1,0,34,9,6,5,0,8,1,22
73,7,2,0,13,8,1,0,0,18,4,16
74,5,0,0,13,8,4,2,0,8,2,9
75,6,1,0,8,12,0,1,0,5,3,4
76,2,0,0,4,8,0,3,0,0,4,6
77,0,1,0,4,3,0,0,0,0,0,2
78,0,0,0,3,2,0,1,0,0,0,3
79,0,0,0,0,0,0,0,0,0,0,1
80,0,0,0,0,3,0,0,0,0,4,3
81,0,0,0,0,0,0,0,0,0,0,1
82,0,7,0,4,0,0,3,0,0,1,2
83,0,1,0,7,0,2,3,0,2,3,5
84,5,1,0,10,0,2,1,0,11,0,12
85,1,5,0,7,0,5,11,1,4,0,14
86,3,4,0,19,0,4,6,0,1,1,8
87,6,9,0,18,1,5,11,0,12,2,19
88,19,12,0,29,2,8,6,0,15,4,14
89,6,10,0,30,2,3,7,0,10,3,18
90,3,7,0,35,4,8,5,0,12,3,13
91,15,9,0,22,3,8,7,1,5,7,27
92,8,10,0,15,4,5,4,0,15,10,17
93,12,3,0,40,13,6,4,0,5,4,23
94,31,2,0,42,15,9,8,1,14,6,23
95,52,6,0,41,17,4,2,0,11,5,25
96,20,10,0,33,18,5,1,0,6,5,15
97,15,1,0,26,12,3,1,0,6,1,16
98,10,4,0,20,6,5,1,0,1,3,19
99,10,2,0,14,15,1,0,0,4,1,13
100,6,0,0,9,5,0,1,0,3,2,6
101,0,0,0,1,5,0,0,0,0,1,5
102,0,0,0,4,0,0,0,0,0,0,0
103,0,2,0,2,0,0,0,0,0,0,2
104,0,1,0,0,0,0,1,0,0,0,0
105,0,0,0,1,0,0,0,0,0,0,3
106,2,6,0,3,0,0,5,0,1,1,3
107,1,3,0,18,0,2,5,0,2,2,2
108,19,2,0,27,1,1,3,0,3,1,17
109,4,9,0,23,0,3,7,0,4,3,33
110,9,3,0,19,2,3,24,0,4,7,20
111,6,5,0,36,1,7,10,0,8,3,20
112,15,13,0,34,6,14,12,0,10,2,10
113,5,10,0,28,7,15,10,0,11,4,13
114,11,7,0,31,3,2,13,1,7,12,17
115,9,8,0,25,7,10,5,0,3,8,22
116,7,8,0,10,6,7,2,0,6,3,17
117,12,8,0,47,9,3,7,0,10,1,15
118,35,2,0,39,19,9,1,1,13,4,22
119,47,4,0,37,20,6,3,0,8,3,26
120,28,0,0,35,14,8,3,0,20,2,23
121,9,3,0,29,23,4,2,1,11,5,16
122,13,2,0,16,18,6,2,0,6,5,14
123,7,2,0,9,27,0,1,0,6,5,7
124,4,1,0,6,6,1,2,1,0,2,6
125,1,4,0,4,7,0,6,0,4,2,6
126,0,0,0,0,4,0,2,0,0,0,6
127,0,0,0,5,1,0,0,0,0,2,3
128,0,1,0,0,0,1,0,0,0,0,1
129,0,0,0,0,0,1,1,0,1,0,4
130,0,6,0,1,0,0,5,0,2,0,2
131,0,1,0,19,0,5,7,0,4,3,5
132,0,5,0,21,0,3,11,0,3,3,20
133,2,8,0,15,2,4,14,0,9,9,24
134,6,7,0,14,0,5,13,0,8,5,20
135,5,5,0,31,2,4,10,0,15,3,11
136,6,10,0,54,4,5,21,0,13,3,13
137,2,10,0,48,12,7,16,0,9,7,17
138,12,7,0,37,18,1,14,0,14,3,16
139,8,5,0,27,9,3,10,0,11,4,15
140,15,7,0,21,13,7,7,0,18,3,15
141,39,6,0,44,19,8,10,0,18,9,30
142,36,3,0,60,25,6,9,0,16,5,39
143,72,3,0,60,31,1,17,0,18,4,46
144,22,9,0,47,26,10,4,0,18,4,28
145,19,4,0,46,18,2,2,0,6,2,20
146,15,5,0,40,31,3,3,2,6,5,17
147,11,2,0,53,28,4,0,0,11,3,17
148,3,0,0,21,28,7,0,0,0,5,11
149,0,2,0,15,26,0,0,0,1,0,4
150,0,1,0,7,10,0,0,0,0,6,5
151,1,0,0,9,0,0,0,0,0,2,3
152,0,1,0,1,0,0,0,0,0,0,1
153,0,0,0,0,2,0,0,0,0,0,0
154,0,0,0,0,0,0,0,0,0,1,2
155,1,0,0,5,1,3,2,0,8,5,3
156,0,0,0,14,0,4,6,0,14,5,8
157,12,4,0,19,2,9,2,0,9,6,22
158,17,8,0,39,2,12,5,0,4,4,20
159,18,9,0,44,5,12,4,0,14,5,26
160,23,9,0,69,12,12,5,1,9,3,23
161,30,8,0,61,12,18,10,0,24,6,40
162,25,4,0,55,15,6,27,0,12,2,30
163,40,6,0,41,18,10,10,0,26,5,34
164,37,11,0,36,22,19,13,0,17,11,37
165,21,8,0,64,28,9,7,1,22,4,32
166,49,7,0,56,24,2,1,1,5,4,28
167,42,4,0,56,29,3,7,1,11,7,29
