,cluster14,,,,cluster15,,,,cluster18,,,,cluster27,,,
date,n,senti,pos_n,neg_n,n,senti,pos_n,neg_n,n,senti,pos_n,neg_n,n,senti,pos_n,neg_n
2014-01-22,0,0.000,0.000,0.000,0,0.000,0.000,0.000,1,0.000,0.000,0.000,0,0.000,0.000,0.000
2014-01-23,5,-3.994,0.000,1.221,0,0.000,0.000,0.000,5,0.000,0.000,0.000,3,0.000,0.000,0.000
2014-01-24,4,0.631,0.000,0.549,0,0.000,0.000,0.000,4,0.000,0.000,0.000,4,0.000,0.000,0.000
2014-01-25,10,-1.793,0.000,1.221,2,-0.558,0.000,0.000,10,0.000,0.000,0.000,13,0.000,0.000,0.000
2014-01-26,1,2.003,1.221,0.000,0,0.000,0.000,0.000,7,0.000,0.000,0.000,23,0.000,0.000,0.000
2014-01-27,1,1.366,1.221,0.000,2,-0.881,0.000,0.000,1,0.000,0.000,0.000,17,0.000,0.000,0.000
2014-01-28,4,-0.162,0.000,0.000,2,-0.767,0.000,0.000,10,0.000,0.000,0.000,1,-0.000,0.000,0.000
2014-01-29,5,-2.141,1.221,1.221,1,-0.142,0.000,0.000,2,0.000,0.000,0.000,10,-1.328,0.000,1.221
2014-01-30,4,-3.408,0.000,1.221,1,-0.323,0.000,0.000,0,0.000,0.000,0.000,10,0.000,0.000,0.000
2014-01-31,5,3.543,3.664,1.221,3,-0.554,0.000,0.000,0,0.000,0.000,0.000,18,2.047,1.221,0.000
2014-02-01,5,3.343,2.443,0.000,1,-0.124,0.000,0.000,7,0.000,0.000,0.000,3,-0.000,0.000,0.000
2014-02-02,2,-0.284,0.000,0.000,0,0.000,0.000,0.000,4,0.000,0.000,0.000,18,0.000,0.000,0.000
2014-02-03,2,0.313,0.000,0.000,0,0.000,0.000,0.000,4,0.000,0.000,0.000,11,0.000,0.000,0.000
2014-02-04,3,-0.036,0.111,0.000,0,0.000,0.000,0.000,4,0.000,0.000,0.000,11,0.000,0.000,0.000
2014-02-05,5,0.834,0.000,0.000,2,0.096,0.000,0.000,1,-0.000,0.000,0.000,14,0.000,0.000,0.000
2014-02-06,3,-0.329,0.000,0.000,2,-0.121,0.000,0.000,8,-5.661,0.000,2.443,9,0.000,0.000,0.000
2014-02-07,4,-0.599,0.000,0.000,1,-0.465,0.000,0.000,6,4.164,1.221,0.000,2,-0.000,0.000,0.000
2014-02-08,7,-0.136,0.000,0.000,2,-0.252,0.000,0.000,6,0.000,0.000,0.000,2,-0.000,0.000,0.000
2014-02-09,8,-3.748,1.221,1.770,0,0.000,0.000,0.000,9,-0.000,0.000,0.000,0,0.000,0.000,0.000
2014-02-10,2,1.738,1.332,0.000,2,-0.916,0.000,0.000,6,-0.000,0.000,0.000,9,0.000,0.000,0.000
2014-02-11,3,0.336,0.549,0.000,0,0.000,0.000,0.000,0,0.000,0.000,0.000,0,0.000,0.000,0.000
2014-02-12,4,1.187,1.221,0.000,1,-0.128,0.000,0.000,1,0.678,0.000,0.000,8,0.000,0.000,0.000
2014-02-13,8,-2.988,0.000,1.770,6,0.013,0.000,0.000,8,-0.284,0.000,0.000,5,0.000,0.000,0.000
2014-02-14,1,-0.142,0.000,0.000,0,0.000,0.000,0.000,2,-0.781,0.000,0.000,4,0.000,0.000,0.000
2014-02-15,6,1.007,1.221,0.000,2,-0.575,0.000,0.000,1,-0.000,0.000,0.000,2,0.000,0.000,0.000
2014-02-16,5,3.714,2.443,0.000,3,-0.725,0.000,0.000,0,0.000,0.000,0.000,11,-0.142,0.000,0.000
2014-02-17,2,-0.284,0.000,0.000,1,0.266,0.000,0.000,0,0.000,0.000,0.000,10,0.000,0.000,0.000
2014-02-18,4,-0.249,0.111,0.000,0,0.000,0.000,0.000,0,0.000,0.000,0.000,19,0.000,0.000,0.000
2014-02-19,4,-4.539,0.000,2.443,1,-0.465,0.000,0.000,1,0.616,0.000,0.000,7,0.000,0.000,0.000
2014-02-20,5,0.337,0.000,0.111,1,-0.451,0.000,0.000,0,0.000,0.000,0.000,0,0.000,0.000,0.000
2014-02-21,5,1.616,1.221,0.000,0,0.000,0.000,0.000,0,0.000,0.000,0.000,0,0.000,0.000,0.000
2014-02-22,6,1.232,1.770,1.221,1,-0.132,0.000,0.000,0,0.000,0.000,0.000,0,0.000,0.000,0.000
2014-02-23,5,-2.157,0.000,1.221,0,0.000,0.000,0.000,1,1.452,1.221,0.000,0,0.000,0.000,0.000
2014-02-24,4,-6.762,0.000,2.443,2,-0.406,0.000,0.000,0,0.000,0.000,0.000,0,0.000,0.000,0.000
2014-02-25,8,0.402,0.000,0.000,1,-0.128,0.000,0.000,0,0.000,0.000,0.000,5,-0.000,0.000,0.000
2014-02-26,4,3.373,2.554,0.000,2,-0.906,0.000,0.000,0,0.000,0.000,0.000,4,0.000,0.000,0.000
2014-02-27,2,0.608,0.000,0.000,2,-0.093,0.000,0.000,0,0.000,0.000,0.000,0,0.000,0.000,0.000
2014-02-28,0,0.000,0.000,0.000,0,0.000,0.000,0.000,0,0.000,0.000,0.000,0,0.000,0.000,0.000
2014-03-01,3,3.670,1.221,0.000,3,0.546,0.000,0.000,0,0.000,0.000,0.000,2,0.000,0.000,0.000
2014-03-02,2,2.152,1.221,0.000,2,0.209,0.000,0.000,0,0.000,0.000,0.000,8,0.000,0.000,0.000
2014-03-03,1,-0.142,0.000,0.000,1,-0.441,0.000,0.000,0,0.000,0.000,0.000,2,0.000,0.000,0.000
2014-03-04,5,2.522,1.221,0.000,1,-0.124,0.000,0.000,0,0.000,0.000,0.000,0,0.000,0.000,0.000
2014-03-05,5,2.229,1.221,0.000,2,-0.906,0.000,0.000,2,-0.284,0.000,0.000,0,0.000,0.000,0.000
2014-03-06,3,1.761,1.221,0.000,2,-0.256,0.000,0.000,0,0.000,0.000,0.000,0,0.000,0.000,0.000
2014-03-07,0,0.000,0.000,0.000,2,-0.615,0.000,0.000,3,-1.886,0.000,1.221,0,0.000,0.000,0.000
2014-03-08,2,2.034,1.221,0.000,0,0.000,0.000,0.000,0,0.000,0.000,0.000,1,1.852,1.221,0.000
2014-03-09,4,2.886,1.221,0.000,1,-0.142,0.000,0.000,0,0.000,0.000,0.000,0,0.000,0.000,0.000
2014-03-10,4,-2.941,0.000,1.221,0,0.000,0.000,0.000,0,0.000,0.000,0.000,0,0.000,0.000,0.000
2014-03-11,4,0.929,0.000,0.000,3,1.893,1.221,0.000,0,0.000,0.000,0.000,0,0.000,0.000,0.000
2014-03-12,5,-3.367,0.000,2.443,1,-0.512,0.000,0.000,0,0.000,0.000,0.000,0,0.000,0.000,0.000
2014-03-13,4,2.697,2.443,0.000,3,-1.010,0.000,0.000,1,-0.142,0.000,0.000,0,0.000,0.000,0.000
2014-03-14,3,1.842,1.221,0.000,2,-0.721,0.000,0.000,0,0.000,0.000,0.000,0,0.000,0.000,0.000
2014-03-15,5,1.392,1.221,0.000,1,-0.441,0.000,0.000,0,0.000,0.000,0.000,0,0.000,0.000,0.000
2014-03-16,3,1.207,1.221,0.000,1,-0.132,0.000,0.000,0,0.000,0.000,0.000,0,0.000,0.000,0.000
2014-03-17,2,1.219,0.549,0.000,2,-0.412,0.000,0.000,0,0.000,0.000,0.000,0,0.000,0.000,0.000
2014-03-18,4,-0.883,0.000,1.221,1,-0.480,0.000,0.000,0,0.000,0.000,0.000,0,0.000,0.000,0.000
2014-03-19,5,0.336,0.000,0.000,3,-2.181,0.000,1.221,0,0.000,0.000,0.000,0,0.000,0.000,0.000
2014-03-20,3,2.349,1.770,0.000,1,-0.441,0.000,0.000,0,0.000,0.000,0.000,0,0.000,0.000,0.000
2014-03-21,2,-0.315,0.000,0.000,1,-0.480,0.000,0.000,0,0.000,0.000,0.000,0,0.000,0.000,0.000
2014-03-22,5,-3.737,0.000,2.443,1,-0.128,0.000,0.000,1,0.525,0.000,0.000,1,-0.142,0.000,0.000
2014-03-23,9,-1.833,1.221,1.221,3,-0.893,0.000,0.000,4,-0.631,0.000,0.000,5,-7.400,0.000,3.664
2014-03-24,1,0.557,0.000,0.000,1,-0.128,0.000,0.000,0,0.000,0.000,0.000,0,0.000,0.000,0.000
2014-03-25,6,3.731,1.770,1.098,0,0.000,0.000,0.000,0,0.000,0.000,0.000,0,0.000,0.000,0.000
2014-03-26,4,-1.297,0.000,1.098,3,-1.301,0.000,0.000,0,0.000,0.000,0.000,0,0.000,0.000,0.000
2014-03-27,0,0.000,0.000,0.000,3,-1.049,0.000,0.000,0,0.000,0.000,0.000,1,-0.142,0.000,0.000
2014-03-28,4,-7.056,0.000,3.911,2,-0.569,0.000,0.000,0,0.000,0.000,0.000,0,0.000,0.000,0.000
2014-03-29,4,-4.022,0.000,2.443,2,-0.256,0.000,0.000,1,-0.142,0.000,0.000,0,0.000,0.000,0.000
2014-03-30,4,-2.296,0.000,1.221,2,-0.562,0.000,0.000,0,0.000,0.000,0.000,0,0.000,0.000,0.000
2014-03-31,4,0.352,1.221,0.000,2,0.613,0.000,0.000,1,-0.142,0.000,0.000,0,0.000,0.000,0.000
2014-04-01,0,0.000,0.000,0.000,2,-0.252,0.000,0.000,0,0.000,0.000,0.000,0,0.000,0.000,0.000
2014-04-02,2,1.145,0.549,0.000,8,-0.125,1.221,0.000,0,0.000,0.000,0.000,0,0.000,0.000,0.000
2014-04-03,4,-1.793,1.221,1.221,2,-0.248,0.000,0.000,1,1.249,1.221,0.000,0,0.000,0.000,0.000
2014-04-04,3,2.337,1.221,0.000,2,-0.935,0.000,0.000,0,0.000,0.000,0.000,0,0.000,0.000,0.000
2014-04-05,3,-0.070,0.000,0.000,3,-1.333,0.000,0.000,0,0.000,0.000,0.000,0,0.000,0.000,0.000
2014-04-06,2,0.131,0.000,0.000,1,0.110,0.000,0.000,1,0.387,0.000,0.000,0,0.000,0.000,0.000
2014-04-07,4,-1.788,0.000,1.221,1,-0.128,0.000,0.000,0,0.000,0.000,0.000,0,0.000,0.000,0.000
2014-04-08,2,0.611,0.000,0.000,2,-0.882,0.000,0.000,0,0.000,0.000,0.000,0,0.000,0.000,0.000
2014-04-09,11,2.205,1.221,0.740,0,0.000,0.000,0.000,0,0.000,0.000,0.000,0,0.000,0.000,0.000
2014-04-10,3,0.770,0.000,0.004,4,-1.219,0.000,0.000,0,0.000,0.000,0.000,0,0.000,0.000,0.000
2014-04-11,5,0.001,0.000,0.549,2,-0.398,0.000,0.000,1,-0.142,0.000,0.000,1,-0.000,0.000,0.000
2014-04-12,6,-0.292,0.247,1.221,2,0.255,0.000,0.000,2,0.458,0.549,0.000,2,-0.000,0.000,0.000
2014-04-13,6,2.067,2.566,1.221,1,-0.132,0.000,0.000,0,0.000,0.000,0.000,1,-0.000,0.000,0.000
2014-04-14,2,-0.306,0.000,0.000,2,-0.260,0.000,0.000,0,0.000,0.000,0.000,0,0.000,0.000,0.000
2014-04-15,2,-2.394,0.000,1.770,3,-0.928,0.000,0.000,0,0.000,0.000,0.000,4,0.000,0.000,0.000
2014-04-16,2,-0.284,0.000,0.000,1,-0.430,0.000,0.000,1,-0.142,0.000,0.000,6,0.000,0.000,0.000
2014-04-17,8,3.799,1.221,0.000,1,-0.128,0.000,0.000,0,0.000,0.000,0.000,4,0.000,0.000,0.000
2014-04-18,6,-0.920,0.000,1.221,5,-0.225,0.000,0.000,0,0.000,0.000,0.000,5,0.000,0.000,0.000
2014-04-19,3,2.543,1.221,0.000,3,-0.842,0.000,0.000,0,0.000,0.000,0.000,5,0.000,0.000,0.000
2014-04-20,1,-0.142,0.000,0.000,4,-0.097,0.000,0.000,2,-0.284,0.000,0.000,2,-0.000,0.000,0.000
2014-04-21,1,0.742,0.000,0.000,1,-0.128,0.000,0.000,0,0.000,0.000,0.000,3,0.000,0.000,0.000
2014-04-22,0,0.000,0.000,0.000,1,-0.128,0.000,0.000,1,-0.142,0.000,0.000,2,-0.000,0.000,0.000
2014-04-23,4,0.493,0.000,0.000,3,-0.846,0.000,0.000,0,0.000,0.000,0.000,2,-0.000,0.000,0.000
2014-04-24,4,-0.535,0.000,0.000,1,-0.128,0.000,0.000,0,0.000,0.000,0.000,1,0.000,0.000,0.000
2014-04-25,9,-2.323,0.247,1.221,4,-0.473,0.000,0.000,0,0.000,0.000,0.000,2,0.000,0.000,0.000
2014-04-26,4,-0.084,1.221,1.221,0,0.000,0.000,0.000,6,0.823,1.221,1.221,4,0.000,0.000,0.000
2014-04-27,2,0.308,1.221,1.221,4,-0.097,0.000,0.000,3,-2.909,0.000,1.221,0,0.000,0.000,0.000
2014-04-28,3,0.244,1.221,0.247,0,0.000,0.000,0.000,0,0.000,0.000,0.000,0,0.000,0.000,0.000
2014-04-29,3,-4.015,0.000,2.443,1,-0.480,0.000,0.000,0,0.000,0.000,0.000,3,0.000,0.000,0.000
2014-04-30,4,-0.599,0.000,0.000,2,-0.626,0.000,0.000,0,0.000,0.000,0.000,4,0.000,0.000,0.000
2014-05-01,5,0.004,1.221,1.221,2,-0.882,0.000,0.000,1,-0.142,0.000,0.000,1,0.000,0.000,0.000
2014-05-02,5,0.826,1.221,0.247,2,-0.384,0.000,0.000,1,-0.142,0.000,0.000,8,-0.142,0.000,0.000
2014-05-03,3,2.664,1.221,0.000,6,-2.883,0.000,0.000,0,0.000,0.000,0.000,2,-0.000,0.000,0.000
2014-05-04,4,-0.359,1.221,1.221,3,-1.013,0.000,0.000,1,-0.142,0.000,0.000,0,0.000,0.000,0.000
2014-05-05,1,-1.466,0.000,1.221,3,-0.394,0.000,0.000,0,0.000,0.000,0.000,0,0.000,0.000,0.000
2014-05-06,4,1.596,1.221,0.000,3,-0.750,0.000,0.000,0,0.000,0.000,0.000,0,0.000,0.000,0.000
2014-05-07,0,0.000,0.000,0.000,2,-0.252,0.000,0.000,0,0.000,0.000,0.000,0,0.000,0.000,0.000
2014-05-08,6,-0.488,0.000,0.000,4,-1.094,0.000,0.000,2,-0.394,0.000,0.000,0,0.000,0.000,0.000
2014-05-09,5,-2.719,0.000,1.221,2,-0.260,0.000,0.000,1,1.938,1.221,0.000,0,0.000,0.000,0.000
2014-05-10,5,2.232,1.221,0.000,3,-1.364,0.000,0.000,0,0.000,0.000,0.000,0,0.000,0.000,0.000
2014-05-11,2,1.536,1.221,0.000,1,-0.465,0.000,0.000,2,1.905,1.221,0.000,0,0.000,0.000,0.000
2014-05-12,0,0.000,0.000,0.000,3,-0.728,0.000,0.000,1,-0.142,0.000,0.000,0,0.000,0.000,0.000
2014-05-13,0,0.000,0.000,0.000,2,-0.785,0.000,0.000,0,0.000,0.000,0.000,0,0.000,0.000,0.000
2014-05-14,3,-2.024,1.221,1.221,0,0.000,0.000,0.000,0,0.000,0.000,0.000,0,0.000,0.000,0.000
2014-05-15,3,1.342,1.221,0.000,3,-1.012,0.000,0.000,1,-0.142,0.000,0.000,0,0.000,0.000,0.000
2014-05-16,1,-0.142,0.000,0.000,1,-0.480,0.000,0.000,0,0.000,0.000,0.000,0,0.000,0.000,0.000
2014-05-17,5,6.400,4.886,1.221,2,-0.930,0.000,0.000,0,0.000,0.000,0.000,0,0.000,0.000,0.000
2014-05-18,2,-2.008,0.000,1.221,3,-1.073,0.000,0.000,1,-0.142,0.000,0.000,0,0.000,0.000,0.000
2014-05-19,3,0.298,0.000,0.000,1,-0.128,0.000,0.000,1,-0.142,0.000,0.000,0,0.000,0.000,0.000
2014-05-20,2,-0.941,0.000,0.000,6,-1.455,0.000,0.000,0,0.000,0.000,0.000,0,0.000,0.000,0.000
2014-05-21,1,-0.142,0.000,0.000,5,-0.274,0.000,0.000,0,0.000,0.000,0.000,0,0.000,0.000,0.000
2014-05-22,4,1.691,1.221,0.000,1,0.057,0.000,0.000,1,0.916,0.000,0.000,0,0.000,0.000,0.000
2014-05-23,2,2.104,1.221,0.000,0,0.000,0.000,0.000,1,-0.142,0.000,0.000,1,-0.025,0.000,0.000
2014-05-24,6,1.923,1.468,0.000,5,-0.925,0.000,0.000,1,-0.142,0.000,0.000,1,0.511,0.000,0.000
2014-05-25,7,1.131,2.443,1.221,5,-0.307,0.000,0.000,2,-0.284,0.000,0.000,0,0.000,0.000,0.000
2014-05-26,1,-0.142,0.000,0.000,2,0.163,0.000,0.000,2,-0.284,0.000,0.000,0,0.000,0.000,0.000
2014-05-27,4,-1.084,0.000,0.005,0,0.000,0.000,0.000,1,-0.142,0.000,0.000,0,0.000,0.000,0.000
2014-05-28,0,0.000,0.000,0.000,5,-1.709,0.000,0.000,1,-0.142,0.000,0.000,0,0.000,0.000,0.000
2014-05-29,2,0.267,0.000,0.000,3,-0.331,0.000,0.000,0,0.000,0.000,0.000,0,0.000,0.000,0.000
2014-05-30,3,-1.746,0.000,1.221,1,0.287,0.000,0.000,1,1.687,1.221,0.000,0,0.000,0.000,0.000
2014-05-31,0,0.000,0.000,0.000,0,0.000,0.000,0.000,0,0.000,0.000,0.000,0,0.000,0.000,0.000
2014-06-01,6,0.148,1.221,1.221,4,0.687,1.221,0.000,0,0.000,0.000,0.000,0,0.000,0.000,0.000
2014-06-02,3,1.696,1.221,0.000,2,-0.636,0.000,0.000,1,-0.142,0.000,0.000,0,0.000,0.000,0.000
2014-06-03,5,2.940,2.443,0.000,0,0.000,0.000,0.000,1,-0.142,0.000,0.000,0,0.000,0.000,0.000
2014-06-04,5,-1.103,0.000,0.549,1,-0.529,0.000,0.000,4,-0.568,0.000,0.000,0,0.000,0.000,0.000
2014-06-05,5,2.660,2.443,1.221,2,-0.408,0.000,0.000,0,0.000,0.000,0.000,0,0.000,0.000,0.000
2014-06-06,4,-4.028,0.000,1.221,3,0.046,0.000,0.000,0,0.000,0.000,0.000,0,0.000,0.000,0.000
2014-06-07,5,0.240,2.443,1.221,5,0.300,0.000,0.000,1,-0.796,0.000,0.000,0,0.000,0.000,0.000
2014-06-08,5,0.549,1.221,1.221,2,0.184,0.000,0.000,0,0.000,0.000,0.000,0,0.000,0.000,0.000
2014-06-09,2,-0.284,0.000,0.000,4,-1.507,0.000,0.000,2,1.502,0.000,0.000,0,0.000,0.000,0.000
2014-06-10,1,-1.297,0.000,1.221,8,-2.074,0.000,0.000,1,-0.142,0.000,0.000,0,0.000,0.000,0.000
2014-06-11,1,-0.142,0.000,0.000,6,-1.500,0.000,0.000,0,0.000,0.000,0.000,0,0.000,0.000,0.000
2014-06-12,1,-0.721,0.000,0.000,3,-0.921,0.000,0.000,1,0.511,0.000,0.000,1,-0.142,0.000,0.000
2014-06-13,5,2.822,2.443,0.000,4,-1.528,0.000,0.000,2,2.187,1.221,0.000,0,0.000,0.000,0.000
2014-06-14,2,0.158,0.247,0.000,2,-0.622,0.000,0.000,1,-0.142,0.000,0.000,0,0.000,0.000,0.000
2014-06-15,3,0.131,0.000,0.000,2,0.159,0.000,0.000,4,2.910,1.221,0.000,0,0.000,0.000,0.000
2014-06-16,2,-1.065,0.000,0.000,3,-0.231,0.000,0.000,1,-0.142,0.000,0.000,0,0.000,0.000,0.000
2014-06-17,1,-0.142,0.000,0.000,3,-0.675,0.000,0.000,3,1.763,1.221,0.000,0,0.000,0.000,0.000
2014-06-18,4,1.585,1.221,1.221,4,-0.878,0.000,0.000,0,0.000,0.000,0.000,0,0.000,0.000,0.000
2014-06-19,4,-3.695,0.000,2.443,6,-2.381,0.000,0.000,3,0.379,0.000,0.000,0,0.000,0.000,0.000
2014-06-20,6,-0.352,2.443,2.443,4,-0.500,0.000,0.000,2,-0.284,0.000,0.000,0,0.000,0.000,0.000
2014-06-21,6,0.817,2.689,1.221,3,-1.500,0.000,0.000,1,1.427,1.221,0.000,1,1.284,1.221,0.000
2014-06-22,3,-6.731,0.000,2.443,3,-0.760,0.000,0.000,4,2.975,1.221,0.000,1,-0.380,0.000,0.000
2014-06-23,4,1.492,1.221,0.000,4,0.326,0.000,0.000,2,-0.203,0.000,0.000,0,0.000,0.000,0.000
2014-06-24,1,0.962,0.000,0.000,2,-0.910,0.000,0.000,2,-0.284,0.000,0.000,7,-0.301,0.000,0.000
2014-06-25,1,-1.571,0.000,1.221,1,-0.494,0.000,0.000,0,0.000,0.000,0.000,0,0.000,0.000,0.000
2014-06-26,2,-1.006,0.000,0.000,5,-2.090,0.000,0.000,0,0.000,0.000,0.000,0,0.000,0.000,0.000
2014-06-27,7,0.243,1.221,0.000,3,-0.057,0.000,0.000,1,-0.142,0.000,0.000,2,-3.279,0.000,1.221
2014-06-28,10,2.390,2.443,1.221,5,-1.173,0.000,0.000,0,0.000,0.000,0.000,0,0.000,0.000,0.000
2014-06-29,2,-0.151,0.000,0.005,6,-2.268,0.000,0.000,3,1.068,0.000,0.000,0,0.000,0.000,0.000
2014-06-30,4,1.032,0.000,0.000,2,-0.103,0.000,0.000,1,-0.142,0.000,0.000,0,0.000,0.000,0.000
2014-07-01,5,-0.353,0.000,0.005,2,-0.931,0.000,0.000,1,-0.142,0.000,0.000,0,0.000,0.000,0.000
2014-07-02,2,2.276,1.221,0.000,5,-1.109,0.000,0.000,1,0.128,0.000,0.000,0,0.000,0.000,0.000
2014-07-03,1,0.295,0.000,0.000,3,-0.671,0.000,0.000,1,-0.142,0.000,0.000,0,0.000,0.000,0.000
2014-07-04,7,6.008,2.443,0.000,6,-1.620,0.000,0.000,2,-1.075,0.000,1.221,0,0.000,0.000,0.000
2014-07-05,3,-1.190,0.000,0.000,4,1.769,1.221,0.000,4,0.490,0.332,0.000,0,0.000,0.000,0.000
2014-07-06,4,-5.259,0.000,2.443,1,-0.128,0.000,0.000,5,-0.710,0.000,0.000,0,0.000,0.000,0.000
2014-07-07,0,0.000,0.000,0.000,1,1.323,1.221,0.000,1,-0.142,0.000,0.000,0,0.000,0.000,0.000
2014-07-08,3,-0.127,0.000,0.000,0,0.000,0.000,0.000,0,0.000,0.000,0.000,0,0.000,0.000,0.000
2014-07-09,2,-0.143,0.000,0.000,0,0.000,0.000,0.000,1,0.923,0.000,0.000,0,0.000,0.000,0.000
2014-07-10,0,0.000,0.000,0.000,1,2.381,1.221,0.000,1,-0.142,0.000,0.000,2,0.646,0.000,0.000
2014-07-11,3,0.074,0.000,0.000,0,0.000,0.000,0.000,1,0.066,0.000,0.000,0,0.000,0.000,0.000
2014-07-12,6,-1.946,0.000,1.221,0,0.000,0.000,0.000,0,0.000,0.000,0.000,0,0.000,0.000,0.000
2014-07-13,5,-0.211,1.221,1.221,0,0.000,0.000,0.000,1,0.291,0.000,0.000,0,0.000,0.000,0.000
2014-07-14,4,-1.336,0.000,0.000,0,0.000,0.000,0.000,3,-0.750,0.000,0.000,0,0.000,0.000,0.000
2014-07-15,16,-1.541,1.098,2.445,0,0.000,0.000,0.000,0,0.000,0.000,0.000,0,0.000,0.000,0.000
2014-07-16,9,0.556,1.098,0.002,0,0.000,0.000,0.000,0,0.000,0.000,0.000,0,0.000,0.000,0.000
2014-07-17,7,1.147,1.221,0.002,0,0.000,0.000,0.000,3,2.028,1.221,0.000,0,0.000,0.000,0.000
2014-07-18,22,-0.213,1.221,1.221,0,0.000,0.000,0.000,1,1.913,1.221,0.000,1,0.096,0.000,0.000
2014-07-19,12,0.823,3.540,1.221,0,0.000,0.000,0.000,0,0.000,0.000,0.000,0,0.000,0.000,0.000
2014-07-20,14,1.553,1.371,0.111,0,0.000,0.000,0.000,2,1.310,1.221,0.000,0,0.000,0.000,0.000
2014-07-21,5,1.587,1.221,0.000,0,0.000,0.000,0.000,1,-0.142,0.000,0.000,2,-0.238,0.000,0.000
2014-07-22,9,7.234,4.886,0.000,1,-1.795,0.000,1.221,5,0.132,0.493,0.000,0,0.000,0.000,0.000
2014-07-23,5,1.013,0.000,0.000,1,1.240,1.221,0.000,0,0.000,0.000,0.000,0,0.000,0.000,0.000
2014-07-24,10,1.278,2.443,1.223,1,-0.963,0.000,0.000,2,1.584,1.221,0.000,0,0.000,0.000,0.000
2014-07-25,7,1.931,1.098,0.000,0,0.000,0.000,0.000,1,-0.142,0.000,0.000,0,0.000,0.000,0.000
2014-07-26,1,-0.142,0.000,0.000,3,-0.390,0.000,0.000,7,1.669,1.098,0.000,0,0.000,0.000,0.000
2014-07-27,4,1.733,1.221,0.000,1,-0.778,0.000,0.000,5,2.845,1.221,0.000,0,0.000,0.000,0.000
2014-07-28,8,-3.887,0.000,1.221,6,-2.108,0.000,0.000,1,-0.142,0.000,0.000,0,0.000,0.000,0.000
2014-07-29,1,-0.142,0.000,0.000,0,0.000,0.000,0.000,3,-0.288,0.000,0.000,0,0.000,0.000,0.000
2014-07-30,1,-2.021,0.000,1.221,1,-0.128,0.000,0.000,2,-0.315,0.000,0.000,0,0.000,0.000,0.000
2014-07-31,5,4.110,2.443,0.000,0,0.000,0.000,0.000,2,-0.315,0.000,0.000,0,0.000,0.000,0.000
2014-08-01,5,0.855,1.221,0.000,4,-0.504,0.000,0.000,1,-0.142,0.000,0.000,0,0.000,0.000,0.000
2014-08-02,5,1.479,1.221,0.000,2,-0.618,0.000,0.000,2,0.206,0.247,0.000,0,0.000,0.000,0.000
2014-08-03,6,-0.915,0.000,0.000,3,-1.130,0.000,0.000,5,-0.710,0.000,0.000,0,0.000,0.000,0.000
2014-08-04,4,1.125,0.000,0.000,1,0.266,0.000,0.000,3,-1.875,0.000,1.221,0,0.000,0.000,0.000
2014-08-05,14,-4.389,0.000,1.221,5,-3.099,0.000,1.221,1,-0.142,0.000,0.000,0,0.000,0.000,0.000
2014-08-06,4,-1.721,0.000,1.221,1,-0.529,0.000,0.000,4,-0.568,0.000,0.000,0,0.000,0.000,0.000
2014-08-07,5,0.338,0.000,0.000,2,0.170,0.000,0.000,2,-0.284,0.000,0.000,0,0.000,0.000,0.000
2014-08-08,6,-1.155,1.221,1.221,2,0.184,0.000,0.000,3,3.457,2.443,0.000,0,0.000,0.000,0.000
2014-08-09,4,-0.749,0.000,1.221,1,-0.124,0.000,0.000,1,0.746,0.000,0.000,0,0.000,0.000,0.000
2014-08-10,4,1.936,1.321,0.000,4,-0.799,0.000,0.000,1,-0.209,0.000,0.000,0,0.000,0.000,0.000
2014-08-11,8,-2.094,0.050,1.221,2,-0.547,0.000,0.000,0,0.000,0.000,0.000,0,0.000,0.000,0.000
2014-08-12,6,2.425,1.770,0.549,5,-2.122,0.000,0.000,0,0.000,0.000,0.000,0,0.000,0.000,0.000
2014-08-13,8,-1.182,1.221,0.549,0,0.000,0.000,0.000,5,-1.123,0.000,0.000,0,0.000,0.000,0.000
2014-08-14,4,-3.874,0.000,2.443,0,0.000,0.000,0.000,3,-0.489,0.000,0.000,1,-0.142,0.000,0.000
2014-08-15,0,0.000,0.000,0.000,0,0.000,0.000,0.000,1,-0.142,0.000,0.000,0,0.000,0.000,0.000
2014-08-16,0,0.000,0.000,0.000,0,0.000,0.000,0.000,0,0.000,0.000,0.000,0,0.000,0.000,0.000
2014-08-17,0,0.000,0.000,0.000,0,0.000,0.000,0.000,0,0.000,0.000,0.000,0,0.000,0.000,0.000
2014-08-18,0,0.000,0.000,0.000,0,0.000,0.000,0.000,0,0.000,0.000,0.000,0,0.000,0.000,0.000
2014-08-19,0,0.000,0.000,0.000,0,0.000,0.000,0.000,0,0.000,0.000,0.000,0,0.000,0.000,0.000
2014-08-20,0,0.000,0.000,0.000,0,0.000,0.000,0.000,0,0.000,0.000,0.000,0,0.000,0.000,0.000
2014-08-21,1,-1.414,0.000,1.221,0,0.000,0.000,0.000,0,0.000,0.000,0.000,0,0.000,0.000,0.000
2014-08-22,5,-1.413,0.000,0.111,0,0.000,0.000,0.000,1,-0.142,0.000,0.000,1,-0.707,0.000,0.000
2014-08-23,0,0.000,0.000,0.000,0,0.000,0.000,0.000,0,0.000,0.000,0.000,0,0.000,0.000,0.000
2014-08-24,0,0.000,0.000,0.000,0,0.000,0.000,0.000,0,0.000,0.000,0.000,0,0.000,0.000,0.000
2014-08-25,0,0.000,0.000,0.000,0,0.000,0.000,0.000,0,0.000,0.000,0.000,0,0.000,0.000,0.000
2014-08-26,0,0.000,0.000,0.000,0,0.000,0.000,0.000,0,0.000,0.000,0.000,0,0.000,0.000,0.000
2014-08-27,2,0.943,0.000,0.000,0,0.000,0.000,0.000,0,0.000,0.000,0.000,0,0.000,0.000,0.000
2014-08-28,9,0.433,1.098,0.000,1,-0.142,0.000,0.000,0,0.000,0.000,0.000,0,0.000,0.000,0.000
2014-08-29,27,3.340,2.319,0.000,0,0.000,0.000,0.000,1,-0.142,0.000,0.000,0,0.000,0.000,0.000
2014-08-30,19,9.359,7.205,0.000,0,0.000,0.000,0.000,4,5.110,2.443,0.000,3,0.650,0.000,0.000
2014-08-31,0,0.000,0.000,0.000,0,0.000,0.000,0.000,0,0.000,0.000,0.000,0,0.000,0.000,0.000
2014-09-01,6,0.337,1.221,0.000,2,-0.992,0.000,0.000,1,-0.142,0.000,0.000,0,0.000,0.000,0.000
2014-09-02,2,0.102,1.221,0.549,0,0.000,0.000,0.000,3,-1.197,0.000,0.000,0,0.000,0.000,0.000
2014-09-03,9,0.619,1.221,1.221,0,0.000,0.000,0.000,3,4.556,2.443,0.000,0,0.000,0.000,0.000
2014-09-04,6,-1.984,0.000,1.221,1,-0.419,0.000,0.000,0,0.000,0.000,0.000,0,0.000,0.000,0.000
2014-09-05,10,3.957,1.468,1.221,0,0.000,0.000,0.000,4,4.012,2.443,0.000,0,0.000,0.000,0.000
2014-09-06,0,0.000,0.000,0.000,0,0.000,0.000,0.000,0,0.000,0.000,0.000,0,0.000,0.000,0.000
2014-09-07,0,0.000,0.000,0.000,0,0.000,0.000,0.000,0,0.000,0.000,0.000,0,0.000,0.000,0.000
2014-09-08,0,0.000,0.000,0.000,0,0.000,0.000,0.000,0,0.000,0.000,0.000,0,0.000,0.000,0.000
2014-09-09,0,0.000,0.000,0.000,0,0.000,0.000,0.000,0,0.000,0.000,0.000,0,0.000,0.000,0.000
2014-09-10,0,0.000,0.000,0.000,0,0.000,0.000,0.000,0,0.000,0.000,0.000,0,0.000,0.000,0.000
2014-09-11,0,0.000,0.000,0.000,0,0.000,0.000,0.000,0,0.000,0.000,0.000,0,0.000,0.000,0.000
2014-09-12,0,0.000,0.000,0.000,0,0.000,0.000,0.000,0,0.000,0.000,0.000,0,0.000,0.000,0.000
2014-09-13,0,0.000,0.000,0.000,0,0.000,0.000,0.000,0,0.000,0.000,0.000,0,0.000,0.000,0.000
2014-09-14,0,0.000,0.000,0.000,0,0.000,0.000,0.000,0,0.000,0.000,0.000,0,0.000,0.000,0.000
2014-09-15,0,0.000,0.000,0.000,0,0.000,0.000,0.000,0,0.000,0.000,0.000,0,0.000,0.000,0.000
2014-09-16,0,0.000,0.000,0.000,0,0.000,0.000,0.000,0,0.000,0.000,0.000,0,0.000,0.000,0.000
2014-09-17,0,0.000,0.000,0.000,0,0.000,0.000,0.000,0,0.000,0.000,0.000,0,0.000,0.000,0.000
2014-09-18,0,0.000,0.000,0.000,0,0.000,0.000,0.000,0,0.000,0.000,0.000,0,0.000,0.000,0.000
2014-09-19,0,0.000,0.000,0.000,0,0.000,0.000,0.000,0,0.000,0.000,0.000,0,0.000,0.000,0.000
2014-09-20,0,0.000,0.000,0.000,0,0.000,0.000,0.000,0,0.000,0.000,0.000,0,0.000,0.000,0.000
2014-09-21,0,0.000,0.000,0.000,0,0.000,0.000,0.000,0,0.000,0.000,0.000,0,0.000,0.000,0.000
2014-09-22,0,0.000,0.000,0.000,0,0.000,0.000,0.000,0,0.000,0.000,0.000,0,0.000,0.000,0.000
2014-09-23,0,0.000,0.000,0.000,0,0.000,0.000,0.000,0,0.000,0.000,0.000,0,0.000,0.000,0.000
2014-09-24,0,0.000,0.000,0.000,0,0.000,0.000,0.000,0,0.000,0.000,0.000,0,0.000,0.000,0.000
2014-09-25,0,0.000,0.000,0.000,0,0.000,0.000,0.000,0,0.000,0.000,0.000,0,0.000,0.000,0.000
2014-09-26,0,0.000,0.000,0.000,0,0.000,0.000,0.000,0,0.000,0.000,0.000,0,0.000,0.000,0.000
2014-09-27,0,0.000,0.000,0.000,0,0.000,0.000,0.000,0,0.000,0.000,0.000,0,0.000,0.000,0.000
2014-09-28,0,0.000,0.000,0.000,0,0.000,0.000,0.000,0,0.000,0.000,0.000,0,0.000,0.000,0.000
2014-09-29,0,0.000,0.000,0.000,0,0.000,0.000,0.000,1,-0.142,0.000,0.000,0,0.000,0.000,0.000
2014-09-30,7,3.396,2.443,0.000,2,-0.207,0.000,0.000,1,-0.200,0.000,0.000,0,0.000,0.000,0.000
2014-10-01,26,1.467,1.221,0.000,3,-1.098,0.000,0.000,6,2.151,1.221,0.000,0,0.000,0.000,0.000
2014-10-02,26,3.417,3.664,0.000,0,0.000,0.000,0.000,0,0.000,0.000,0.000,0,0.000,0.000,0.000
2014-10-03,14,0.398,0.247,0.010,0,0.000,0.000,0.000,4,0.394,0.000,0.000,0,0.000,0.000,0.000
2014-10-04,3,1.117,1.221,1.221,0,0.000,0.000,0.000,2,-0.142,0.000,0.000,0,0.000,0.000,0.000
2014-10-05,2,0.476,0.000,0.000,1,1.318,1.221,0.000,3,0.000,0.000,0.000,0,0.000,0.000,0.000
2014-10-06,2,1.434,0.000,0.000,0,0.000,0.000,0.000,1,-0.000,0.000,0.000,0,0.000,0.000,0.000
2014-10-07,7,-0.984,1.715,1.221,1,0.053,0.000,0.000,4,-0.142,0.000,0.000,0,0.000,0.000,0.000
2014-10-08,3,-1.981,0.000,1.221,1,-0.480,0.000,0.000,0,0.000,0.000,0.000,1,-3.999,0.000,1.221
2014-10-09,3,0.537,0.247,0.000,1,-0.441,0.000,0.000,0,0.000,0.000,0.000,1,-0.173,0.000,0.000
2014-10-10,6,1.916,1.221,0.002,0,0.000,0.000,0.000,0,0.000,0.000,0.000,0,0.000,0.000,0.000
2014-10-11,4,-1.301,0.000,0.000,0,0.000,0.000,0.000,3,-0.629,0.000,0.000,0,0.000,0.000,0.000
2014-10-12,2,1.337,1.221,0.000,0,0.000,0.000,0.000,1,-0.142,0.000,0.000,0,0.000,0.000,0.000
2014-10-13,2,-0.194,0.000,0.111,1,-0.465,0.000,0.000,2,1.528,1.221,0.000,0,0.000,0.000,0.000
2014-10-14,13,1.692,2.443,1.225,0,0.000,0.000,0.000,0,0.000,0.000,0.000,0,0.000,0.000,0.000
2014-10-15,6,5.714,3.664,0.000,0,0.000,0.000,0.000,0,0.000,0.000,0.000,0,0.000,0.000,0.000
2014-10-16,6,0.713,0.000,0.000,0,0.000,0.000,0.000,1,0.969,0.000,0.000,0,0.000,0.000,0.000
2014-10-17,25,0.759,3.664,1.221,3,-1.072,0.000,0.000,0,0.000,0.000,0.000,0,0.000,0.000,0.000
2014-10-18,5,3.304,1.221,1.221,3,-1.386,0.000,0.000,0,0.000,0.000,0.000,0,0.000,0.000,0.000
2014-10-19,0,0.000,0.000,0.000,0,0.000,0.000,0.000,0,0.000,0.000,0.000,0,0.000,0.000,0.000
2014-10-20,4,2.298,1.221,0.000,2,-1.364,0.000,0.000,1,-0.000,0.000,0.000,0,0.000,0.000,0.000
2014-10-21,8,-5.029,0.000,2.443,3,-0.888,0.000,0.000,5,-0.142,0.000,0.000,1,-0.142,0.000,0.000
2014-10-22,4,-0.182,0.000,0.111,4,-1.777,0.000,0.000,4,-0.824,0.000,0.000,0,0.000,0.000,0.000
2014-10-23,9,-1.753,1.221,1.221,1,-0.465,0.000,0.000,0,0.000,0.000,0.000,0,0.000,0.000,0.000
2014-10-24,5,2.221,1.221,0.002,1,0.287,0.000,0.000,2,-2.168,0.000,1.221,0,0.000,0.000,0.000
2014-10-25,5,1.245,0.795,0.000,3,-1.775,0.000,1.221,5,0.726,2.443,1.221,6,-0.137,0.005,0.002
2014-10-26,10,1.692,1.098,0.000,4,0.531,0.000,0.000,4,-1.371,0.000,0.000,0,0.000,0.000,0.000
2014-10-27,3,0.677,0.247,0.000,2,-0.260,0.000,0.000,2,2.278,1.221,0.000,0,0.000,0.000,0.000
2014-10-28,5,1.080,1.221,0.000,0,0.000,0.000,0.000,0,0.000,0.000,0.000,0,0.000,0.000,0.000
2014-10-29,6,-0.002,0.000,0.000,2,-0.892,0.000,0.000,0,0.000,0.000,0.000,2,0.007,0.005,0.000
2014-10-30,5,1.989,1.221,0.111,2,-0.593,0.000,0.000,0,0.000,0.000,0.000,6,-0.000,0.000,0.000
2014-10-31,16,1.074,0.000,0.000,1,-0.465,0.000,0.000,2,2.923,1.221,0.000,4,-0.000,0.000,0.000
2014-11-01,5,5.713,2.992,0.000,1,-0.494,0.000,0.000,0,0.000,0.000,0.000,3,0.000,0.000,0.000
2014-11-02,10,8.265,6.107,0.000,0,0.000,0.000,0.000,0,0.000,0.000,0.000,5,0.000,0.000,0.000
2014-11-03,5,-0.479,0.000,0.549,0,0.000,0.000,0.000,2,0.242,0.000,0.000,16,-0.920,0.000,0.000
2014-11-04,5,-0.368,1.221,0.000,1,-0.995,0.000,0.000,2,1.570,0.000,0.000,6,0.000,0.000,0.000
2014-11-05,13,0.416,0.000,0.000,0,0.000,0.000,0.000,2,0.845,0.000,0.000,0,0.000,0.000,0.000
2014-11-06,15,1.273,0.000,0.002,0,0.000,0.000,0.000,0,0.000,0.000,0.000,13,0.000,0.000,0.000
2014-11-07,1,-0.142,0.000,0.000,0,0.000,0.000,0.000,1,0.678,0.000,0.000,3,0.000,0.000,0.000
2014-11-08,7,3.236,1.221,0.000,1,0.064,0.000,0.000,1,1.206,0.000,0.000,8,-0.000,0.000,0.000
2014-11-09,6,0.981,0.000,0.000,0,0.000,0.000,0.000,0,0.000,0.000,0.000,0,0.000,0.000,0.000
2014-11-10,1,1.245,1.221,0.000,0,0.000,0.000,0.000,0,0.000,0.000,0.000,0,0.000,0.000,0.000
2014-11-11,6,0.565,1.770,1.332,0,0.000,0.000,0.000,1,-0.000,0.000,0.000,5,0.710,0.000,0.000
2014-11-12,13,0.358,0.000,0.005,0,0.000,0.000,0.000,2,-0.000,0.000,0.000,11,-0.001,0.000,0.001
2014-11-13,20,0.594,1.221,0.111,0,0.000,0.000,0.000,0,0.000,0.000,0.000,22,0.195,0.000,0.000
2014-11-14,3,3.544,2.443,0.000,0,0.000,0.000,0.000,0,0.000,0.000,0.000,7,0.000,0.000,0.000
2014-11-15,6,0.763,0.000,0.000,0,0.000,0.000,0.000,2,0.463,0.000,0.000,9,0.000,0.000,0.000
2014-11-16,3,-1.527,0.000,1.221,0,0.000,0.000,0.000,1,-0.142,0.000,0.000,5,-0.002,0.000,0.002
2014-11-17,5,0.006,0.549,0.002,1,-0.124,0.000,0.000,1,-0.142,0.000,0.000,5,-0.000,0.000,0.000
2014-11-18,2,-0.469,0.549,1.221,1,-0.441,0.000,0.000,1,-0.142,0.000,0.000,4,-0.000,0.000,0.000
2014-11-19,6,-0.431,0.000,0.551,2,-0.871,0.000,0.000,2,0.355,0.000,0.000,7,0.000,0.000,0.000
2014-11-20,2,0.617,0.000,0.000,0,0.000,0.000,0.000,0,0.000,0.000,0.000,3,0.000,0.000,0.000
2014-11-21,4,-1.881,1.221,1.221,1,-0.441,0.000,0.000,1,-0.142,0.000,0.000,31,0.000,0.000,0.000
2014-11-22,14,6.891,4.935,1.226,0,0.000,0.000,0.000,2,-0.486,0.000,1.221,22,0.000,0.000,0.000
2014-11-23,10,3.924,2.443,0.000,0,0.000,0.000,0.000,0,0.000,0.000,0.000,14,0.000,0.000,0.000
2014-11-24,1,-0.001,0.000,0.000,0,0.000,0.000,0.000,0,0.000,0.000,0.000,5,0.007,0.005,0.000
2014-11-25,15,-1.557,0.000,1.221,0,0.000,0.000,0.000,0,0.000,0.000,0.000,10,0.009,0.005,0.000
2014-11-26,2,0.733,0.050,0.000,0,0.000,0.000,0.000,3,-0.891,0.000,1.221,38,-0.001,0.000,0.000
2014-11-27,5,-0.664,0.000,0.000,0,0.000,0.000,0.000,3,2.561,1.221,0.000,15,0.008,0.005,0.000
2014-11-28,1,-0.142,0.000,0.000,0,0.000,0.000,0.000,1,0.785,0.000,0.000,5,-0.000,0.000,0.000
2014-11-29,2,1.207,1.221,0.000,0,0.000,0.000,0.000,0,0.000,0.000,0.000,9,0.000,0.000,0.000
2014-11-30,8,2.053,4.213,1.221,0,0.000,0.000,0.000,1,-0.142,0.000,0.000,21,0.000,0.000,0.000
2014-12-01,2,-0.284,0.000,0.000,0,0.000,0.000,0.000,0,0.000,0.000,0.000,9,0.000,0.000,0.000
2014-12-02,14,1.841,1.271,0.000,0,0.000,0.000,0.000,2,0.330,0.000,0.000,4,-0.139,0.000,0.000
2014-12-03,12,0.304,0.000,0.000,0,0.000,0.000,0.000,1,-0.142,0.000,0.000,11,0.007,0.005,0.001
2014-12-04,5,2.399,1.221,0.000,0,0.000,0.000,0.000,0,0.000,0.000,0.000,16,-0.000,0.000,0.000
2014-12-05,0,0.000,0.000,0.000,0,0.000,0.000,0.000,2,-1.630,0.000,1.221,3,0.003,0.000,0.000
2014-12-06,6,3.455,2.319,1.221,0,0.000,0.000,0.000,3,-1.065,0.000,0.000,17,-0.945,0.000,0.000
2014-12-07,10,5.872,4.089,0.000,0,0.000,0.000,0.000,0,0.000,0.000,0.000,9,0.000,0.000,0.000
2014-12-08,4,3.144,1.221,0.000,0,0.000,0.000,0.000,1,-0.142,0.000,0.000,5,0.011,0.005,0.000
2014-12-09,1,0.777,0.000,0.000,1,-0.465,0.000,0.000,2,-0.676,0.000,0.000,13,-0.003,0.000,0.002
2014-12-10,0,0.000,0.000,0.000,0,0.000,0.000,0.000,0,0.000,0.000,0.000,0,0.000,0.000,0.000
2014-12-11,0,0.000,0.000,0.000,0,0.000,0.000,0.000,3,-0.199,0.000,0.000,4,-0.000,0.000,0.000
2014-12-12,0,0.000,0.000,0.000,0,0.000,0.000,0.000,0,0.000,0.000,0.000,0,0.000,0.000,0.000
2014-12-13,2,3.266,1.221,0.000,0,0.000,0.000,0.000,0,0.000,0.000,0.000,2,0.000,0.000,0.000
2014-12-14,4,-0.980,0.000,0.000,0,0.000,0.000,0.000,0,0.000,0.000,0.000,10,0.000,0.000,0.000
2014-12-15,0,0.000,0.000,0.000,0,0.000,0.000,0.000,0,0.000,0.000,0.000,2,-1.544,0.000,1.221
2014-12-16,9,2.498,0.000,0.000,0,0.000,0.000,0.000,0,0.000,0.000,0.000,4,0.000,0.000,0.000
2014-12-17,1,-0.043,0.000,0.000,0,0.000,0.000,0.000,0,0.000,0.000,0.000,5,0.000,0.000,0.000
2014-12-18,1,2.707,1.221,0.000,0,0.000,0.000,0.000,0,0.000,0.000,0.000,3,-0.000,0.000,0.000
2014-12-19,1,-0.013,0.000,0.005,0,0.000,0.000,0.000,0,0.000,0.000,0.000,3,0.000,0.000,0.000
2014-12-20,4,5.272,2.443,0.005,3,-1.055,0.000,0.000,0,0.000,0.000,0.000,13,-0.974,0.000,0.001
2014-12-21,6,-0.068,1.221,1.221,0,0.000,0.000,0.000,0,0.000,0.000,0.000,10,0.440,0.000,0.000
2014-12-22,1,-0.157,0.000,0.000,3,-0.232,0.000,0.000,0,0.000,0.000,0.000,11,0.000,0.000,0.000
2014-12-23,2,-0.603,0.000,0.000,1,-0.441,0.000,0.000,0,0.000,0.000,0.000,9,0.000,0.000,0.000
2014-12-24,3,3.319,2.443,0.000,0,0.000,0.000,0.000,0,0.000,0.000,0.000,8,0.000,0.000,0.000
2014-12-25,0,0.000,0.000,0.000,2,-0.871,0.000,0.000,0,0.000,0.000,0.000,6,0.607,0.000,0.000
2014-12-26,0,0.000,0.000,0.000,1,-0.451,0.000,0.000,0,0.000,0.000,0.000,5,0.007,0.005,0.001
2014-12-27,8,0.824,1.221,1.098,1,0.326,0.000,0.000,0,0.000,0.000,0.000,7,0.000,0.000,0.000
2014-12-28,5,2.674,3.664,1.221,0,0.000,0.000,0.000,0,0.000,0.000,0.000,4,-0.000,0.000,0.000
2014-12-29,2,1.679,1.221,0.000,1,-0.451,0.000,0.000,0,0.000,0.000,0.000,13,-1.635,1.221,2.443
2014-12-30,2,0.657,0.549,0.000,0,0.000,0.000,0.000,0,0.000,0.000,0.000,4,0.000,0.000,0.000
2014-12-31,7,1.274,1.770,0.000,1,-0.128,0.000,0.000,0,0.000,0.000,0.000,2,-0.000,0.000,0.000
2015-01-01,7,3.525,2.443,0.000,1,-0.430,0.000,0.000,6,1.936,1.221,0.000,7,0.000,0.000,0.000
2015-01-02,6,3.635,1.221,0.000,1,-0.128,0.000,0.000,6,-0.001,0.000,0.000,3,-0.000,0.000,0.000
2015-01-03,17,-0.211,1.221,0.000,1,-0.128,0.000,0.000,14,0.000,0.000,0.000,6,0.000,0.000,0.000
2015-01-04,7,3.117,2.443,0.000,3,-1.072,0.000,0.000,3,-0.000,0.000,0.000,7,-2.004,0.000,1.221
2015-01-05,3,-2.008,0.000,1.221,1,-0.441,0.000,0.000,0,0.000,0.000,0.000,11,0.000,0.000,0.000
2015-01-06,1,0.054,0.050,0.000,1,-0.128,0.000,0.000,1,0.987,0.000,0.000,6,-0.000,0.000,0.000
2015-01-07,5,0.058,0.000,0.000,4,-1.731,0.000,0.000,0,0.000,0.000,0.000,2,-0.000,0.000,0.000
2015-01-08,4,0.138,0.000,0.000,1,-0.465,0.000,0.000,12,-2.646,0.000,1.222,8,0.000,0.000,0.000
2015-01-09,0,0.000,0.000,0.000,0,0.000,0.000,0.000,2,-0.000,0.000,0.000,8,0.000,0.000,0.000
2015-01-10,4,0.886,1.221,1.221,1,-0.128,0.000,0.000,3,-1.830,0.000,1.098,10,0.000,0.000,0.000
2015-01-11,3,0.472,0.000,0.000,2,-0.930,0.000,0.000,0,0.000,0.000,0.000,1,0.000,0.000,0.000
2015-01-12,0,0.000,0.000,0.000,0,0.000,0.000,0.000,0,0.000,0.000,0.000,7,-0.603,0.000,0.000
2015-01-13,2,-0.284,0.000,0.000,1,-0.441,0.000,0.000,0,0.000,0.000,0.000,4,-0.000,0.000,0.000
2015-01-14,0,0.000,0.000,0.000,1,-0.128,0.000,0.000,0,0.000,0.000,0.000,8,0.000,0.000,0.000
2015-01-15,5,-1.336,0.000,1.221,3,-1.386,0.000,0.000,0,0.000,0.000,0.000,0,0.000,0.000,0.000
2015-01-16,4,-0.245,0.000,0.000,2,-0.892,0.000,0.000,0,0.000,0.000,0.000,7,-0.000,0.000,0.000
2015-01-17,2,0.237,0.000,0.000,2,-0.607,0.000,0.000,0,0.000,0.000,0.000,3,0.000,0.000,0.000
2015-01-18,6,-0.067,0.000,0.005,0,0.000,0.000,0.000,0,0.000,0.000,0.000,12,0.000,0.000,0.000
2015-01-19,4,0.363,1.221,0.549,0,0.000,0.000,0.000,0,0.000,0.000,0.000,4,0.000,0.000,0.000
2015-01-20,0,0.000,0.000,0.000,3,-2.704,0.000,1.221,0,0.000,0.000,0.000,6,0.000,0.000,0.000
2015-01-21,4,-0.220,0.000,0.000,3,-1.030,0.000,0.000,0,0.000,0.000,0.000,6,-0.000,0.000,0.000
2015-01-22,4,1.631,1.221,0.000,3,-0.533,0.000,0.000,0,0.000,0.000,0.000,15,0.000,0.000,0.000
2015-01-23,1,-0.142,0.000,0.000,1,-0.441,0.000,0.000,1,-2.659,0.000,1.221,3,-0.000,0.000,0.000
2015-01-24,1,0.358,0.000,0.000,3,-1.424,0.000,0.000,0,0.000,0.000,0.000,2,-0.000,0.000,0.000
2015-01-25,3,-0.596,0.000,0.247,2,-0.575,0.000,0.000,0,0.000,0.000,0.000,0,0.000,0.000,0.000
2015-01-26,5,4.215,2.443,0.000,5,-1.024,0.000,0.000,0,0.000,0.000,0.000,0,0.000,0.000,0.000
2015-01-27,1,-0.654,0.000,0.000,0,0.000,0.000,0.000,0,0.000,0.000,0.000,0,0.000,0.000,0.000
2015-01-28,1,0.000,0.000,0.000,6,-1.539,0.000,0.000,0,0.000,0.000,0.000,0,0.000,0.000,0.000
2015-01-29,6,1.297,1.221,0.000,3,-0.303,0.000,0.000,0,0.000,0.000,0.000,0,0.000,0.000,0.000
2015-01-30,0,0.000,0.000,0.000,0,0.000,0.000,0.000,0,0.000,0.000,0.000,0,0.000,0.000,0.000
2015-01-31,3,-0.426,0.000,0.000,0,0.000,0.000,0.000,0,0.000,0.000,0.000,0,0.000,0.000,0.000
2015-02-01,4,-0.292,0.000,0.000,2,-0.945,0.000,0.000,0,0.000,0.000,0.000,0,0.000,0.000,0.000
2015-02-02,3,0.738,0.000,0.000,3,-1.301,0.000,0.000,0,0.000,0.000,0.000,1,-0.142,0.000,0.000
2015-02-03,2,1.966,1.221,0.000,0,0.000,0.000,0.000,2,0.077,0.549,0.000,0,0.000,0.000,0.000
2015-02-04,0,0.000,0.000,0.000,4,-1.343,0.000,0.000,1,-0.142,0.000,0.000,0,0.000,0.000,0.000
2015-02-05,1,1.318,1.221,0.000,1,-0.128,0.000,0.000,1,1.483,1.221,0.000,0,0.000,0.000,0.000
2015-02-06,14,-0.158,2.443,2.443,2,-0.608,0.000,0.000,2,0.518,0.000,0.000,0,0.000,0.000,0.000
2015-02-07,2,-0.175,0.000,0.549,1,-0.128,0.000,0.000,2,1.159,1.221,0.000,0,0.000,0.000,0.000
2015-02-08,3,3.127,1.221,0.000,4,0.368,0.000,0.000,2,-0.789,0.000,0.000,0,0.000,0.000,0.000
2015-02-09,0,0.000,0.000,0.000,3,-1.386,0.000,0.000,0,0.000,0.000,0.000,8,-0.088,1.221,1.221
2015-02-10,1,0.163,0.000,0.000,0,0.000,0.000,0.000,2,2.460,1.221,0.000,0,0.000,0.000,0.000
2015-02-11,4,-3.572,0.000,1.770,1,-0.465,0.000,0.000,3,-0.457,0.000,0.000,0,0.000,0.000,0.000
2015-02-12,1,2.528,1.221,0.000,1,-0.451,0.000,0.000,1,0.584,0.549,0.000,0,0.000,0.000,0.000
2015-02-13,2,3.569,1.221,0.000,1,-0.441,0.000,0.000,10,-0.426,0.000,0.000,0,0.000,0.000,0.000
2015-02-14,0,0.000,0.000,0.000,3,-0.544,0.000,0.000,14,6.887,4.213,0.000,0,0.000,0.000,0.000
2015-02-15,4,0.565,0.493,0.000,2,-0.882,0.000,0.000,8,-0.142,0.000,0.000,0,0.000,0.000,0.000
2015-02-16,1,-0.142,0.000,0.000,2,-0.178,0.000,0.000,5,0.000,0.000,0.000,0,0.000,0.000,0.000
2015-02-17,7,0.964,1.221,1.770,0,0.000,0.000,0.000,0,0.000,0.000,0.000,0,0.000,0.000,0.000
2015-02-18,2,-0.687,0.000,0.247,2,-0.881,0.000,0.000,1,-0.142,0.000,0.000,0,0.000,0.000,0.000
2015-02-19,3,-1.225,0.000,0.247,0,0.000,0.000,0.000,3,2.437,1.221,0.000,0,0.000,0.000,0.000
2015-02-20,1,-0.142,0.000,0.000,3,-0.243,0.000,0.000,1,-0.142,0.000,0.000,0,0.000,0.000,0.000
2015-02-21,6,-1.072,2.443,1.221,0,0.000,0.000,0.000,2,0.234,0.000,0.000,1,-0.142,0.000,0.000
2015-02-22,3,0.525,0.000,0.000,2,-1.063,0.000,0.000,4,1.912,1.770,0.000,0,0.000,0.000,0.000
2015-02-23,3,0.724,0.000,0.000,1,0.035,0.000,0.000,2,-2.415,0.000,1.221,0,0.000,0.000,0.000
2015-02-24,0,0.000,0.000,0.000,2,-0.593,0.000,0.000,0,0.000,0.000,0.000,0,0.000,0.000,0.000
2015-02-25,2,-2.055,0.000,1.221,1,0.035,0.000,0.000,1,-0.142,0.000,0.000,0,0.000,0.000,0.000
2015-02-26,5,1.884,1.221,1.221,0,0.000,0.000,0.000,2,1.086,1.221,0.000,0,0.000,0.000,0.000
2015-02-27,1,0.557,0.000,0.000,0,0.000,0.000,0.000,0,0.000,0.000,0.000,0,0.000,0.000,0.000
2015-02-28,0,0.000,0.000,0.000,0,0.000,0.000,0.000,0,0.000,0.000,0.000,0,0.000,0.000,0.000
2015-03-01,0,0.000,0.000,0.000,2,-0.593,0.000,0.000,2,-0.185,0.000,0.000,0,0.000,0.000,0.000
2015-03-02,2,-0.284,0.000,0.000,2,-0.916,0.000,0.000,2,-0.284,0.000,0.000,0,0.000,0.000,0.000
2015-03-03,2,-0.657,0.000,0.000,1,-0.480,0.000,0.000,2,-0.284,0.000,0.000,0,0.000,0.000,0.000
2015-03-04,2,4.469,1.221,0.000,1,-0.451,0.000,0.000,3,2.429,1.221,0.000,0,0.000,0.000,0.000
2015-03-05,1,-0.142,0.000,0.000,3,-0.242,0.000,0.000,1,-0.142,0.000,0.000,0,0.000,0.000,0.000
2015-03-06,2,1.378,1.221,0.000,0,0.000,0.000,0.000,0,0.000,0.000,0.000,0,0.000,0.000,0.000
2015-03-07,0,0.000,0.000,0.000,0,0.000,0.000,0.000,2,-0.075,1.221,1.221,0,0.000,0.000,0.000
2015-03-08,3,0.504,1.221,1.221,1,-0.430,0.000,0.000,2,-0.284,0.000,0.000,0,0.000,0.000,0.000
2015-03-09,2,-0.270,0.000,0.000,0,0.000,0.000,0.000,1,0.437,0.000,0.000,0,0.000,0.000,0.000
2015-03-10,1,-0.173,0.000,0.000,0,0.000,0.000,0.000,1,-0.142,0.000,0.000,0,0.000,0.000,0.000
2015-03-11,1,-0.000,0.000,0.000,0,0.000,0.000,0.000,1,-0.142,0.000,0.000,0,0.000,0.000,0.000
2015-03-12,1,0.284,0.000,0.000,3,-0.384,0.000,0.000,0,0.000,0.000,0.000,0,0.000,0.000,0.000
2015-03-13,0,0.000,0.000,0.000,2,-0.256,0.000,0.000,0,0.000,0.000,0.000,0,0.000,0.000,0.000
2015-03-14,15,10.498,3.664,0.000,6,-1.727,0.000,0.000,3,1.168,1.221,0.000,1,-0.142,0.000,0.000
2015-03-15,6,4.930,3.540,0.000,7,-2.823,0.000,0.000,2,-0.206,0.000,0.000,0,0.000,0.000,0.000
2015-03-16,1,-0.735,0.000,0.000,7,-1.233,0.000,0.000,0,0.000,0.000,0.000,0,0.000,0.000,0.000
2015-03-17,3,-0.334,0.549,0.549,6,0.632,1.221,0.000,1,-0.142,0.000,0.000,0,0.000,0.000,0.000
2015-03-18,1,3.023,1.221,0.000,7,-0.130,0.000,0.000,2,-0.952,0.000,0.000,0,0.000,0.000,0.000
2015-03-19,4,-0.224,0.000,0.000,2,-0.256,0.000,0.000,0,0.000,0.000,0.000,0,0.000,0.000,0.000
2015-03-20,1,-0.671,0.000,0.000,4,-1.405,0.000,0.000,1,-0.142,0.000,0.000,0,0.000,0.000,0.000
2015-03-21,6,0.656,0.000,0.000,11,-4.979,0.000,0.000,0,0.000,0.000,0.000,3,-0.426,0.000,0.000
2015-03-22,6,-1.471,1.221,1.221,6,-1.512,0.000,0.000,1,0.951,0.000,0.000,0,0.000,0.000,0.000
2015-03-23,0,0.000,0.000,0.000,1,-0.128,0.000,0.000,0,0.000,0.000,0.000,0,0.000,0.000,0.000
2015-03-24,0,0.000,0.000,0.000,0,0.000,0.000,0.000,0,0.000,0.000,0.000,0,0.000,0.000,0.000
2015-03-25,0,0.000,0.000,0.000,6,-2.383,0.000,0.000,1,-0.142,0.000,0.000,0,0.000,0.000,0.000
2015-03-26,0,0.000,0.000,0.000,11,-3.373,0.000,0.000,0,0.000,0.000,0.000,1,-2.307,0.000,1.221
2015-03-27,1,-0.142,0.000,0.000,2,-0.930,0.000,0.000,0,0.000,0.000,0.000,0,0.000,0.000,0.000
2015-03-28,2,3.821,2.443,0.000,1,-0.430,0.000,0.000,1,-0.561,0.000,0.000,0,0.000,0.000,0.000
2015-03-29,1,-0.142,0.000,0.000,2,-0.260,0.000,0.000,0,0.000,0.000,0.000,0,0.000,0.000,0.000
2015-03-30,0,0.000,0.000,0.000,1,-0.430,0.000,0.000,0,0.000,0.000,0.000,0,0.000,0.000,0.000
2015-03-31,0,0.000,0.000,0.000,0,0.000,0.000,0.000,0,0.000,0.000,0.000,0,0.000,0.000,0.000
2015-04-01,0,0.000,0.000,0.000,0,0.000,0.000,0.000,0,0.000,0.000,0.000,0,0.000,0.000,0.000
2015-04-02,1,0.735,0.000,0.000,1,-0.128,0.000,0.000,0,0.000,0.000,0.000,0,0.000,0.000,0.000
2015-04-03,0,0.000,0.000,0.000,0,0.000,0.000,0.000,0,0.000,0.000,0.000,0,0.000,0.000,0.000
2015-04-04,0,0.000,0.000,0.000,0,0.000,0.000,0.000,1,1.683,1.221,0.000,0,0.000,0.000,0.000
2015-04-05,0,0.000,0.000,0.000,1,-0.132,0.000,0.000,0,0.000,0.000,0.000,0,0.000,0.000,0.000
2015-04-06,0,0.000,0.000,0.000,0,0.000,0.000,0.000,0,0.000,0.000,0.000,0,0.000,0.000,0.000
2015-04-07,0,0.000,0.000,0.000,3,-1.112,0.000,0.000,1,-0.142,0.000,0.000,0,0.000,0.000,0.000
2015-04-08,2,0.270,0.000,0.000,4,-1.614,0.000,0.000,3,0.781,0.000,0.000,0,0.000,0.000,0.000
2015-04-09,1,-0.142,0.000,0.000,6,-0.644,0.000,0.000,2,-0.579,0.000,0.000,0,0.000,0.000,0.000
2015-04-10,1,0.834,0.549,0.000,2,-0.945,0.000,0.000,3,1.173,1.098,0.000,0,0.000,0.000,0.000
2015-04-11,0,0.000,0.000,0.000,1,-0.465,0.000,0.000,0,0.000,0.000,0.000,0,0.000,0.000,0.000
2015-04-12,0,0.000,0.000,0.000,1,-0.128,0.000,0.000,0,0.000,0.000,0.000,0,0.000,0.000,0.000
2015-04-13,0,0.000,0.000,0.000,0,0.000,0.000,0.000,0,0.000,0.000,0.000,0,0.000,0.000,0.000
2015-04-14,0,0.000,0.000,0.000,1,-0.480,0.000,0.000,0,0.000,0.000,0.000,0,0.000,0.000,0.000
2015-04-15,1,-0.142,0.000,0.000,0,0.000,0.000,0.000,0,0.000,0.000,0.000,0,0.000,0.000,0.000
2015-04-16,1,1.800,1.221,0.000,3,-1.381,0.000,0.000,0,0.000,0.000,0.000,0,0.000,0.000,0.000
2015-04-17,0,0.000,0.000,0.000,1,-0.480,0.000,0.000,0,0.000,0.000,0.000,0,0.000,0.000,0.000
2015-04-18,1,1.552,1.221,0.000,1,-0.128,0.000,0.000,0,0.000,0.000,0.000,0,0.000,0.000,0.000
2015-04-19,2,-2.072,0.000,1.221,0,0.000,0.000,0.000,0,0.000,0.000,0.000,0,0.000,0.000,0.000
2015-04-20,0,0.000,0.000,0.000,1,-0.451,0.000,0.000,0,0.000,0.000,0.000,0,0.000,0.000,0.000
2015-04-21,4,2.007,0.000,0.000,5,-2.211,0.000,0.000,3,0.926,0.000,0.000,0,0.000,0.000,0.000
2015-04-22,3,1.187,1.221,0.000,12,-5.527,1.221,1.221,2,-0.284,0.000,0.000,0,0.000,0.000,0.000
2015-04-23,0,0.000,0.000,0.000,1,-0.480,0.000,0.000,0,0.000,0.000,0.000,0,0.000,0.000,0.000
2015-04-24,3,0.082,0.000,0.000,0,0.000,0.000,0.000,0,0.000,0.000,0.000,0,0.000,0.000,0.000
2015-04-25,8,3.303,1.221,0.000,10,-2.551,0.000,0.000,5,0.471,0.000,0.000,0,0.000,0.000,0.000
2015-04-26,4,0.522,0.000,0.000,7,-1.834,0.000,0.000,1,2.341,1.221,0.000,0,0.000,0.000,0.000
2015-04-27,2,3.210,1.221,0.000,7,-0.155,0.000,0.000,2,0.809,0.000,0.000,0,0.000,0.000,0.000
2015-04-28,2,0.493,0.000,0.000,4,-0.357,0.000,0.000,1,-0.870,0.000,0.000,0,0.000,0.000,0.000
2015-04-29,1,-0.142,0.000,0.000,6,1.349,1.221,0.000,1,-2.260,0.000,1.221,0,0.000,0.000,0.000
2015-04-30,2,-0.284,0.000,0.000,7,-3.329,0.000,0.000,3,2.315,1.221,0.000,0,0.000,0.000,0.000
2015-05-01,0,0.000,0.000,0.000,3,-1.457,0.000,0.000,0,0.000,0.000,0.000,0,0.000,0.000,0.000
2015-05-02,2,-0.284,0.000,0.000,2,-0.252,0.000,0.000,0,0.000,0.000,0.000,0,0.000,0.000,0.000
2015-05-03,1,2.137,1.221,0.000,2,-0.256,0.000,0.000,1,1.782,1.221,0.000,0,0.000,0.000,0.000
2015-05-04,0,0.000,0.000,0.000,0,0.000,0.000,0.000,0,0.000,0.000,0.000,0,0.000,0.000,0.000
2015-05-05,0,0.000,0.000,0.000,0,0.000,0.000,0.000,1,-0.142,0.000,0.000,0,0.000,0.000,0.000
2015-05-06,0,0.000,0.000,0.000,0,0.000,0.000,0.000,0,0.000,0.000,0.000,0,0.000,0.000,0.000
2015-05-07,0,0.000,0.000,0.000,0,0.000,0.000,0.000,0,0.000,0.000,0.000,0,0.000,0.000,0.000
2015-05-08,0,0.000,0.000,0.000,0,0.000,0.000,0.000,0,0.000,0.000,0.000,0,0.000,0.000,0.000
2015-05-09,0,0.000,0.000,0.000,0,0.000,0.000,0.000,0,0.000,0.000,0.000,0,0.000,0.000,0.000
2015-05-10,0,0.000,0.000,0.000,0,0.000,0.000,0.000,0,0.000,0.000,0.000,0,0.000,0.000,0.000
2015-05-11,0,0.000,0.000,0.000,3,1.833,1.221,0.000,0,0.000,0.000,0.000,0,0.000,0.000,0.000
2015-05-12,0,0.000,0.000,0.000,1,-0.494,0.000,0.000,0,0.000,0.000,0.000,0,0.000,0.000,0.000
2015-05-13,0,0.000,0.000,0.000,2,-0.910,0.000,0.000,1,0.834,0.000,0.000,0,0.000,0.000,0.000
2015-05-14,0,0.000,0.000,0.000,1,-0.142,0.000,0.000,1,-0.142,0.000,0.000,0,0.000,0.000,0.000
2015-05-15,1,0.841,0.000,0.000,1,-0.494,0.000,0.000,1,-0.142,0.000,0.000,0,0.000,0.000,0.000
2015-05-16,0,0.000,0.000,0.000,0,0.000,0.000,0.000,0,0.000,0.000,0.000,0,0.000,0.000,0.000
2015-05-17,0,0.000,0.000,0.000,1,-0.494,0.000,0.000,2,0.887,0.000,0.000,0,0.000,0.000,0.000
2015-05-18,1,0.760,0.000,0.000,6,-1.156,0.000,0.000,1,-0.142,0.000,0.000,0,0.000,0.000,0.000
2015-05-19,0,0.000,0.000,0.000,0,0.000,0.000,0.000,1,-0.142,0.000,0.000,0,0.000,0.000,0.000
2015-05-20,0,0.000,0.000,0.000,3,-0.707,0.000,0.000,0,0.000,0.000,0.000,0,0.000,0.000,0.000
2015-05-21,0,0.000,0.000,0.000,6,-2.114,0.000,0.000,5,0.138,0.000,0.000,1,-0.830,0.000,0.549
2015-05-22,2,-0.284,0.000,0.000,7,-0.780,0.000,0.000,2,0.536,0.000,0.000,0,0.000,0.000,0.000
2015-05-23,6,0.922,1.221,0.000,5,0.705,0.000,0.000,3,2.066,1.221,0.000,0,0.000,0.000,0.000
2015-05-24,1,1.648,1.221,0.000,7,-0.896,0.000,0.000,4,-0.146,0.000,0.000,0,0.000,0.000,0.000
2015-05-25,4,3.073,1.221,0.000,5,-1.588,0.000,0.000,8,2.748,0.111,0.000,0,0.000,0.000,0.000
2015-05-26,2,-0.284,0.000,0.000,7,-2.602,0.000,0.000,0,0.000,0.000,0.000,0,0.000,0.000,0.000
2015-05-27,0,0.000,0.000,0.000,0,0.000,0.000,0.000,0,0.000,0.000,0.000,0,0.000,0.000,0.000
2015-05-28,0,0.000,0.000,0.000,0,0.000,0.000,0.000,0,0.000,0.000,0.000,0,0.000,0.000,0.000
2015-05-29,0,0.000,0.000,0.000,0,0.000,0.000,0.000,0,0.000,0.000,0.000,0,0.000,0.000,0.000
2015-05-30,0,0.000,0.000,0.000,0,0.000,0.000,0.000,0,0.000,0.000,0.000,0,0.000,0.000,0.000
2015-05-31,0,0.000,0.000,0.000,0,0.000,0.000,0.000,0,0.000,0.000,0.000,0,0.000,0.000,0.000
2015-06-01,4,0.117,0.000,0.000,8,-3.882,0.000,0.000,3,0.586,0.000,0.000,2,-1.097,0.000,0.549
2015-06-02,1,-1.258,0.000,1.221,6,-2.615,0.000,0.000,2,-1.041,0.000,0.000,0,0.000,0.000,0.000
2015-06-03,3,3.733,1.221,0.000,11,-4.806,0.000,0.000,1,-0.142,0.000,0.000,0,0.000,0.000,0.000
2015-06-04,1,0.813,0.000,0.000,7,-1.059,0.000,0.000,6,5.001,3.664,0.000,0,0.000,0.000,0.000
2015-06-05,3,0.508,0.000,0.000,9,-1.112,1.221,0.000,4,1.531,0.549,0.000,0,0.000,0.000,0.000
2015-06-06,4,2.648,1.221,0.000,16,1.289,1.221,0.000,5,3.304,2.443,0.000,0,0.000,0.000,0.000
2015-06-07,1,-0.142,0.000,0.000,11,-1.584,0.000,0.000,4,-3.032,0.000,1.221,0,0.000,0.000,0.000
2015-06-08,3,3.098,2.443,0.000,9,-0.305,1.221,0.000,5,1.951,1.221,0.000,0,0.000,0.000,0.000
2015-06-09,2,2.758,2.443,0.000,10,-1.405,1.221,0.000,3,-0.426,0.000,0.000,0,0.000,0.000,0.000
2015-06-10,0,0.000,0.000,0.000,12,-1.536,0.000,0.000,0,0.000,0.000,0.000,0,0.000,0.000,0.000
2015-06-11,0,0.000,0.000,0.000,11,0.217,0.000,0.000,1,-0.142,0.000,0.000,0,0.000,0.000,0.000
2015-06-12,0,0.000,0.000,0.000,0,0.000,0.000,0.000,0,0.000,0.000,0.000,0,0.000,0.000,0.000
2015-06-13,0,0.000,0.000,0.000,0,0.000,0.000,0.000,0,0.000,0.000,0.000,0,0.000,0.000,0.000
2015-06-14,0,0.000,0.000,0.000,0,0.000,0.000,0.000,0,0.000,0.000,0.000,0,0.000,0.000,0.000
2015-06-15,1,-0.955,0.000,0.000,5,-2.242,0.000,0.000,0,0.000,0.000,0.000,0,0.000,0.000,0.000
2015-06-16,0,0.000,0.000,0.000,2,-0.441,0.000,0.000,0,0.000,0.000,0.000,0,0.000,0.000,0.000
2015-06-17,0,0.000,0.000,0.000,0,0.000,0.000,0.000,0,0.000,0.000,0.000,0,0.000,0.000,0.000
2015-06-18,1,2.277,1.221,0.000,0,0.000,0.000,0.000,0,0.000,0.000,0.000,0,0.000,0.000,0.000
2015-06-19,0,0.000,0.000,0.000,4,-2.048,0.000,0.000,0,0.000,0.000,0.000,0,0.000,0.000,0.000
2015-06-20,0,0.000,0.000,0.000,0,0.000,0.000,0.000,0,0.000,0.000,0.000,0,0.000,0.000,0.000
2015-06-21,0,0.000,0.000,0.000,1,-0.419,0.000,0.000,0,0.000,0.000,0.000,0,0.000,0.000,0.000
2015-06-22,0,0.000,0.000,0.000,4,0.581,0.000,0.000,0,0.000,0.000,0.000,0,0.000,0.000,0.000
2015-06-23,1,1.930,1.221,0.000,1,-0.480,0.000,0.000,0,0.000,0.000,0.000,0,0.000,0.000,0.000
2015-06-24,0,0.000,0.000,0.000,5,0.190,0.000,0.000,0,0.000,0.000,0.000,0,0.000,0.000,0.000
2015-06-25,0,0.000,0.000,0.000,1,-0.128,0.000,0.000,1,-0.142,0.000,0.000,0,0.000,0.000,0.000
2015-06-26,0,0.000,0.000,0.000,4,-0.837,0.000,0.000,0,0.000,0.000,0.000,0,0.000,0.000,0.000
2015-06-27,2,1.206,1.221,0.000,7,-3.283,0.000,0.000,2,-0.284,0.000,0.000,0,0.000,0.000,0.000
2015-06-28,2,-0.284,0.000,0.000,10,-3.814,0.000,0.000,3,0.085,0.000,0.000,0,0.000,0.000,0.000
2015-06-29,2,1.700,1.221,0.000,10,-1.491,0.000,0.000,3,0.699,0.000,0.000,0,0.000,0.000,0.000
2015-06-30,1,1.366,1.221,0.000,7,-3.053,0.000,0.000,1,-0.142,0.000,0.000,0,0.000,0.000,0.000
2015-07-01,0,0.000,0.000,0.000,7,-3.355,0.000,0.000,0,0.000,0.000,0.000,0,0.000,0.000,0.000
2015-07-02,4,1.135,1.221,0.000,9,-0.676,0.000,0.000,0,0.000,0.000,0.000,0,0.000,0.000,0.000
2015-07-03,1,1.267,1.221,0.000,11,-2.090,0.000,0.000,0,0.000,0.000,0.000,0,0.000,0.000,0.000
2015-07-04,4,4.425,2.443,0.000,13,-3.204,1.221,0.000,3,-0.426,0.000,0.000,0,0.000,0.000,0.000
2015-07-05,4,7.364,4.886,0.000,19,5.359,2.443,0.000,2,-0.284,0.000,0.000,0,0.000,0.000,0.000
2015-07-06,3,0.266,0.000,0.000,8,-1.692,0.000,0.000,2,-0.142,0.000,0.000,0,0.000,0.000,0.000
2015-07-07,2,1.506,1.221,0.000,9,-2.322,0.000,0.000,1,-0.142,0.000,0.000,0,0.000,0.000,0.000
2015-07-08,2,-0.764,0.000,0.000,8,-3.506,0.000,0.000,0,0.000,0.000,0.000,0,0.000,0.000,0.000
2015-07-09,2,-0.284,0.000,0.000,6,-2.885,0.000,0.000,0,0.000,0.000,0.000,0,0.000,0.000,0.000
2015-07-10,2,-0.731,0.000,0.000,12,-4.174,0.000,0.000,1,-0.142,0.000,0.000,0,0.000,0.000,0.000
2015-07-11,3,3.170,2.443,0.000,4,-0.441,0.000,0.000,1,0.497,0.000,0.000,0,0.000,0.000,0.000
2015-07-12,3,0.451,0.000,0.000,5,-0.137,0.000,0.000,0,0.000,0.000,0.000,0,0.000,0.000,0.000
2015-07-13,1,-0.991,0.000,0.000,7,-2.174,0.000,0.000,1,0.000,0.000,0.000,0,0.000,0.000,0.000
2015-07-14,3,-1.838,0.000,1.221,6,-2.818,0.000,0.000,1,-0.142,0.000,0.000,0,0.000,0.000,0.000
2015-07-15,4,0.426,0.000,0.000,10,-4.138,0.000,0.000,0,0.000,0.000,0.000,0,0.000,0.000,0.000
2015-07-16,5,5.187,2.689,0.000,12,-1.473,0.000,0.000,0,0.000,0.000,0.000,0,0.000,0.000,0.000
2015-07-17,1,-0.142,0.000,0.000,12,-1.362,0.000,0.000,0,0.000,0.000,0.000,0,0.000,0.000,0.000
2015-07-18,21,5.285,4.034,1.221,4,-1.450,0.000,0.000,1,0.792,0.000,0.000,0,0.000,0.000,0.000
2015-07-19,5,0.685,1.221,0.000,8,-2.278,0.000,0.000,3,-0.426,0.000,0.000,0,0.000,0.000,0.000
2015-07-20,1,-2.164,0.000,1.221,3,-1.422,0.000,0.000,1,0.329,0.000,0.000,0,0.000,0.000,0.000
2015-07-21,3,2.726,1.221,0.000,12,-2.367,1.221,0.000,0,0.000,0.000,0.000,0,0.000,0.000,0.000
2015-07-22,2,-0.284,0.000,0.000,6,-1.134,0.000,0.000,0,0.000,0.000,0.000,0,0.000,0.000,0.000
2015-07-23,0,0.000,0.000,0.000,15,-2.049,0.000,0.000,1,-0.142,0.000,0.000,0,0.000,0.000,0.000
2015-07-24,5,1.309,1.221,0.000,6,-1.057,0.000,0.000,2,2.063,1.221,0.000,0,0.000,0.000,0.000
2015-07-25,1,-0.142,0.000,0.000,11,-0.128,0.000,0.000,0,0.000,0.000,0.000,0,0.000,0.000,0.000
2015-07-26,2,-0.284,0.000,0.000,7,-1.183,0.000,0.000,2,-0.007,0.000,0.000,0,0.000,0.000,0.000
2015-07-27,0,0.000,0.000,0.000,2,-0.593,0.000,0.000,1,-0.536,0.000,0.000,0,0.000,0.000,0.000
2015-07-28,0,0.000,0.000,0.000,4,-0.512,0.000,0.000,0,0.000,0.000,0.000,0,0.000,0.000,0.000
2015-07-29,0,0.000,0.000,0.000,2,-0.558,0.000,0.000,0,0.000,0.000,0.000,0,0.000,0.000,0.000
2015-07-30,0,0.000,0.000,0.000,7,-1.266,0.000,0.000,1,-0.142,0.000,0.000,0,0.000,0.000,0.000
2015-07-31,0,0.000,0.000,0.000,0,0.000,0.000,0.000,0,0.000,0.000,0.000,0,0.000,0.000,0.000
2015-08-01,0,0.000,0.000,0.000,0,0.000,0.000,0.000,0,0.000,0.000,0.000,0,0.000,0.000,0.000
2015-08-02,0,0.000,0.000,0.000,0,0.000,0.000,0.000,0,0.000,0.000,0.000,0,0.000,0.000,0.000
2015-08-03,0,0.000,0.000,0.000,0,0.000,0.000,0.000,0,0.000,0.000,0.000,0,0.000,0.000,0.000
2015-08-04,0,0.000,0.000,0.000,3,-0.231,0.000,0.000,0,0.000,0.000,0.000,0,0.000,0.000,0.000
2015-08-05,2,-0.044,0.000,0.000,6,-1.422,0.000,0.000,1,0.000,0.000,0.000,0,0.000,0.000,0.000
2015-08-06,0,0.000,0.000,0.000,1,-0.128,0.000,0.000,0,0.000,0.000,0.000,0,0.000,0.000,0.000
2015-08-07,1,1.617,1.221,0.000,2,-0.256,0.000,0.000,0,0.000,0.000,0.000,0,0.000,0.000,0.000
2015-08-08,0,0.000,0.000,0.000,2,-0.636,0.000,0.000,0,0.000,0.000,0.000,0,0.000,0.000,0.000
2015-08-09,0,0.000,0.000,0.000,1,-0.430,0.000,0.000,0,0.000,0.000,0.000,0,0.000,0.000,0.000
2015-08-10,0,0.000,0.000,0.000,1,-0.128,0.000,0.000,0,0.000,0.000,0.000,0,0.000,0.000,0.000
2015-08-11,0,0.000,0.000,0.000,0,0.000,0.000,0.000,0,0.000,0.000,0.000,0,0.000,0.000,0.000
2015-08-12,0,0.000,0.000,0.000,4,-0.164,0.000,0.000,3,1.905,1.221,0.000,0,0.000,0.000,0.000
2015-08-13,1,-0.487,0.000,0.000,3,1.041,1.221,0.000,1,0.000,0.000,0.000,0,0.000,0.000,0.000
2015-08-14,1,-0.142,0.000,0.000,13,-2.034,0.000,0.000,2,0.387,0.000,0.000,0,0.000,0.000,0.000
2015-08-15,5,2.744,1.221,0.000,4,-0.512,0.000,0.000,3,1.286,1.221,0.000,0,0.000,0.000,0.000
2015-08-16,0,0.000,0.000,0.000,0,0.000,0.000,0.000,0,0.000,0.000,0.000,0,0.000,0.000,0.000
2015-08-17,0,0.000,0.000,0.000,0,0.000,0.000,0.000,0,0.000,0.000,0.000,0,0.000,0.000,0.000
2015-08-18,0,0.000,0.000,0.000,0,0.000,0.000,0.000,0,0.000,0.000,0.000,0,0.000,0.000,0.000
2015-08-19,0,0.000,0.000,0.000,0,0.000,0.000,0.000,0,0.000,0.000,0.000,0,0.000,0.000,0.000
2015-08-20,0,0.000,0.000,0.000,0,0.000,0.000,0.000,0,0.000,0.000,0.000,0,0.000,0.000,0.000
2015-08-21,2,1.128,1.221,0.000,10,1.946,1.221,0.000,7,0.499,1.221,0.000,0,0.000,0.000,0.000
2015-08-22,4,-1.919,0.000,1.221,12,0.455,0.000,0.000,6,-0.480,0.000,0.000,0,0.000,0.000,0.000
2015-08-23,5,2.619,2.443,0.000,18,0.147,1.221,0.000,5,1.403,1.221,0.000,1,-0.142,0.000,0.000
2015-08-24,7,7.395,4.886,0.000,11,-0.109,1.221,0.000,6,0.776,1.770,1.221,0,0.000,0.000,0.000
2015-08-25,2,1.787,1.221,0.000,9,-2.479,0.000,0.000,8,1.720,1.221,0.000,0,0.000,0.000,0.000
2015-08-26,3,0.422,1.221,0.000,7,-0.849,0.000,0.000,9,4.833,2.443,1.221,0,0.000,0.000,0.000
2015-08-27,1,-0.142,0.000,0.000,5,-2.122,0.000,0.000,8,1.067,1.221,0.000,0,0.000,0.000,0.000
2015-08-28,1,0.724,0.000,0.000,11,-0.951,0.000,0.000,4,-0.562,0.000,1.221,0,0.000,0.000,0.000
2015-08-29,4,1.216,1.221,0.000,12,-2.144,0.000,0.000,13,-2.768,1.221,3.664,0,0.000,0.000,0.000
2015-08-30,4,2.512,1.221,0.000,9,-1.457,0.000,0.000,8,10.402,5.983,0.000,0,0.000,0.000,0.000
2015-08-31,0,0.000,0.000,0.000,0,0.000,0.000,0.000,0,0.000,0.000,0.000,0,0.000,0.000,0.000
2015-09-01,4,2.942,1.221,0.000,10,0.561,1.221,0.000,8,1.275,0.000,0.000,0,0.000,0.000,0.000
2015-09-02,8,2.839,1.221,0.000,15,-3.457,0.000,0.000,3,2.870,1.221,0.000,0,0.000,0.000,0.000
2015-09-03,40,7.046,2.992,1.221,19,-5.762,0.000,0.000,14,3.539,4.213,2.443,0,0.000,0.000,0.000
2015-09-04,34,9.361,8.426,2.992,16,-3.190,0.000,0.000,11,3.933,2.992,0.000,0,0.000,0.000,0.000
2015-09-05,60,7.935,7.630,2.319,20,-3.593,0.000,0.000,9,5.117,2.992,0.000,0,0.000,0.000,0.000
2015-09-06,24,4.517,2.443,0.000,17,-0.413,1.221,0.000,16,2.942,3.664,1.221,0,0.000,0.000,0.000
2015-09-07,7,0.803,1.221,1.221,13,0.200,1.221,0.000,13,7.506,4.886,1.221,0,0.000,0.000,0.000
2015-09-08,6,4.976,2.992,0.000,8,-1.606,0.000,0.000,5,3.425,2.992,0.000,0,0.000,0.000,0.000
2015-09-09,1,0.678,0.000,0.000,3,-0.579,0.000,0.000,1,-0.707,0.000,0.000,0,0.000,0.000,0.000
2015-09-10,2,-2.360,0.000,1.770,10,-4.489,0.000,0.000,8,0.965,2.443,1.221,0,0.000,0.000,0.000
2015-09-11,1,0.976,0.000,0.000,2,-0.256,0.000,0.000,1,1.552,1.221,0.000,0,0.000,0.000,0.000
2015-09-12,2,1.965,1.221,0.000,1,-0.128,0.000,0.000,3,0.205,0.000,0.000,0,0.000,0.000,0.000
2015-09-13,2,-0.284,0.000,0.000,7,-3.158,0.000,0.000,2,1.677,0.549,0.000,0,0.000,0.000,0.000
2015-09-14,1,-0.142,0.000,0.000,3,0.596,0.000,0.000,6,-0.076,0.000,0.000,0,0.000,0.000,0.000
2015-09-15,0,0.000,0.000,0.000,8,-1.127,0.000,0.000,3,-0.457,0.000,0.000,0,0.000,0.000,0.000
2015-09-16,0,0.000,0.000,0.000,4,-0.185,0.000,0.000,0,0.000,0.000,0.000,0,0.000,0.000,0.000
2015-09-17,0,0.000,0.000,0.000,6,0.009,0.000,0.000,3,-0.315,0.000,0.000,0,0.000,0.000,0.000
2015-09-18,0,0.000,0.000,0.000,2,-0.256,0.000,0.000,0,0.000,0.000,0.000,0,0.000,0.000,0.000
2015-09-19,2,3.196,2.443,0.000,5,-1.394,0.000,0.000,10,1.070,2.443,1.221,0,0.000,0.000,0.000
2015-09-20,2,1.667,1.221,0.000,4,1.806,1.221,0.000,5,0.848,0.000,0.000,0,0.000,0.000,0.000
2015-09-21,3,0.956,1.221,0.000,20,-4.235,0.000,0.000,13,2.426,1.332,0.000,0,0.000,0.000,0.000
2015-09-22,3,0.109,1.770,1.221,12,-2.939,0.000,0.000,18,3.930,4.213,1.221,0,0.000,0.000,0.000
2015-09-23,3,0.028,0.000,0.000,13,-1.570,0.000,0.000,12,5.400,3.664,0.000,0,0.000,0.000,0.000
2015-09-24,3,1.226,1.221,0.000,10,2.346,2.443,0.000,23,-2.145,1.221,0.000,0,0.000,0.000,0.000
2015-09-25,3,1.941,1.221,0.000,15,0.314,0.000,0.000,23,-0.855,1.098,1.221,0,0.000,0.000,0.000
2015-09-26,3,-2.271,0.549,1.221,9,-0.652,0.000,0.000,29,10.042,7.205,0.000,0,0.000,0.000,0.000
2015-09-27,8,7.247,3.664,0.000,12,-4.440,0.000,0.000,28,15.114,11.541,1.221,0,0.000,0.000,0.000
2015-09-28,5,1.782,1.221,1.221,10,-4.745,0.000,0.000,24,6.569,4.886,1.221,0,0.000,0.000,0.000
2015-09-29,1,-0.142,0.000,0.000,16,-7.169,0.000,0.000,16,0.133,1.221,0.000,0,0.000,0.000,0.000
2015-09-30,4,-2.132,0.000,0.000,10,-2.524,0.000,0.000,26,-0.170,1.881,2.319,0,0.000,0.000,0.000
2015-10-01,6,0.181,1.221,1.221,9,-4.192,0.000,0.000,21,4.780,4.213,0.000,0,0.000,0.000,0.000
2015-10-02,3,-0.678,0.000,0.000,18,-4.895,0.000,0.000,22,4.070,3.911,1.221,0,0.000,0.000,0.000
2015-10-03,8,2.617,1.221,0.000,10,-2.544,0.000,0.000,33,7.564,5.434,1.221,0,0.000,0.000,0.000
2015-10-04,2,1.393,1.221,0.000,19,-8.485,0.000,0.000,22,-0.888,1.332,1.221,0,0.000,0.000,0.000
2015-10-05,4,1.101,1.221,0.000,18,-2.059,0.000,0.000,31,4.402,5.681,2.443,0,0.000,0.000,0.000
2015-10-06,3,-0.426,0.000,0.000,9,1.886,0.000,0.000,12,9.026,4.324,0.000,0,0.000,0.000,0.000
2015-10-07,3,2.301,1.770,0.000,11,-2.843,0.000,0.000,16,-0.574,2.443,3.664,0,0.000,0.000,0.000
2015-10-08,1,-0.142,0.000,0.000,11,-3.257,0.000,0.000,29,3.709,2.824,1.221,0,0.000,0.000,0.000
2015-10-09,1,0.760,0.000,0.000,14,-3.653,0.000,0.000,15,-2.325,0.000,1.221,0,0.000,0.000,0.000
2015-10-10,2,-1.105,0.000,0.000,13,-1.786,1.221,0.000,24,13.237,6.107,0.000,0,0.000,0.000,0.000
2015-10-11,10,0.519,0.549,0.000,16,-2.689,0.000,0.000,31,2.501,6.107,3.664,0,0.000,0.000,0.000
2015-10-12,4,1.727,1.770,1.221,15,1.470,0.000,0.000,23,2.029,2.992,1.221,0,0.000,0.000,0.000
2015-10-13,0,0.000,0.000,0.000,4,-1.847,0.000,0.000,4,0.559,0.000,0.000,0,0.000,0.000,0.000
2015-10-14,0,0.000,0.000,0.000,10,-2.629,0.000,0.000,4,2.864,1.770,0.000,0,0.000,0.000,0.000
2015-10-15,1,-0.142,0.000,0.000,2,-0.916,0.000,0.000,0,0.000,0.000,0.000,0,0.000,0.000,0.000
2015-10-16,0,0.000,0.000,0.000,5,-1.467,0.000,0.000,6,-0.940,0.000,1.221,0,0.000,0.000,0.000
2015-10-17,2,-0.799,0.000,1.221,11,-2.384,1.221,0.000,11,8.165,2.443,0.000,0,0.000,0.000,0.000
2015-10-18,1,-0.533,0.000,0.000,11,-3.119,1.221,1.221,11,-2.114,0.000,1.221,0,0.000,0.000,0.000
2015-10-19,1,-0.142,0.000,0.000,7,-0.896,0.000,0.000,5,3.243,2.443,0.000,0,0.000,0.000,0.000
2015-10-20,1,-0.142,0.000,0.000,3,0.258,0.000,0.000,4,1.152,0.000,0.000,0,0.000,0.000,0.000
2015-10-21,0,0.000,0.000,0.000,5,-0.871,0.000,0.000,5,-0.568,0.000,0.000,0,0.000,0.000,0.000
2015-10-22,0,0.000,0.000,0.000,8,-2.308,0.000,0.000,7,3.009,1.221,0.000,0,0.000,0.000,0.000
2015-10-23,3,0.941,0.000,0.000,7,-0.896,0.000,0.000,11,1.388,3.664,2.443,0,0.000,0.000,0.000
2015-10-24,1,-0.142,0.000,0.000,3,-0.555,0.000,0.000,8,-3.698,0.000,2.443,0,0.000,0.000,0.000
2015-10-25,7,0.970,0.000,0.000,17,-4.331,0.000,0.000,31,8.885,8.661,2.443,0,0.000,0.000,0.000
2015-10-26,7,7.984,3.664,1.221,16,-0.831,0.000,0.000,16,-0.545,2.443,3.664,0,0.000,0.000,0.000
2015-10-27,1,-0.142,0.000,0.000,15,-2.438,0.000,0.000,16,-1.936,0.000,1.221,0,0.000,0.000,0.000
2015-10-28,0,0.000,0.000,0.000,17,-5.364,1.221,0.000,14,-5.192,0.000,2.443,0,0.000,0.000,0.000
2015-10-29,2,-0.114,0.000,0.000,16,-5.791,0.000,0.000,20,8.308,6.107,0.000,1,-0.501,0.000,0.000
2015-10-30,3,-0.320,0.000,0.000,13,-3.024,0.000,0.000,26,6.587,4.886,1.221,0,0.000,0.000,0.000
2015-10-31,2,-0.877,0.000,0.000,10,-2.105,0.000,0.000,30,-0.147,3.664,2.443,0,0.000,0.000,0.000
2015-11-01,2,-0.284,0.000,0.000,9,-2.840,0.000,0.000,47,23.486,18.678,1.221,0,0.000,0.000,0.000
2015-11-02,0,0.000,0.000,0.000,16,-1.083,0.000,0.000,28,11.477,6.354,0.000,0,0.000,0.000,0.000
2015-11-03,5,3.275,1.221,0.000,13,-0.004,0.000,0.000,17,0.497,0.111,0.000,0,0.000,0.000,0.000
2015-11-04,2,-0.284,0.000,0.000,10,-0.816,0.000,0.000,30,3.487,2.992,0.000,0,0.000,0.000,0.000
2015-11-05,3,3.228,2.443,0.000,11,-3.953,0.000,0.000,11,2.106,2.443,1.221,0,0.000,0.000,0.000
2015-11-06,4,1.505,1.098,0.000,11,-1.573,1.221,0.000,23,12.615,7.686,1.221,0,0.000,0.000,0.000
2015-11-07,0,0.000,0.000,0.000,2,-0.068,0.000,0.000,5,-0.710,0.000,0.000,0,0.000,0.000,0.000
