,cluster14,,,,cluster15,,,,cluster18,,,,cluster27,,,
how,n,senti,pos_n,neg_n,n,senti,pos_n,neg_n,n,senti,pos_n,neg_n,n,senti,pos_n,neg_n
0,31,12.515,9.821,1.221,23,-3.259,1.221,0.000,13,6.443,6.107,0.000,13,-0.002,0.000,0.002
1,23,3.233,4.886,3.664,18,-3.185,1.221,0.000,16,-2.239,2.443,2.443,10,-0.000,0.000,0.000
2,27,2.921,11.115,6.218,8,-2.804,0.000,0.000,20,11.765,9.771,2.443,14,-0.522,0.000,0.000
3,21,-0.675,1.221,0.000,15,2.105,2.443,0.000,16,7.315,4.886,0.000,7,-0.000,0.000,0.000
4,24,-1.435,6.354,3.664,15,-2.361,0.000,0.000,16,4.937,2.443,0.000,8,-2.229,0.000,1.221
5,16,-6.949,0.247,3.664,12,-3.799,0.000,0.000,19,3.225,3.664,0.000,12,-0.434,0.000,0.000
6,4,-2.649,0.000,1.221,10,-2.193,0.000,0.000,5,-1.325,0.000,0.000,10,-2.446,0.000,1.221
7,3,0.451,0.000,0.000,12,-2.732,0.000,0.000,4,-1.082,0.111,1.221,11,0.000,0.000,0.000
8,1,-0.142,0.000,0.000,11,-2.144,0.000,0.000,3,-0.142,0.000,0.000,6,-0.000,0.000,0.000
9,0,0.000,0.000,0.000,8,-1.596,0.000,0.000,1,0.000,0.000,0.000,0,0.000,0.000,0.000
10,1,-0.142,0.000,0.000,14,-3.498,0.000,0.000,0,0.000,0.000,0.000,0,0.000,0.000,0.000
11,5,-1.268,1.271,1.221,15,-3.931,0.000,1.221,3,-0.426,0.000,0.000,0,0.000,0.000,0.000
12,7,2.140,1.271,0.000,10,-2.879,0.000,0.000,5,1.213,1.221,0.000,0,0.000,0.000,0.000
13,10,9.400,5.434,0.000,15,-2.909,0.000,0.000,7,1.993,0.549,0.000,1,-1.709,0.000,1.221
14,9,3.210,1.221,0.000,15,-3.690,0.000,0.000,15,-1.096,1.332,1.221,5,0.000,0.000,0.000
15,18,10.539,6.656,0.000,13,-0.165,0.000,0.000,14,1.135,2.443,1.221,6,-0.142,0.000,0.000
16,16,1.511,4.213,1.221,13,-2.009,1.221,0.000,24,12.038,7.328,0.000,3,-0.000,0.000,0.000
17,15,9.691,4.886,0.000,16,-2.581,1.221,0.000,17,0.159,1.881,1.222,11,0.000,0.000,0.000
18,26,7.175,4.213,0.005,11,-1.775,0.000,0.000,26,6.626,4.886,0.000,4,-0.000,0.000,0.000
19,23,-1.502,2.992,1.221,13,-1.973,1.221,0.000,20,2.154,2.689,1.221,14,-2.004,0.000,1.221
20,20,3.746,5.410,1.770,17,-3.236,0.000,0.000,22,1.153,2.443,1.221,4,-0.142,0.000,0.000
21,16,4.549,2.992,1.226,13,-2.552,0.000,0.000,19,5.385,4.762,1.221,17,0.000,0.000,0.000
22,13,1.379,2.443,1.468,14,-0.270,1.221,0.000,24,5.687,4.213,0.000,7,0.000,0.000,0.000
23,14,4.988,4.886,1.221,12,-2.286,0.000,0.000,23,9.786,6.107,1.221,5,0.000,0.000,0.000
24,21,-7.450,3.664,6.218,7,-1.842,0.000,0.000,19,2.019,4.460,2.443,11,-0.135,0.005,0.000
25,14,5.426,2.992,1.221,12,-0.336,1.221,0.000,24,5.924,2.443,1.221,18,-1.097,0.000,0.549
26,17,3.913,4.886,1.221,20,-2.129,1.221,0.000,18,-3.728,0.000,2.443,20,0.000,0.000,0.000
27,10,0.392,1.221,0.000,16,-3.387,0.000,0.000,15,3.601,2.443,0.000,25,0.000,0.000,0.000
28,4,-2.090,0.000,1.221,9,-1.400,0.000,0.000,8,-3.210,0.000,1.221,18,0.011,0.005,0.000
29,1,0.376,0.000,0.000,16,-2.913,0.000,0.000,7,0.941,0.000,0.000,9,0.000,0.000,0.000
30,1,-0.142,0.000,0.000,12,-3.315,0.000,0.000,3,0.330,0.000,0.000,14,-0.238,0.000,0.000
31,1,1.340,1.221,0.000,8,-0.538,0.000,0.000,3,0.678,0.000,0.000,4,-0.000,0.000,0.000
32,1,-0.142,0.000,0.000,10,-1.317,0.000,0.000,3,0.185,0.000,0.000,0,0.000,0.000,0.000
33,1,-0.972,0.000,0.549,11,-1.924,0.000,0.000,2,-0.284,0.000,0.000,1,-0.000,0.000,0.000
34,4,2.803,2.443,0.247,10,-2.592,0.000,0.000,2,-0.284,0.000,0.000,0,0.000,0.000,0.000
35,6,3.096,2.443,0.000,11,-2.271,0.000,0.000,4,-1.083,0.000,0.000,1,-0.000,0.000,0.000
36,5,0.782,0.000,0.000,10,-0.341,0.000,0.000,6,4.485,2.992,1.221,2,0.000,0.000,0.000
37,10,3.223,1.221,0.000,8,-2.196,0.000,0.000,12,6.751,4.996,0.000,3,-1.544,0.000,1.221
38,10,2.606,1.221,0.000,13,-2.749,0.000,0.000,6,2.136,1.221,0.000,4,0.638,1.221,1.221
39,10,5.260,1.770,0.000,11,0.010,1.221,0.000,8,0.975,1.221,0.000,11,-1.008,1.221,1.221
40,20,-5.647,1.221,1.772,15,-1.157,0.000,0.000,12,-0.321,1.221,1.221,3,-0.603,0.000,0.000
41,7,-0.421,0.660,1.221,13,-0.362,1.221,0.000,10,0.797,0.111,0.000,1,-0.173,0.000,0.000
42,9,3.549,2.443,0.000,8,-2.062,0.000,0.000,13,-2.048,0.000,1.221,1,-0.000,0.000,0.000
43,8,-0.105,1.221,1.221,12,0.434,1.221,0.000,19,7.235,5.434,0.000,0,0.000,0.000,0.000
44,6,4.487,2.443,0.000,19,-4.596,0.000,0.000,10,1.619,1.221,1.221,0,0.000,0.000,0.000
45,17,7.829,4.886,1.221,18,-3.617,0.000,0.000,15,10.445,4.886,0.000,1,-0.000,0.000,0.000
46,5,1.530,1.221,0.000,15,-2.800,0.000,0.000,10,2.246,1.468,0.000,4,-2.100,0.000,1.221
47,17,3.503,3.961,1.221,13,-1.172,0.000,0.000,17,3.030,2.443,1.221,2,0.000,0.000,0.000
48,7,4.631,2.443,0.000,10,-2.631,0.000,0.000,18,3.943,3.103,0.000,10,0.913,0.000,0.000
49,20,1.957,2.443,0.000,13,-5.162,1.221,2.443,15,3.497,2.992,1.221,15,-0.175,0.000,0.001
50,12,0.412,2.992,2.443,9,-3.548,0.000,0.000,20,-1.242,0.000,0.000,21,0.008,0.005,0.000
51,16,-0.346,2.319,2.992,12,-0.873,2.443,0.000,7,1.018,0.549,0.000,27,0.000,0.000,0.000
52,15,0.079,1.221,0.000,10,-1.401,0.000,0.000,5,2.643,1.221,0.000,18,0.000,0.000,0.000
53,0,0.000,0.000,0.000,6,-1.046,0.000,0.000,4,1.240,1.221,0.000,10,0.003,0.000,0.000
54,3,-0.284,0.000,0.000,13,-2.347,0.000,0.000,1,-0.142,0.000,0.000,0,0.000,0.000,0.000
55,1,-0.142,0.000,0.000,8,-2.431,0.000,0.000,1,-0.142,0.000,0.000,1,0.355,0.000,0.000
56,0,0.000,0.000,0.000,8,-0.879,0.000,0.000,0,0.000,0.000,0.000,0,0.000,0.000,0.000
57,0,0.000,0.000,0.000,12,-1.510,0.000,0.000,1,-0.142,0.000,0.000,0,0.000,0.000,0.000
58,2,-0.284,0.000,0.000,11,-1.679,0.000,0.000,2,1.194,1.221,0.000,0,0.000,0.000,0.000
59,3,-3.435,0.000,2.443,12,-3.814,0.000,0.000,5,-1.488,0.000,0.000,2,0.000,0.000,0.000
60,13,-1.423,1.098,2.443,11,-1.863,0.000,0.000,7,0.378,0.660,0.000,2,0.000,0.000,0.000
61,28,-0.359,1.715,2.319,10,-1.392,0.000,0.000,6,-1.346,0.000,0.000,1,-0.000,0.000,0.000
62,15,2.501,2.443,0.549,8,-2.418,0.000,0.000,10,4.158,2.443,0.000,4,-0.142,0.000,0.000
63,32,6.525,7.302,2.321,19,-3.385,0.000,0.000,9,3.085,1.468,0.000,0,0.000,0.000,0.000
64,31,1.834,1.770,1.774,18,-2.882,1.221,0.000,15,1.627,1.221,0.000,3,-0.000,0.000,0.000
65,18,4.554,4.313,0.111,10,-3.742,0.000,0.000,13,3.483,0.247,0.000,2,-0.142,0.000,0.000
66,9,0.347,1.221,0.005,15,-2.968,1.221,0.000,6,1.041,0.000,0.000,2,-0.000,0.000,0.000
67,14,8.042,3.664,2.443,8,-2.899,0.000,0.000,8,-1.076,0.000,0.000,3,-0.512,0.000,0.000
68,14,-1.590,2.443,3.664,11,-4.365,0.000,1.221,9,1.524,1.221,0.000,1,-0.173,0.000,0.000
69,10,3.944,3.664,1.226,6,-1.391,0.000,0.000,5,0.952,0.000,0.000,1,-0.000,0.000,0.000
70,9,3.710,3.664,1.221,12,-4.153,0.000,0.000,9,-1.219,0.000,0.000,3,-0.001,0.000,0.001
71,13,1.547,3.664,1.221,14,-5.595,0.000,0.000,13,-3.097,0.000,1.221,2,-0.000,0.000,0.000
72,15,-3.309,0.000,1.468,15,-1.183,1.221,0.000,16,-0.592,0.000,1.221,20,0.000,0.000,0.000
73,16,3.195,2.443,2.554,15,-4.474,0.000,0.000,15,1.118,1.221,0.000,12,0.000,0.000,0.000
74,16,-2.505,1.098,3.238,11,-2.002,1.221,0.000,14,1.053,2.443,0.000,12,0.007,0.005,0.000
75,14,-0.300,2.443,2.017,11,-2.187,0.000,0.000,13,-4.685,1.221,3.664,16,-0.001,0.000,0.001
76,9,-3.849,1.221,1.221,9,-2.910,0.000,0.000,7,1.025,0.000,0.000,15,0.000,0.000,0.000
77,3,-0.439,0.000,0.000,11,-1.007,0.000,0.000,6,0.188,0.000,0.000,11,0.000,0.000,0.000
78,2,-2.723,0.000,1.221,14,-3.145,0.000,0.000,3,-0.010,0.111,0.000,7,0.000,0.000,0.000
79,2,-0.347,0.000,0.000,14,-2.027,0.000,0.000,2,-0.284,0.000,0.000,1,-0.000,0.000,0.000
80,1,-2.508,0.000,1.221,18,-6.700,0.000,1.221,3,1.862,1.221,0.000,3,-0.000,0.000,0.000
81,2,-0.347,0.000,0.000,17,-5.800,0.000,0.000,0,0.000,0.000,0.000,4,-1.328,0.000,1.221
82,3,0.035,0.000,0.000,15,-5.336,0.000,0.000,4,2.062,0.549,0.000,1,-0.000,0.000,0.000
83,9,0.641,0.000,0.005,11,-2.031,0.000,0.000,5,4.830,2.443,0.000,4,0.000,0.000,0.000
84,10,2.645,1.221,0.000,11,-2.325,0.000,0.000,5,3.702,1.770,0.000,2,-0.000,0.000,0.000
85,24,-3.596,0.000,1.770,10,-3.318,0.000,0.000,5,-0.278,1.221,1.221,3,-3.999,0.000,1.221
86,24,4.047,3.590,0.549,13,-3.942,0.000,0.000,8,1.824,0.000,0.000,7,0.000,0.000,0.000
87,26,2.941,1.221,0.004,10,-1.968,0.000,0.000,10,-0.608,0.000,0.000,6,-0.000,0.000,0.000
88,32,2.850,1.332,1.098,14,-5.985,0.000,1.221,8,-0.817,0.000,0.000,8,0.000,0.000,0.000
89,20,3.511,1.221,0.000,16,-2.316,0.000,0.000,10,2.036,1.221,0.000,2,-0.000,0.000,0.000
90,9,6.860,4.886,0.000,13,-2.133,1.221,0.000,8,-2.484,0.000,1.222,3,0.000,0.000,0.000
91,5,-0.225,1.221,1.221,10,-3.916,0.000,0.000,11,0.949,1.221,1.221,2,0.000,0.000,0.000
92,9,0.820,2.992,2.443,15,-4.824,0.000,0.000,6,-1.303,0.000,0.000,2,-0.000,0.000,0.000
93,11,-0.202,1.221,0.000,17,-4.586,1.221,0.000,11,-1.181,1.221,2.319,7,0.008,0.005,0.000
94,14,1.730,2.443,1.221,14,-1.380,1.221,0.000,14,3.636,2.992,1.221,3,0.000,0.000,0.000
95,13,7.647,4.886,0.247,10,-3.956,0.000,0.000,11,6.596,3.664,0.000,5,-0.002,0.000,0.001
96,12,5.816,3.664,0.000,14,2.980,2.443,0.000,12,2.409,1.221,0.000,12,-0.643,0.000,0.000
97,12,3.430,1.221,0.000,16,-3.749,0.000,0.000,23,0.910,2.577,1.222,11,-0.142,0.000,0.000
98,14,5.344,3.664,0.000,13,-3.284,0.000,0.000,11,0.787,1.221,0.000,11,0.000,0.000,0.000
99,13,-1.240,2.443,2.554,12,-2.623,0.000,0.000,8,4.828,2.443,0.000,14,-0.000,0.000,0.000
100,4,2.017,1.221,0.000,12,-2.562,0.000,0.000,8,-1.514,0.000,1.221,17,-0.142,0.000,0.000
101,5,5.115,3.664,0.000,12,-1.773,0.000,0.000,9,-3.684,0.000,1.221,17,0.607,0.000,0.000
102,2,1.487,1.221,0.000,15,-3.242,0.000,0.000,5,-0.426,0.000,0.000,7,-0.000,0.000,0.000
103,1,-1.532,0.000,1.221,16,-3.430,0.000,0.000,3,1.937,1.221,0.000,1,-0.000,0.000,0.000
104,1,-1.731,0.000,1.221,5,-1.339,0.000,0.000,2,-0.284,0.000,0.000,0,0.000,0.000,0.000
105,4,2.940,1.221,0.000,13,-3.571,0.000,0.000,0,0.000,0.000,0.000,0,0.000,0.000,0.000
106,3,0.605,0.000,0.000,12,-3.969,0.000,0.000,2,0.419,0.000,0.000,0,0.000,0.000,0.000
107,12,-0.588,0.000,0.002,12,-3.355,0.000,0.000,3,-0.206,0.000,0.000,2,0.000,0.000,0.000
108,24,9.481,5.132,1.223,12,-2.027,0.000,0.000,7,1.250,1.221,1.221,3,-3.138,0.000,1.770
109,25,-1.888,3.664,4.213,8,-1.626,0.000,0.000,14,8.047,3.911,0.000,4,-0.142,0.000,0.000
110,29,0.975,1.770,0.111,12,-2.923,0.000,0.000,4,-0.367,0.000,0.000,8,0.000,0.000,0.000
111,28,2.590,3.664,1.334,12,-3.540,0.000,0.000,13,-0.275,2.443,1.222,8,0.008,0.005,0.000
112,33,2.800,2.992,0.551,19,-4.633,1.221,0.000,18,0.105,2.443,1.221,7,0.000,0.000,0.000
113,26,2.546,2.992,0.002,16,-5.860,0.000,0.000,8,1.269,0.549,0.000,10,-0.174,0.000,0.000
114,19,4.403,3.664,1.221,17,-5.972,0.000,0.000,6,2.760,2.992,0.000,12,0.000,0.000,0.000
115,23,-3.179,2.443,2.689,12,-3.069,1.221,0.000,21,1.073,2.443,1.221,2,0.000,0.000,0.000
116,15,1.737,2.689,2.443,12,-4.230,0.000,0.000,15,7.344,6.107,0.000,0,0.000,0.000,0.000
117,16,-4.880,1.221,3.664,10,-1.856,0.000,0.000,10,2.551,2.443,0.000,2,-0.000,0.000,0.000
118,14,-3.726,0.549,1.221,14,-5.220,0.000,0.000,19,2.762,1.770,0.000,9,0.983,0.000,0.000
119,18,8.168,4.886,1.221,13,-0.667,0.000,0.000,24,6.091,6.107,1.221,3,0.000,0.000,0.000
120,16,9.058,3.664,0.000,13,-1.981,0.000,0.000,18,-1.357,1.881,2.443,14,0.004,0.000,0.000
121,32,5.321,4.213,1.221,16,-3.723,0.000,0.000,16,5.012,2.443,0.000,12,-0.000,0.000,0.000
122,18,-0.744,2.992,2.443,15,-3.821,0.000,0.000,20,5.720,3.664,0.000,16,-3.279,0.000,1.221
123,12,-0.546,0.000,0.000,11,-1.908,0.000,0.000,18,0.385,0.247,0.000,14,-0.707,0.000,0.000
124,7,0.721,1.468,1.221,8,-1.692,0.000,0.000,11,1.583,2.690,1.221,7,-0.025,0.000,0.000
125,12,-7.870,1.221,4.886,15,-3.018,0.000,0.000,6,4.355,1.221,0.000,4,0.000,0.000,0.000
126,4,5.433,2.443,0.000,10,-1.391,0.000,0.000,10,1.427,1.221,1.221,4,-0.000,0.000,0.000
127,0,0.000,0.000,0.000,7,-0.822,0.000,0.000,3,0.000,0.000,0.000,0,0.000,0.000,0.000
128,1,-0.447,0.000,0.000,12,-0.597,0.000,0.000,2,-0.284,0.000,0.000,2,0.000,0.000,0.000
129,2,1.648,1.221,1.221,9,-1.130,0.000,0.000,0,0.000,0.000,0.000,2,0.000,0.000,0.000
130,4,-0.388,0.000,0.247,9,-2.179,0.000,0.000,1,0.066,0.000,0.000,1,-0.000,0.000,0.000
131,12,1.929,3.664,1.221,10,-1.132,0.000,0.000,6,7.585,4.213,0.000,6,0.000,0.000,0.000
132,25,3.236,3.664,0.666,14,-2.921,0.000,0.000,9,4.834,3.664,1.221,2,0.000,0.000,0.000
133,19,-0.243,0.000,1.225,11,-2.783,0.000,0.000,5,2.987,2.443,0.000,2,-0.000,0.000,0.000
134,31,5.965,5.132,0.002,9,-2.115,0.000,0.000,10,4.956,3.540,1.221,7,0.003,0.005,0.001
135,23,-1.367,1.468,1.772,12,-4.022,0.000,0.000,6,2.543,1.221,0.000,1,-0.000,0.000,0.000
136,15,4.729,3.664,0.549,14,-3.968,0.000,0.000,12,-2.268,2.443,2.443,3,0.000,0.000,0.000
137,14,4.414,3.664,1.221,16,-5.517,0.000,0.000,15,3.901,2.992,0.000,1,-0.000,0.000,0.000
138,16,-5.284,1.221,2.443,13,-2.694,1.221,0.000,18,2.906,2.443,1.222,0,0.000,0.000,0.000
139,14,3.278,2.992,0.000,15,-0.820,0.000,0.000,8,0.089,0.000,1.221,1,-0.142,0.000,0.000
140,13,4.427,5.434,1.221,12,-0.772,1.221,0.000,14,3.439,2.443,0.000,5,0.096,0.000,0.000
141,23,-4.550,2.443,3.911,13,-2.024,0.000,0.000,14,-1.799,0.549,1.221,3,0.000,0.000,0.000
142,23,1.558,2.868,1.226,12,-0.965,1.221,0.000,9,-4.520,1.221,3.664,13,0.003,0.000,0.000
143,30,15.596,5.983,0.000,16,-2.769,0.000,0.000,10,1.921,1.222,0.000,11,2.047,1.221,0.000
144,26,9.366,7.877,2.443,15,-2.829,0.000,0.000,17,1.188,2.443,1.221,10,-0.000,0.000,0.000
145,27,8.041,6.354,2.443,11,-0.347,0.000,0.000,14,1.848,2.443,2.443,3,0.000,0.000,0.000
146,36,5.127,7.822,2.443,13,-1.854,0.000,0.000,14,-0.160,2.443,2.443,20,-0.945,0.000,0.000
147,31,1.039,5.132,6.107,9,-1.110,0.000,0.000,7,5.536,3.664,0.000,9,0.415,0.000,0.000
148,27,-1.420,3.540,3.540,15,-5.331,0.000,0.000,10,1.453,1.221,1.221,14,0.235,0.000,0.000
149,10,7.450,4.886,1.221,10,-1.582,0.000,0.000,7,4.129,2.443,0.000,9,-0.000,0.000,0.000
150,9,4.028,2.319,0.000,9,-2.868,0.000,0.000,9,3.082,1.770,0.000,5,0.000,0.000,0.000
151,0,0.000,0.000,0.000,7,-1.918,0.000,0.000,6,0.037,1.221,0.000,3,-0.000,0.000,0.000
152,1,1.427,1.221,0.000,13,-1.313,0.000,0.000,1,0.000,0.000,0.000,2,-0.000,0.000,0.000
153,1,0.645,0.549,0.000,11,-1.408,0.000,0.000,3,-0.142,0.000,0.000,0,0.000,0.000,0.000
154,1,1.483,1.221,0.000,13,-3.667,0.000,0.000,1,-0.142,0.000,0.000,0,0.000,0.000,0.000
155,3,-1.738,0.000,1.221,10,-1.675,0.000,0.000,0,0.000,0.000,0.000,2,-0.000,0.000,0.000
156,8,3.153,0.549,0.000,12,-3.447,0.000,0.000,3,1.928,1.221,0.000,1,0.000,0.000,0.000
157,16,6.087,3.911,0.000,9,-0.337,1.221,0.000,13,1.669,0.332,0.000,0,0.000,0.000,0.000
158,19,4.344,2.992,2.443,11,-2.260,0.000,0.000,11,1.994,1.098,0.000,9,-0.000,0.000,0.000
159,14,5.605,6.107,1.770,18,-3.097,1.221,0.000,19,9.184,5.434,0.000,7,0.310,1.221,0.001
160,30,13.564,12.090,0.000,16,-5.291,0.000,0.000,25,-1.797,1.770,2.443,5,0.000,0.000,0.000
161,29,2.959,3.540,1.226,17,-1.857,1.221,0.000,22,-1.549,1.221,1.770,10,1.852,1.221,0.000
162,16,2.331,1.468,0.000,8,-1.917,0.000,0.000,26,8.025,6.656,1.221,4,-0.143,0.000,0.001
163,26,12.535,7.501,0.000,12,-5.464,0.000,1.221,18,0.555,0.549,0.000,4,0.369,0.000,0.000
164,29,6.256,5.434,0.005,13,-0.113,1.221,0.000,20,7.223,4.213,0.000,12,-0.284,0.000,0.000
165,23,2.666,4.213,4.213,14,-0.124,0.000,0.000,22,2.585,3.664,1.221,17,-0.286,0.000,0.001
166,28,9.042,6.656,2.992,13,-4.925,0.000,0.000,24,4.957,3.664,1.221,14,-0.142,0.000,0.000
167,27,9.768,7.328,2.443,14,0.065,1.221,0.000,28,12.670,7.575,1.770,4,0.007,0.005,0.000
