,cluster18,,,,cluster14,,,,cluster7,,,,cluster23,,,,cluster30,,,,cluster31,,,
date,n,senti,pos_n,neg_n,n,senti,pos_n,neg_n,n,senti,pos_n,neg_n,n,senti,pos_n,neg_n,n,senti,pos_n,neg_n,n,senti,pos_n,neg_n
2014-01-22,1,0.000,0.000,0.000,0,0.000,0.000,0.000,0,0.000,0.000,0.000,0,0.000,0.000,0.000,0,0.000,0.000,0.000,0,0.000,0.000,0.000
2014-01-23,5,0.000,0.000,0.000,5,-3.448,0.000,1.000,1,-0.142,0.000,0.000,17,0.000,0.000,0.000,1,2.589,1.000,0.000,2,-0.005,0.001,0.000
2014-01-24,4,0.000,0.000,0.000,4,0.091,0.000,1.000,6,0.160,0.000,0.000,17,0.000,0.000,0.000,0,0.000,0.000,0.000,0,0.000,0.000,0.000
2014-01-25,10,0.000,0.000,0.000,10,-1.567,0.000,1.000,10,3.770,2.000,0.000,11,-0.654,0.000,0.000,0,0.000,0.000,0.000,0,0.000,0.000,0.000
2014-01-26,7,0.000,0.000,0.000,1,1.640,1.000,0.000,6,-0.053,0.000,0.000,15,0.000,0.000,0.000,3,-0.430,0.000,0.000,1,0.362,0.000,0.000
2014-01-27,1,0.000,0.000,0.000,1,1.118,1.000,0.000,3,-1.531,0.000,1.000,16,0.000,0.000,0.000,0,0.000,0.000,0.000,10,1.775,2.000,0.000
2014-01-28,10,0.000,0.000,0.000,4,-0.131,0.000,0.000,4,-1.619,0.000,1.000,27,0.000,0.000,0.000,1,-0.142,0.000,0.000,0,0.000,0.000,0.000
2014-01-29,2,0.000,0.000,0.000,5,-1.763,1.000,1.000,3,2.230,2.000,0.000,5,0.000,0.000,0.000,0,0.000,0.000,0.000,1,-1.467,0.000,1.000
2014-01-30,0,0.000,0.000,0.000,4,-2.849,0.000,1.000,7,-2.756,0.000,1.000,41,-0.653,0.000,0.000,0,0.000,0.000,0.000,2,-0.104,0.000,0.000
2014-01-31,0,0.000,0.000,0.000,5,2.950,3.000,1.000,23,4.927,4.050,2.000,32,-0.142,0.000,0.000,1,-0.142,0.000,0.000,3,-0.679,0.000,0.368
2014-02-01,7,0.000,0.000,0.000,5,2.727,2.000,0.000,20,1.990,1.368,1.000,14,0.000,0.000,0.000,0,0.000,0.000,0.000,0,0.000,0.000,0.000
2014-02-02,4,0.000,0.000,0.000,2,-0.284,0.000,0.000,10,4.952,4.000,0.368,10,-3.693,0.000,1.000,1,1.875,1.000,0.000,3,1.012,1.000,0.000
2014-02-03,4,0.000,0.000,0.000,2,0.256,0.000,0.000,2,0.309,0.000,0.000,22,-1.076,0.000,0.000,0,0.000,0.000,0.000,0,0.000,0.000,0.000
2014-02-04,4,0.000,0.000,0.000,3,-0.137,0.135,0.000,3,-1.078,0.000,0.000,2,-0.000,0.000,0.000,2,2.120,1.000,0.000,0,0.000,0.000,0.000
2014-02-05,1,-0.000,0.000,0.000,5,0.834,0.000,0.000,3,0.859,1.000,0.000,0,0.000,0.000,0.000,0,0.000,0.000,0.000,1,0.001,0.001,0.000
2014-02-06,8,-4.635,0.000,2.000,3,-0.426,0.000,0.000,6,-0.601,0.000,1.000,1,-0.142,0.000,0.000,0,0.000,0.000,0.000,1,0.895,0.000,0.000
2014-02-07,6,3.409,1.000,0.000,4,-0.568,0.000,0.000,6,1.406,1.000,0.000,22,0.000,0.000,0.000,1,-1.129,0.000,1.000,6,0.451,0.000,0.368
2014-02-08,6,0.000,0.000,0.000,7,-0.381,0.000,0.000,12,2.251,1.000,0.000,0,0.000,0.000,0.000,1,2.436,1.000,0.000,4,-3.971,0.000,3.000
2014-02-09,9,-0.000,0.000,0.000,8,-5.764,1.000,2.000,2,0.373,0.000,0.000,4,0.000,0.000,0.000,1,-1.350,0.000,1.000,10,-4.390,0.001,2.368
2014-02-10,6,-0.000,0.000,0.000,2,1.473,1.135,0.000,3,1.534,1.000,0.000,18,1.605,1.000,0.000,0,0.000,0.000,0.000,1,0.001,0.001,0.000
2014-02-11,0,0.000,0.000,0.000,3,0.845,1.000,0.000,3,0.841,1.000,0.000,16,0.000,0.000,0.000,0,0.000,0.000,0.000,1,-0.142,0.000,0.000
2014-02-12,1,0.678,0.000,0.000,4,0.895,1.000,0.000,4,-0.434,1.000,1.000,18,0.000,0.000,0.000,0,0.000,0.000,0.000,2,-0.194,0.000,0.000
2014-02-13,8,-0.284,0.000,0.000,8,-3.751,0.000,2.000,3,-0.426,0.000,0.000,9,0.000,0.000,0.000,2,-1.552,0.000,1.000,2,-1.605,0.000,1.000
2014-02-14,2,-0.781,0.000,0.000,1,-0.142,0.000,0.000,7,5.229,3.000,1.000,12,-0.000,0.000,0.000,1,-0.899,0.000,0.000,7,-1.457,0.000,1.050
2014-02-15,1,-0.000,0.000,0.000,6,0.201,1.000,0.000,11,-4.615,1.000,3.000,16,0.000,0.000,0.000,0,0.000,0.000,0.000,5,-1.183,1.000,2.000
2014-02-16,0,0.000,0.000,0.000,5,2.908,2.000,0.000,21,0.596,1.000,1.000,19,0.000,0.000,0.000,0,0.000,0.000,0.000,5,2.564,0.000,0.000
2014-02-17,0,0.000,0.000,0.000,2,-0.284,0.000,0.000,6,-2.212,0.000,1.000,9,-0.142,0.000,0.000,0,0.000,0.000,0.000,14,-4.779,0.000,3.418
2014-02-18,0,0.000,0.000,0.000,4,-0.289,0.135,0.000,12,-0.588,0.000,0.000,8,-0.142,0.000,0.000,1,-0.970,0.000,0.000,3,0.264,1.000,0.000
2014-02-19,1,0.504,0.000,0.000,4,-4.045,0.000,2.000,9,3.597,2.000,0.000,5,-2.213,0.000,1.000,0,0.000,0.000,0.000,2,-0.977,0.000,0.736
2014-02-20,0,0.000,0.000,0.000,5,0.300,0.000,0.135,6,1.999,1.000,0.000,2,-0.000,0.000,0.000,0,0.000,0.000,0.000,1,-1.953,0.000,1.000
2014-02-21,0,0.000,0.000,0.000,5,1.193,1.000,0.000,17,0.937,1.000,1.000,3,0.000,0.000,0.000,0,0.000,0.000,0.000,1,-0.142,0.000,0.000
2014-02-22,0,0.000,0.000,0.000,6,1.700,2.000,1.000,14,3.452,1.000,0.000,9,0.000,0.000,0.000,0,0.000,0.000,0.000,3,-3.587,0.000,2.000
2014-02-23,1,1.189,1.000,0.000,5,-1.708,0.000,1.000,11,1.279,2.000,1.000,9,3.082,1.000,0.000,0,0.000,0.000,0.000,2,-0.092,0.000,0.000
2014-02-24,0,0.000,0.000,0.000,4,-5.562,0.000,2.000,7,-0.050,1.000,0.000,13,-0.160,0.000,0.000,0,0.000,0.000,0.000,0,0.000,0.000,0.000
2014-02-25,0,0.000,0.000,0.000,8,0.329,0.000,0.000,11,-3.811,0.000,3.018,6,-0.142,0.000,0.000,0,0.000,0.000,0.000,3,-1.238,1.000,1.368
2014-02-26,0,0.000,0.000,0.000,4,2.784,2.135,0.000,7,1.114,1.000,1.000,11,-0.160,1.000,1.000,0,0.000,0.000,0.000,6,-1.488,0.000,1.000
2014-02-27,0,0.000,0.000,0.000,2,0.472,0.000,0.000,17,2.735,3.104,1.000,5,0.000,0.000,0.000,0,0.000,0.000,0.000,1,-0.164,0.000,0.000
2014-02-28,0,0.000,0.000,0.000,0,0.000,0.000,0.000,0,0.000,0.000,0.000,0,0.000,0.000,0.000,0,0.000,0.000,0.000,0,0.000,0.000,0.000
2014-03-01,0,0.000,0.000,0.000,3,3.267,1.000,0.000,10,-1.492,1.000,1.000,0,0.000,0.000,0.000,0,0.000,0.000,0.000,1,-0.142,0.000,0.000
2014-03-02,0,0.000,0.000,0.000,2,1.734,1.000,0.000,13,4.067,2.368,0.000,0,0.000,0.000,0.000,0,0.000,0.000,0.000,4,-0.087,0.000,0.000
2014-03-03,0,0.000,0.000,0.000,1,-0.142,0.000,0.000,5,-0.009,0.000,0.000,8,0.000,0.000,0.000,2,0.351,1.000,1.000,3,0.326,0.301,0.050
2014-03-04,0,0.000,0.000,0.000,5,2.287,1.000,0.000,2,-0.284,0.000,0.000,0,0.000,0.000,0.000,0,0.000,0.000,0.000,5,-0.383,0.000,0.000
2014-03-05,2,-0.284,0.000,0.000,5,2.003,1.000,0.000,4,0.617,0.000,0.000,2,1.189,1.000,0.000,0,0.000,0.000,0.000,7,-3.639,0.001,2.050
2014-03-06,0,0.000,0.000,0.000,3,1.396,1.000,0.000,8,2.500,1.000,0.000,6,-1.449,0.000,1.000,0,0.000,0.000,0.000,13,-1.642,1.000,2.207
2014-03-07,3,-1.524,0.000,1.000,0,0.000,0.000,0.000,8,2.264,3.000,2.000,0,0.000,0.000,0.000,0,0.000,0.000,0.000,11,-2.665,0.001,1.100
2014-03-08,0,0.000,0.000,0.000,2,1.594,1.000,0.000,19,0.026,5.000,3.000,2,0.000,0.000,0.000,1,-0.142,0.000,0.000,3,0.232,0.001,0.000
2014-03-09,0,0.000,0.000,0.000,4,2.311,1.000,0.000,13,0.701,2.503,2.000,3,0.000,0.000,0.000,0,0.000,0.000,0.000,2,-0.048,0.000,0.000
2014-03-10,0,0.000,0.000,0.000,4,-2.291,0.000,1.000,3,1.895,1.050,0.000,8,-0.142,0.000,0.000,0,0.000,0.000,0.000,8,-0.560,0.000,0.100
2014-03-11,0,0.000,0.000,0.000,4,0.823,0.000,0.000,4,0.866,1.000,0.000,3,-2.291,0.000,1.000,0,0.000,0.000,0.000,7,-0.284,0.000,0.000
2014-03-12,0,0.000,0.000,0.000,5,-2.526,0.000,2.000,1,-0.142,0.000,0.000,5,2.035,1.000,0.000,0,0.000,0.000,0.000,5,-3.301,0.000,1.418
2014-03-13,1,-0.142,0.000,0.000,4,2.208,2.000,0.000,10,-0.103,1.000,1.000,0,0.000,0.000,0.000,0,0.000,0.000,0.000,3,-0.006,0.000,0.000
2014-03-14,0,0.000,0.000,0.000,3,1.555,1.000,0.000,12,0.231,0.000,0.000,1,-0.000,0.000,0.000,0,0.000,0.000,0.000,6,-0.260,0.000,0.100
2014-03-15,0,0.000,0.000,0.000,5,1.037,1.000,0.000,11,-3.665,0.000,2.000,1,-0.000,0.000,0.000,0,0.000,0.000,0.000,1,-0.048,0.000,0.000
2014-03-16,0,0.000,0.000,0.000,3,0.937,1.000,0.000,15,6.135,3.368,0.000,6,0.000,0.000,0.000,0,0.000,0.000,0.000,9,-0.223,0.001,0.050
2014-03-17,0,0.000,0.000,0.000,2,1.882,1.000,0.000,7,1.934,0.000,0.000,6,-2.355,0.000,1.000,0,0.000,0.000,0.000,8,-0.317,0.000,0.100
2014-03-18,0,0.000,0.000,0.000,4,-0.686,0.000,1.000,4,-1.381,0.135,1.000,1,-0.142,0.000,0.000,0,0.000,0.000,0.000,3,-0.047,0.001,0.000
2014-03-19,0,0.000,0.000,0.000,5,0.606,0.000,0.000,7,-4.196,0.000,2.000,2,0.000,0.000,0.000,0,0.000,0.000,0.000,0,0.000,0.000,0.000
2014-03-20,0,0.000,0.000,0.000,3,2.527,2.000,0.000,10,-2.482,0.000,1.000,9,0.518,0.000,0.000,0,0.000,0.000,0.000,2,-0.065,0.000,0.050
2014-03-21,0,0.000,0.000,0.000,2,-0.284,0.000,0.000,15,2.278,4.000,1.000,1,0.000,0.000,0.000,0,0.000,0.000,0.000,1,0.001,0.001,0.000
2014-03-22,1,0.525,0.000,0.000,5,-3.111,0.000,2.000,12,3.754,2.000,0.000,0,0.000,0.000,0.000,0,0.000,0.000,0.000,3,0.785,1.000,0.000
2014-03-23,4,-0.568,0.000,0.000,9,-1.655,1.000,1.000,6,1.218,1.000,0.000,4,-0.000,0.000,0.000,0,0.000,0.000,0.000,3,-0.046,0.000,0.000
2014-03-24,0,0.000,0.000,0.000,1,0.557,0.000,0.000,6,0.981,0.000,0.000,5,-0.142,0.000,0.000,0,0.000,0.000,0.000,8,0.427,0.303,0.000
2014-03-25,0,0.000,0.000,0.000,6,2.738,2.000,2.000,11,0.142,2.000,1.000,1,-0.000,0.000,0.000,0,0.000,0.000,0.000,5,-0.167,0.001,0.100
2014-03-26,0,0.000,0.000,0.000,4,-2.445,0.000,2.000,8,3.305,2.000,0.000,6,1.214,1.000,0.000,0,0.000,0.000,0.000,0,0.000,0.000,0.000
2014-03-27,0,0.000,0.000,0.000,0,0.000,0.000,0.000,4,0.344,0.000,0.000,3,-0.142,0.000,0.000,0,0.000,0.000,0.000,4,-1.905,0.001,1.368
2014-03-28,0,0.000,0.000,0.000,4,-6.002,0.000,3.368,24,-0.276,2.104,2.000,11,0.000,0.000,0.000,0,0.000,0.000,0.000,4,-0.334,0.001,0.000
2014-03-29,1,-0.142,0.000,0.000,4,-3.407,0.000,2.000,15,2.251,4.000,1.000,0,0.000,0.000,0.000,0,0.000,0.000,0.000,1,-0.217,0.000,0.000
2014-03-30,0,0.000,0.000,0.000,4,-1.957,0.000,1.000,20,7.746,5.000,1.000,0,0.000,0.000,0.000,0,0.000,0.000,0.000,1,0.001,0.001,0.000
2014-03-31,1,-0.142,0.000,0.000,4,0.117,1.000,0.000,6,1.369,1.368,0.000,3,-1.719,0.000,1.000,0,0.000,0.000,0.000,1,0.000,0.000,0.000
2014-04-01,0,0.000,0.000,0.000,0,0.000,0.000,0.000,7,0.646,1.000,0.000,3,-0.000,0.000,0.000,0,0.000,0.000,0.000,0,0.000,0.000,0.000
2014-04-02,0,0.000,0.000,0.000,2,1.495,1.000,0.000,8,-0.550,0.000,0.000,0,0.000,0.000,0.000,0,0.000,0.000,0.000,2,-0.107,0.001,0.050
2014-04-03,1,1.023,1.000,0.000,4,-1.783,1.000,1.000,9,2.371,2.368,0.000,2,-0.000,0.000,0.000,0,0.000,0.000,0.000,0,0.000,0.000,0.000
2014-04-04,0,0.000,0.000,0.000,3,1.918,1.000,0.000,7,-0.918,1.000,1.000,7,0.000,0.000,0.000,0,0.000,0.000,0.000,1,0.000,0.000,0.000
2014-04-05,0,0.000,0.000,0.000,3,-0.057,0.000,0.000,12,-1.728,1.000,2.000,0,0.000,0.000,0.000,0,0.000,0.000,0.000,5,-0.432,0.000,0.000
2014-04-06,1,0.387,0.000,0.000,2,0.131,0.000,0.000,11,1.429,0.000,0.000,2,0.000,0.000,0.000,0,0.000,0.000,0.000,1,-0.093,0.000,0.050
2014-04-07,0,0.000,0.000,0.000,4,-1.541,0.000,1.000,4,1.601,1.000,0.000,6,0.000,0.000,0.000,0,0.000,0.000,0.000,4,-0.177,0.000,0.000
2014-04-08,0,0.000,0.000,0.000,2,0.611,0.000,0.000,4,0.195,0.000,0.000,5,0.000,0.000,0.000,0,0.000,0.000,0.000,7,0.348,0.000,0.736
2014-04-09,0,0.000,0.000,0.000,11,0.713,1.000,1.104,5,0.871,1.000,0.000,9,-1.062,0.000,1.000,0,0.000,0.000,0.000,3,-0.104,0.000,0.000
2014-04-10,0,0.000,0.000,0.000,3,0.774,0.000,0.002,5,-1.722,0.000,1.000,7,-0.142,0.000,0.000,0,0.000,0.000,0.000,0,0.000,0.000,0.000
2014-04-11,1,-0.142,0.000,0.000,5,-0.693,0.000,1.000,5,4.385,3.000,0.000,7,0.000,0.000,0.000,0,0.000,0.000,0.000,0,0.000,0.000,0.000
2014-04-12,2,0.952,1.000,0.000,6,0.115,0.368,1.000,22,-3.898,3.000,3.406,0,0.000,0.000,0.000,0,0.000,0.000,0.000,0,0.000,0.000,0.000
2014-04-13,0,0.000,0.000,0.000,6,3.563,3.368,1.000,13,-0.057,2.000,2.368,2,0.000,0.000,0.000,0,0.000,0.000,0.000,0,0.000,0.000,0.000
2014-04-14,0,0.000,0.000,0.000,2,-0.306,0.000,0.000,4,2.407,1.000,0.000,5,-0.000,0.000,0.000,0,0.000,0.000,0.000,0,0.000,0.000,0.000
2014-04-15,0,0.000,0.000,0.000,2,-2.991,0.000,2.000,8,-1.347,1.000,1.000,1,-0.000,0.000,0.000,0,0.000,0.000,0.000,2,-0.104,0.000,0.000
2014-04-16,1,-0.142,0.000,0.000,2,-0.284,0.000,0.000,8,4.037,2.000,0.000,15,0.000,0.000,0.000,0,0.000,0.000,0.000,7,1.806,2.000,0.000
2014-04-17,0,0.000,0.000,0.000,8,3.045,1.000,0.000,8,-0.454,1.000,0.000,0,0.000,0.000,0.000,0,0.000,0.000,0.000,2,0.320,0.000,0.000
2014-04-18,0,0.000,0.000,0.000,6,-0.498,0.000,1.000,15,2.311,3.000,2.000,0,0.000,0.000,0.000,0,0.000,0.000,0.000,1,0.492,0.301,0.000
2014-04-19,0,0.000,0.000,0.000,3,2.042,1.000,0.000,21,2.489,2.000,1.135,0,0.000,0.000,0.000,0,0.000,0.000,0.000,0,0.000,0.000,0.000
2014-04-20,2,-0.284,0.000,0.000,1,-0.142,0.000,0.000,4,0.173,0.368,0.000,0,0.000,0.000,0.000,0,0.000,0.000,0.000,0,0.000,0.000,0.000
2014-04-21,0,0.000,0.000,0.000,1,0.742,0.000,0.000,6,1.082,1.000,0.000,0,0.000,0.000,0.000,0,0.000,0.000,0.000,4,-2.137,0.001,1.050
2014-04-22,1,-0.142,0.000,0.000,0,0.000,0.000,0.000,12,3.549,3.000,0.000,0,0.000,0.000,0.000,0,0.000,0.000,0.000,1,0.574,0.301,0.000
2014-04-23,0,0.000,0.000,0.000,4,0.287,0.000,0.000,13,0.041,3.000,1.736,0,0.000,0.000,0.000,0,0.000,0.000,0.000,5,-0.710,0.000,0.000
2014-04-24,0,0.000,0.000,0.000,4,-0.568,0.000,0.000,8,0.490,1.000,0.000,1,-0.000,0.000,0.000,0,0.000,0.000,0.000,2,0.679,0.301,0.000
2014-04-25,0,0.000,0.000,0.000,9,-1.705,0.368,1.000,9,2.949,2.368,0.000,4,0.000,0.000,0.000,3,-1.734,0.000,0.000,5,-0.119,0.000,0.050
2014-04-26,6,0.705,1.000,1.000,4,-0.039,1.000,1.000,10,4.400,2.000,0.000,1,2.333,1.000,0.000,0,0.000,0.000,0.000,1,-0.007,0.000,0.000
2014-04-27,3,-2.433,0.000,1.000,2,0.252,1.000,1.000,5,-0.568,0.000,0.000,0,0.000,0.000,0.000,0,0.000,0.000,0.000,0,0.000,0.000,0.000
2014-04-28,0,0.000,0.000,0.000,3,-0.439,1.000,0.368,4,-1.026,0.000,1.000,4,-0.000,0.000,0.000,0,0.000,0.000,0.000,1,-0.142,0.000,0.000
2014-04-29,0,0.000,0.000,0.000,3,-3.463,0.000,2.000,8,1.348,1.000,0.368,16,-0.284,0.000,0.000,0,0.000,0.000,0.000,1,0.001,0.000,0.000
2014-04-30,0,0.000,0.000,0.000,4,-0.568,0.000,0.000,6,0.845,1.000,0.000,1,-0.000,0.000,0.000,0,0.000,0.000,0.000,2,-0.007,0.000,0.000
2014-05-01,1,-0.142,0.000,0.000,5,0.180,1.000,1.000,5,1.176,1.000,0.000,10,0.000,0.000,0.000,0,0.000,0.000,0.000,1,0.001,0.000,0.000
2014-05-02,1,-0.142,0.000,0.000,5,0.242,1.000,0.368,13,1.188,2.000,1.000,2,-0.284,0.000,0.000,0,0.000,0.000,0.000,1,-0.007,0.000,0.000
2014-05-03,0,0.000,0.000,0.000,3,2.155,1.000,0.000,14,-1.537,1.000,1.000,0,0.000,0.000,0.000,0,0.000,0.000,0.000,1,-0.007,0.000,0.000
2014-05-04,1,-0.142,0.000,0.000,4,-0.345,1.000,1.000,7,-1.185,0.000,0.000,0,0.000,0.000,0.000,0,0.000,0.000,0.000,0,0.000,0.000,0.000
2014-05-05,0,0.000,0.000,0.000,1,-1.200,0.000,1.000,8,-0.065,1.368,0.000,0,0.000,0.000,0.000,0,0.000,0.000,0.000,2,1.033,1.000,0.000
2014-05-06,0,0.000,0.000,0.000,4,1.256,1.000,0.000,8,-1.158,0.000,0.000,0,0.000,0.000,0.000,0,0.000,0.000,0.000,5,6.647,3.000,0.000
2014-05-07,0,0.000,0.000,0.000,0,0.000,0.000,0.000,5,-1.317,0.000,0.000,0,0.000,0.000,0.000,0,0.000,0.000,0.000,3,-1.840,1.000,1.000
2014-05-08,2,-0.394,0.000,0.000,6,-0.488,0.000,0.000,4,-0.017,0.000,0.000,0,0.000,0.000,0.000,0,0.000,0.000,0.000,0,0.000,0.000,0.000
2014-05-09,1,1.587,1.000,0.000,5,-2.301,0.000,1.000,11,-1.297,1.000,1.000,8,0.000,0.000,0.000,0,0.000,0.000,0.000,0,0.000,0.000,0.000
2014-05-10,0,0.000,0.000,0.000,5,1.750,1.000,0.000,17,3.023,3.000,1.000,0,0.000,0.000,0.000,0,0.000,0.000,0.000,0,0.000,0.000,0.000
2014-05-11,2,1.534,1.000,0.000,2,1.232,1.000,0.000,9,0.497,1.000,0.000,1,-0.000,0.000,0.000,0,0.000,0.000,0.000,1,-0.909,0.000,0.000
2014-05-12,1,-0.142,0.000,0.000,0,0.000,0.000,0.000,6,1.708,1.000,0.000,2,-0.000,0.000,0.000,0,0.000,0.000,0.000,2,-2.078,0.000,1.000
2014-05-13,0,0.000,0.000,0.000,0,0.000,0.000,0.000,5,0.809,0.000,0.000,0,0.000,0.000,0.000,0,0.000,0.000,0.000,1,-0.142,0.000,0.000
2014-05-14,0,0.000,0.000,0.000,3,-1.790,1.000,1.000,8,0.718,0.000,0.000,3,-1.389,0.000,1.000,0,0.000,0.000,0.000,1,1.189,1.000,0.000
2014-05-15,1,-0.142,0.000,0.000,3,1.047,1.000,0.000,5,0.184,0.000,0.000,2,-0.000,0.000,0.000,0,0.000,0.000,0.000,4,1.210,1.301,0.000
2014-05-16,0,0.000,0.000,0.000,1,-0.142,0.000,0.000,7,-2.780,1.000,1.368,14,-0.142,0.000,0.000,0,0.000,0.000,0.000,2,-2.543,0.000,1.000
2014-05-17,0,0.000,0.000,0.000,5,5.240,4.000,1.000,23,2.723,4.000,1.000,0,0.000,0.000,0.000,0,0.000,0.000,0.000,0,0.000,0.000,0.000
2014-05-18,1,-0.142,0.000,0.000,2,-1.644,0.000,1.000,17,-3.965,1.368,3.368,0,0.000,0.000,0.000,0,0.000,0.000,0.000,0,0.000,0.000,0.000
2014-05-19,1,-0.142,0.000,0.000,3,0.298,0.000,0.000,7,1.793,1.000,0.000,3,-0.142,0.000,0.000,0,0.000,0.000,0.000,0,0.000,0.000,0.000
2014-05-20,0,0.000,0.000,0.000,2,-0.796,0.000,0.000,5,2.316,1.000,0.000,3,0.000,0.000,0.000,1,-0.142,0.000,0.000,0,0.000,0.000,0.000
2014-05-21,0,0.000,0.000,0.000,1,-0.142,0.000,0.000,6,0.959,0.000,0.000,6,0.824,1.000,1.000,0,0.000,0.000,0.000,0,0.000,0.000,0.000
2014-05-22,1,0.916,0.000,0.000,4,1.346,1.000,0.000,9,0.204,1.000,0.000,7,-0.000,0.000,0.000,0,0.000,0.000,0.000,1,-0.142,0.000,0.000
2014-05-23,1,-0.142,0.000,0.000,2,2.219,1.000,0.000,16,0.141,1.000,3.000,2,-0.000,0.000,0.000,0,0.000,0.000,0.000,0,0.000,0.000,0.000
2014-05-24,1,-0.142,0.000,0.000,6,1.685,1.368,0.000,14,2.410,2.000,0.000,0,0.000,0.000,0.000,0,0.000,0.000,0.000,1,-0.760,0.000,0.000
2014-05-25,2,-0.284,0.000,0.000,7,0.717,2.000,1.000,15,2.424,2.018,0.000,3,0.000,0.000,0.000,0,0.000,0.000,0.000,0,0.000,0.000,0.000
2014-05-26,2,-0.284,0.000,0.000,1,-0.142,0.000,0.000,12,-4.568,0.000,2.000,0,0.000,0.000,0.000,0,0.000,0.000,0.000,1,-0.142,0.000,0.000
2014-05-27,1,-0.142,0.000,0.000,4,-0.938,0.000,0.002,3,-0.336,0.000,0.000,1,-0.142,0.000,0.000,2,-0.050,0.000,0.000,4,-1.641,0.000,2.000
2014-05-28,1,-0.142,0.000,0.000,0,0.000,0.000,0.000,1,-0.003,0.000,0.000,11,-1.293,0.000,1.000,0,0.000,0.000,0.000,1,-0.142,0.000,0.000
2014-05-29,0,0.000,0.000,0.000,2,0.298,0.000,0.000,8,-3.704,0.000,1.000,3,-0.142,0.000,0.000,12,-0.690,0.000,0.000,0,0.000,0.000,0.000
2014-05-30,1,1.381,1.000,0.000,3,-1.453,0.000,1.000,7,1.336,2.000,0.736,6,-0.978,1.000,1.000,16,-0.095,0.000,0.000,2,-1.100,0.000,1.000
2014-05-31,0,0.000,0.000,0.000,0,0.000,0.000,0.000,0,0.000,0.000,0.000,0,0.000,0.000,0.000,0,0.000,0.000,0.000,0,0.000,0.000,0.000
2014-06-01,0,0.000,0.000,0.000,6,0.206,1.000,1.000,19,-2.662,2.000,3.000,8,0.000,0.000,0.000,16,0.000,0.000,0.000,1,-0.142,0.000,0.000
2014-06-02,1,-0.142,0.000,0.000,3,1.363,1.000,0.000,13,-1.943,2.000,3.000,11,-1.353,0.000,1.000,30,0.000,0.000,0.000,3,-2.774,0.000,1.000
2014-06-03,1,-0.142,0.000,0.000,5,2.446,2.000,0.000,8,1.407,1.050,0.000,8,-1.293,0.000,1.000,25,0.000,0.000,0.000,3,-0.757,0.000,1.000
2014-06-04,4,-0.568,0.000,0.000,5,-1.905,0.000,1.000,6,-5.053,0.000,3.000,6,0.000,0.000,0.000,16,1.804,1.000,0.000,1,0.289,0.000,0.000
2014-06-05,0,0.000,0.000,0.000,5,2.126,2.000,1.000,15,-4.009,1.000,2.000,5,-0.142,0.000,0.000,22,1.339,1.000,0.000,3,-1.974,0.000,1.000
2014-06-06,0,0.000,0.000,0.000,4,-3.349,0.000,1.000,14,3.366,5.000,3.000,11,0.000,0.000,0.000,25,-11.496,0.000,4.022,5,-1.085,0.000,0.000
2014-06-07,1,-0.796,0.000,0.000,5,0.145,2.000,1.000,14,5.186,2.368,0.000,7,0.000,0.000,0.000,8,0.930,0.000,0.000,0,0.000,0.000,0.000
2014-06-08,0,0.000,0.000,0.000,5,0.522,1.000,1.000,17,2.064,1.135,1.000,1,-0.000,0.000,0.000,16,0.792,0.000,0.000,1,-0.052,0.000,0.000
2014-06-09,2,1.502,0.000,0.000,2,-0.284,0.000,0.000,7,2.061,1.050,0.000,15,-0.142,0.000,0.000,46,1.015,1.000,0.000,1,-0.142,0.000,0.000
2014-06-10,1,-0.142,0.000,0.000,1,-1.062,0.000,1.000,3,-0.068,0.000,0.000,1,0.000,0.000,0.000,23,-0.284,0.000,0.000,1,-0.142,0.000,0.000
2014-06-11,0,0.000,0.000,0.000,1,-0.142,0.000,0.000,9,0.577,0.000,0.000,0,0.000,0.000,0.000,52,0.477,1.000,1.341,1,0.396,0.301,0.000
2014-06-12,1,0.511,0.000,0.000,1,-0.721,0.000,0.000,7,0.419,0.000,0.007,0,0.000,0.000,0.000,20,-2.080,0.000,1.670,0,0.000,0.000,0.000
2014-06-13,2,1.765,1.000,0.000,5,2.287,2.000,0.000,18,1.056,1.000,0.736,0,0.000,0.000,0.000,15,0.309,0.000,0.000,1,-0.142,0.000,0.000
2014-06-14,1,-0.142,0.000,0.000,2,0.306,0.368,0.000,18,4.621,4.000,0.368,2,-1.314,0.000,1.000,21,0.000,0.000,0.000,0,0.000,0.000,0.000
2014-06-15,4,2.507,1.000,0.000,3,0.131,0.000,0.000,14,6.080,3.000,1.000,1,-0.000,0.000,0.000,15,-3.683,0.000,2.000,0,0.000,0.000,0.000
2014-06-16,1,-0.142,0.000,0.000,2,-1.065,0.000,0.000,12,3.985,3.000,1.386,22,-0.284,0.000,0.000,24,0.000,0.000,0.000,1,-0.142,0.000,0.000
2014-06-17,3,1.392,1.000,0.000,1,-0.142,0.000,0.000,9,-1.898,0.050,1.000,0,0.000,0.000,0.000,4,1.115,1.000,0.000,3,-0.785,0.000,0.368
2014-06-18,0,0.000,0.000,0.000,4,1.370,1.000,1.000,7,3.964,3.000,0.000,4,0.000,0.000,0.000,18,-8.674,1.000,4.011,1,-0.366,0.000,0.000
2014-06-19,3,0.259,0.000,0.000,4,-3.144,0.000,2.000,15,0.787,1.368,1.000,1,1.676,1.000,0.000,3,-0.789,0.000,0.000,0,0.000,0.000,0.000
2014-06-20,2,-0.284,0.000,0.000,6,-0.146,2.000,2.000,19,7.919,4.000,0.000,1,-0.142,0.000,0.000,14,-3.079,0.000,1.000,1,-1.499,0.000,1.000
2014-06-21,1,1.168,1.000,0.000,6,0.736,2.368,1.000,17,2.472,2.503,1.000,1,0.213,0.000,0.000,11,-0.142,0.000,0.000,0,0.000,0.000,0.000
2014-06-22,4,2.720,1.000,0.000,3,-5.537,0.000,2.000,17,7.601,3.000,0.000,0,0.000,0.000,0.000,3,-0.000,0.000,0.000,0,0.000,0.000,0.000
2014-06-23,2,-0.203,0.000,0.000,4,1.072,1.000,0.000,12,-2.998,2.050,1.000,1,1.278,1.000,0.000,3,0.000,0.000,0.000,0,0.000,0.000,0.000
2014-06-24,2,-0.284,0.000,0.000,1,0.788,0.000,0.000,8,1.141,0.000,1.000,0,0.000,0.000,0.000,3,-2.731,0.000,1.000,0,0.000,0.000,0.000
2014-06-25,0,0.000,0.000,0.000,1,-1.286,0.000,1.000,9,3.530,3.000,0.000,0,0.000,0.000,0.000,5,-1.219,1.000,1.000,3,-2.619,0.000,1.000
2014-06-26,0,0.000,0.000,0.000,2,-0.849,0.000,0.000,14,4.446,2.000,0.000,20,0.000,0.000,0.000,2,-0.284,0.000,0.000,4,0.250,0.301,0.368
2014-06-27,1,-0.142,0.000,0.000,7,-0.014,1.000,0.000,17,-0.681,1.135,3.000,18,0.000,0.000,0.000,3,-1.958,0.368,1.000,0,0.000,0.000,0.000
2014-06-28,0,0.000,0.000,0.000,10,2.005,2.000,1.000,8,-0.075,2.000,2.000,4,0.000,0.000,0.000,14,3.458,2.736,1.000,1,0.313,0.301,0.000
2014-06-29,3,1.068,0.000,0.000,2,-0.147,0.000,0.002,15,4.187,4.000,0.000,6,0.000,0.000,0.000,15,-3.353,0.000,2.000,1,1.662,1.000,0.000
2014-06-30,1,-0.142,0.000,0.000,4,1.064,0.000,0.000,2,-0.284,0.000,0.000,42,0.000,0.000,0.000,14,1.306,0.736,0.000,7,2.147,2.000,0.000
2014-07-01,1,-0.142,0.000,0.000,5,-0.319,0.000,0.002,7,1.881,1.000,0.000,7,0.000,0.000,0.000,8,3.684,2.736,0.000,2,0.294,0.000,0.000
2014-07-02,1,0.128,0.000,0.000,2,1.864,1.000,0.000,8,4.005,2.000,0.000,5,0.000,0.000,0.000,4,2.528,1.000,0.000,3,-1.525,0.301,1.000
2014-07-03,1,-0.142,0.000,0.000,1,0.295,0.000,0.000,21,-3.716,1.000,2.000,26,0.000,0.000,0.000,2,-0.142,0.000,0.000,1,-2.102,0.000,1.000
2014-07-04,2,-0.838,0.000,1.000,7,5.006,2.000,0.000,14,1.371,1.000,1.000,0,0.000,0.000,0.000,6,0.550,1.000,1.000,0,0.000,0.000,0.000
2014-07-05,4,0.598,0.406,0.000,3,-1.190,0.000,0.000,28,-4.336,2.000,2.736,0,0.000,0.000,0.000,3,-1.928,0.000,1.000,2,-0.284,0.000,0.000
2014-07-06,5,-0.710,0.000,0.000,4,-4.510,0.000,2.000,4,1.700,0.736,0.000,0,0.000,0.000,0.000,2,-2.341,0.000,1.000,4,0.481,2.000,1.000
2014-07-07,1,-0.142,0.000,0.000,0,0.000,0.000,0.000,6,2.563,2.000,0.000,6,2.624,2.000,0.000,6,-1.264,0.000,0.000,2,1.672,0.301,0.000
2014-07-08,0,0.000,0.000,0.000,3,-0.126,0.000,0.000,7,4.147,3.135,0.000,7,0.000,0.000,0.000,13,-2.382,0.000,1.000,1,0.930,0.000,0.000
2014-07-09,1,0.923,0.000,0.000,2,-0.142,0.000,0.000,9,-1.949,1.000,2.000,0,0.000,0.000,0.000,6,-1.343,0.000,1.000,0,0.000,0.000,0.000
2014-07-10,1,-0.142,0.000,0.000,0,0.000,0.000,0.000,7,0.951,0.000,0.000,0,0.000,0.000,0.000,5,-0.540,1.000,1.000,2,-1.593,0.000,1.000
2014-07-11,1,0.080,0.000,0.000,3,0.074,0.000,0.000,15,-0.273,4.000,3.000,1,1.211,1.000,0.000,21,-1.108,5.000,4.000,0,0.000,0.000,0.000
2014-07-12,0,0.000,0.000,0.000,6,-1.540,0.000,1.000,13,3.767,3.000,1.000,1,-0.142,0.000,0.000,10,-5.045,0.000,2.000,0,0.000,0.000,0.000
2014-07-13,1,0.291,0.000,0.000,5,-0.242,1.000,1.000,10,4.950,3.000,0.000,0,0.000,0.000,0.000,4,-0.254,2.000,1.000,0,0.000,0.000,0.000
2014-07-14,3,-0.750,0.000,0.000,4,-1.231,0.000,0.000,4,-0.658,0.135,0.000,0,0.000,0.000,0.000,6,-1.407,1.000,1.000,0,0.000,0.000,0.000
2014-07-15,0,0.000,0.000,0.000,16,1.856,2.000,2.001,4,3.863,2.000,0.000,0,0.000,0.000,0.000,15,-7.012,2.368,6.000,0,0.000,0.000,0.000
2014-07-16,0,0.000,0.000,0.000,9,1.590,2.000,0.001,4,0.806,1.000,0.000,0,0.000,0.000,0.000,7,-4.930,0.000,3.000,0,0.000,0.000,0.000
2014-07-17,3,1.722,1.000,0.000,7,0.831,1.000,0.001,5,-0.435,0.000,0.000,0,0.000,0.000,0.000,1,-2.649,0.000,1.000,0,0.000,0.000,0.000
2014-07-18,1,1.566,1.000,0.000,22,-0.537,1.000,1.000,6,1.211,1.000,0.000,1,0.706,0.000,0.000,1,0.323,0.000,0.000,2,-0.284,0.000,0.000
2014-07-19,0,0.000,0.000,0.000,12,2.155,4.000,1.000,8,-0.348,1.000,1.000,3,0.000,0.000,0.000,0,0.000,0.000,0.000,1,-1.229,0.000,1.000
2014-07-20,2,1.047,1.000,0.000,14,1.161,1.149,0.135,9,-0.718,1.000,1.000,2,0.000,0.000,0.000,0,0.000,0.000,0.000,1,-0.089,0.000,0.000
2014-07-21,1,-0.142,0.000,0.000,5,1.196,1.000,0.000,4,1.140,1.000,0.000,6,-0.000,0.000,0.000,3,-4.468,0.000,2.000,0,0.000,0.000,0.000
2014-07-22,5,0.494,0.736,0.000,9,5.999,4.000,0.000,4,1.438,1.000,0.000,1,0.319,0.000,0.000,6,2.496,1.000,0.000,1,0.032,0.000,0.000
2014-07-23,0,0.000,0.000,0.000,5,1.110,0.000,0.000,6,-1.846,0.000,0.368,1,0.000,0.000,0.000,1,-0.210,0.000,0.000,1,-0.142,0.000,0.000
2014-07-24,2,1.271,1.000,0.000,10,0.656,2.000,1.001,9,3.309,3.000,1.000,1,0.000,0.000,0.000,8,0.407,0.000,0.000,2,0.947,0.301,0.000
2014-07-25,1,-0.142,0.000,0.000,7,3.354,2.000,0.000,20,12.437,7.000,0.000,3,0.000,0.000,0.000,3,-0.384,0.000,0.000,0,0.000,0.000,0.000
2014-07-26,7,2.791,2.000,0.000,1,-0.142,0.000,0.000,13,-0.818,2.000,2.000,0,0.000,0.000,0.000,1,-0.142,0.000,0.000,0,0.000,0.000,0.000
2014-07-27,5,2.397,1.000,0.000,4,1.366,1.000,0.000,11,-1.008,0.000,1.000,6,-5.317,0.000,2.000,6,-0.690,1.000,0.000,1,-0.142,0.000,0.000
2014-07-28,1,-0.142,0.000,0.000,8,-4.109,0.000,1.000,3,0.601,0.000,0.000,5,-1.541,0.000,1.000,3,3.821,2.000,0.000,2,-1.065,0.000,0.000
2014-07-29,3,-0.288,0.000,0.000,1,-0.142,0.000,0.000,11,0.423,1.000,1.000,0,0.000,0.000,0.000,7,2.116,1.000,1.000,0,0.000,0.000,0.000
2014-07-30,2,-0.284,0.000,0.000,1,-1.655,0.000,1.000,4,2.216,1.368,0.000,15,-7.686,0.000,4.000,4,-2.411,0.000,1.000,2,1.310,1.000,0.000
2014-07-31,2,-0.284,0.000,0.000,5,3.273,2.000,0.000,16,4.283,4.018,0.000,14,-6.922,0.000,3.000,9,-3.442,0.000,3.000,1,-0.142,0.000,0.000
2014-08-01,1,-0.142,0.000,0.000,5,0.515,1.000,0.000,11,-0.910,0.000,1.000,8,0.000,0.000,0.000,6,0.212,1.000,0.000,2,-2.014,0.000,1.000
2014-08-02,2,0.378,0.368,0.000,5,1.108,1.000,0.000,12,5.278,3.368,0.000,2,-0.000,0.000,0.000,1,-1.389,0.000,1.000,3,-1.002,1.000,1.000
2014-08-03,5,-0.710,0.000,0.000,6,-0.852,0.000,0.000,10,2.270,2.000,0.000,0,0.000,0.000,0.000,1,-0.142,0.000,0.000,3,2.432,1.000,0.000
2014-08-04,3,-1.396,0.000,1.000,4,1.367,0.000,0.000,7,2.134,1.000,0.000,6,0.000,0.000,0.000,1,1.566,1.000,0.000,5,-0.210,0.000,0.000
2014-08-05,1,-0.142,0.000,0.000,14,-3.672,0.000,1.000,10,6.696,4.000,1.000,2,0.731,0.000,0.000,1,1.253,1.000,0.000,10,-0.566,1.000,1.000
2014-08-06,4,-0.568,0.000,0.000,4,-1.417,0.000,1.000,11,0.957,2.135,1.000,7,0.000,0.000,0.000,3,-0.430,0.000,0.000,5,-3.641,0.000,2.000
2014-08-07,2,-0.284,0.000,0.000,5,0.361,0.000,0.000,10,-2.174,2.000,2.375,1,-0.000,0.000,0.000,4,-0.568,0.000,0.000,0,0.000,0.000,0.000
2014-08-08,3,2.805,2.000,0.000,6,-0.991,1.000,1.000,6,0.263,0.018,0.368,5,0.000,0.000,0.000,4,1.910,1.000,0.000,0,0.000,0.000,0.000
2014-08-09,1,0.746,0.000,0.000,4,-0.665,0.000,1.000,18,-1.292,1.368,1.000,0,0.000,0.000,0.000,3,-0.757,0.000,0.000,0,0.000,0.000,0.000
2014-08-10,1,-0.171,0.000,0.000,4,1.581,1.100,0.000,11,-1.718,0.000,1.000,0,0.000,0.000,0.000,3,0.738,1.000,0.000,6,3.192,2.000,0.000
2014-08-11,0,0.000,0.000,0.000,8,-1.739,0.050,1.000,2,1.485,1.000,0.000,8,0.000,0.000,0.000,4,-1.489,0.000,1.000,8,-4.218,0.000,4.000
2014-08-12,0,0.000,0.000,0.000,6,2.368,2.000,1.000,13,1.349,3.000,1.000,1,-0.000,0.000,0.000,4,-0.302,0.000,1.000,1,-1.857,0.000,1.000
2014-08-13,5,-1.123,0.000,0.000,8,-3.321,1.000,1.000,8,-1.208,0.018,1.000,5,0.000,0.000,0.000,8,8.025,5.000,1.000,1,-0.721,0.000,0.000
2014-08-14,3,-0.426,0.000,0.000,4,-3.573,0.000,2.000,32,2.637,5.000,2.000,4,-0.142,0.000,0.000,2,-0.284,0.000,0.000,3,-0.426,0.000,0.000
2014-08-15,1,-0.142,0.000,0.000,0,0.000,0.000,0.000,1,-0.142,0.000,0.000,0,0.000,0.000,0.000,0,0.000,0.000,0.000,0,0.000,0.000,0.000
2014-08-16,0,0.000,0.000,0.000,0,0.000,0.000,0.000,0,0.000,0.000,0.000,0,0.000,0.000,0.000,0,0.000,0.000,0.000,0,0.000,0.000,0.000
2014-08-17,0,0.000,0.000,0.000,0,0.000,0.000,0.000,0,0.000,0.000,0.000,0,0.000,0.000,0.000,0,0.000,0.000,0.000,0,0.000,0.000,0.000
2014-08-18,0,0.000,0.000,0.000,0,0.000,0.000,0.000,0,0.000,0.000,0.000,0,0.000,0.000,0.000,0,0.000,0.000,0.000,0,0.000,0.000,0.000
2014-08-19,0,0.000,0.000,0.000,0,0.000,0.000,0.000,0,0.000,0.000,0.000,0,0.000,0.000,0.000,0,0.000,0.000,0.000,0,0.000,0.000,0.000
2014-08-20,0,0.000,0.000,0.000,0,0.000,0.000,0.000,0,0.000,0.000,0.000,0,0.000,0.000,0.000,0,0.000,0.000,0.000,0,0.000,0.000,0.000
2014-08-21,0,0.000,0.000,0.000,1,-1.158,0.000,1.000,1,-0.167,0.000,0.000,0,0.000,0.000,0.000,0,0.000,0.000,0.000,0,0.000,0.000,0.000
2014-08-22,1,-0.142,0.000,0.000,5,-1.456,0.000,0.135,23,4.790,3.503,0.027,5,-2.313,0.000,1.000,1,-0.142,0.000,0.000,6,-4.510,1.000,3.000
2014-08-23,0,0.000,0.000,0.000,0,0.000,0.000,0.000,0,0.000,0.000,0.000,0,0.000,0.000,0.000,0,0.000,0.000,0.000,0,0.000,0.000,0.000
2014-08-24,0,0.000,0.000,0.000,0,0.000,0.000,0.000,0,0.000,0.000,0.000,0,0.000,0.000,0.000,0,0.000,0.000,0.000,0,0.000,0.000,0.000
2014-08-25,0,0.000,0.000,0.000,0,0.000,0.000,0.000,0,0.000,0.000,0.000,0,0.000,0.000,0.000,0,0.000,0.000,0.000,0,0.000,0.000,0.000
2014-08-26,0,0.000,0.000,0.000,0,0.000,0.000,0.000,0,0.000,0.000,0.000,0,0.000,0.000,0.000,0,0.000,0.000,0.000,0,0.000,0.000,0.000
2014-08-27,0,0.000,0.000,0.000,2,0.746,0.000,0.000,0,0.000,0.000,0.000,2,-0.000,0.000,0.000,0,0.000,0.000,0.000,1,-1.176,0.000,1.000
2014-08-28,0,0.000,0.000,0.000,9,1.533,2.000,0.000,11,-0.791,0.000,0.000,19,0.000,0.000,0.000,1,-0.142,0.000,0.000,10,1.668,1.000,0.000
2014-08-29,1,-0.142,0.000,0.000,27,4.507,3.000,0.000,5,0.895,1.000,0.000,5,-0.142,0.000,0.000,1,-0.433,0.000,0.000,0,0.000,0.000,0.000
2014-08-30,4,4.413,2.000,0.000,19,9.024,7.000,0.000,38,6.552,4.000,1.014,5,-0.142,0.000,0.000,1,-0.142,0.000,0.000,3,0.167,0.000,0.000
2014-08-31,0,0.000,0.000,0.000,0,0.000,0.000,0.000,0,0.000,0.000,0.000,0,0.000,0.000,0.000,0,0.000,0.000,0.000,0,0.000,0.000,0.000
2014-09-01,1,-0.142,0.000,0.000,6,0.011,1.000,0.000,24,-3.607,1.000,2.000,13,0.000,0.000,0.000,10,-5.110,0.000,4.000,7,-1.464,0.000,0.000
2014-09-02,3,-1.197,0.000,0.000,2,-1.076,1.000,1.000,6,-1.523,0.050,0.000,24,0.000,0.000,0.000,5,2.706,2.000,0.000,7,0.227,1.301,1.000
2014-09-03,3,3.704,2.000,0.000,9,0.547,1.000,1.000,18,1.527,2.000,1.000,26,0.000,0.000,0.000,1,2.006,1.000,0.000,2,0.195,0.000,0.000
2014-09-04,0,0.000,0.000,0.000,6,-1.795,0.000,1.000,17,-3.134,0.000,2.000,3,0.000,0.000,0.000,1,-0.142,0.000,0.000,2,-0.515,0.000,0.000
2014-09-05,4,3.426,2.000,0.000,10,3.894,1.368,1.000,19,4.292,2.153,0.000,11,0.000,0.000,0.000,1,-0.671,0.000,0.000,3,-0.327,0.000,0.000
2014-09-06,0,0.000,0.000,0.000,0,0.000,0.000,0.000,0,0.000,0.000,0.000,0,0.000,0.000,0.000,0,0.000,0.000,0.000,0,0.000,0.000,0.000
2014-09-07,0,0.000,0.000,0.000,0,0.000,0.000,0.000,0,0.000,0.000,0.000,0,0.000,0.000,0.000,0,0.000,0.000,0.000,0,0.000,0.000,0.000
2014-09-08,0,0.000,0.000,0.000,0,0.000,0.000,0.000,0,0.000,0.000,0.000,0,0.000,0.000,0.000,0,0.000,0.000,0.000,0,0.000,0.000,0.000
2014-09-09,0,0.000,0.000,0.000,0,0.000,0.000,0.000,0,0.000,0.000,0.000,0,0.000,0.000,0.000,0,0.000,0.000,0.000,0,0.000,0.000,0.000
2014-09-10,0,0.000,0.000,0.000,0,0.000,0.000,0.000,0,0.000,0.000,0.000,0,0.000,0.000,0.000,0,0.000,0.000,0.000,0,0.000,0.000,0.000
2014-09-11,0,0.000,0.000,0.000,0,0.000,0.000,0.000,0,0.000,0.000,0.000,0,0.000,0.000,0.000,0,0.000,0.000,0.000,0,0.000,0.000,0.000
2014-09-12,0,0.000,0.000,0.000,0,0.000,0.000,0.000,0,0.000,0.000,0.000,0,0.000,0.000,0.000,0,0.000,0.000,0.000,0,0.000,0.000,0.000
2014-09-13,0,0.000,0.000,0.000,0,0.000,0.000,0.000,0,0.000,0.000,0.000,0,0.000,0.000,0.000,0,0.000,0.000,0.000,0,0.000,0.000,0.000
2014-09-14,0,0.000,0.000,0.000,0,0.000,0.000,0.000,0,0.000,0.000,0.000,0,0.000,0.000,0.000,0,0.000,0.000,0.000,0,0.000,0.000,0.000
2014-09-15,0,0.000,0.000,0.000,0,0.000,0.000,0.000,0,0.000,0.000,0.000,0,0.000,0.000,0.000,0,0.000,0.000,0.000,0,0.000,0.000,0.000
2014-09-16,0,0.000,0.000,0.000,0,0.000,0.000,0.000,0,0.000,0.000,0.000,0,0.000,0.000,0.000,0,0.000,0.000,0.000,0,0.000,0.000,0.000
2014-09-17,0,0.000,0.000,0.000,0,0.000,0.000,0.000,0,0.000,0.000,0.000,0,0.000,0.000,0.000,0,0.000,0.000,0.000,0,0.000,0.000,0.000
2014-09-18,0,0.000,0.000,0.000,0,0.000,0.000,0.000,0,0.000,0.000,0.000,0,0.000,0.000,0.000,0,0.000,0.000,0.000,0,0.000,0.000,0.000
2014-09-19,0,0.000,0.000,0.000,0,0.000,0.000,0.000,0,0.000,0.000,0.000,0,0.000,0.000,0.000,0,0.000,0.000,0.000,0,0.000,0.000,0.000
2014-09-20,0,0.000,0.000,0.000,0,0.000,0.000,0.000,0,0.000,0.000,0.000,0,0.000,0.000,0.000,0,0.000,0.000,0.000,0,0.000,0.000,0.000
2014-09-21,0,0.000,0.000,0.000,0,0.000,0.000,0.000,0,0.000,0.000,0.000,0,0.000,0.000,0.000,0,0.000,0.000,0.000,0,0.000,0.000,0.000
2014-09-22,0,0.000,0.000,0.000,0,0.000,0.000,0.000,0,0.000,0.000,0.000,0,0.000,0.000,0.000,0,0.000,0.000,0.000,0,0.000,0.000,0.000
2014-09-23,0,0.000,0.000,0.000,0,0.000,0.000,0.000,0,0.000,0.000,0.000,0,0.000,0.000,0.000,0,0.000,0.000,0.000,0,0.000,0.000,0.000
2014-09-24,0,0.000,0.000,0.000,0,0.000,0.000,0.000,0,0.000,0.000,0.000,0,0.000,0.000,0.000,0,0.000,0.000,0.000,0,0.000,0.000,0.000
2014-09-25,0,0.000,0.000,0.000,0,0.000,0.000,0.000,0,0.000,0.000,0.000,0,0.000,0.000,0.000,0,0.000,0.000,0.000,0,0.000,0.000,0.000
2014-09-26,0,0.000,0.000,0.000,0,0.000,0.000,0.000,0,0.000,0.000,0.000,0,0.000,0.000,0.000,0,0.000,0.000,0.000,0,0.000,0.000,0.000
2014-09-27,0,0.000,0.000,0.000,0,0.000,0.000,0.000,0,0.000,0.000,0.000,0,0.000,0.000,0.000,0,0.000,0.000,0.000,0,0.000,0.000,0.000
2014-09-28,0,0.000,0.000,0.000,0,0.000,0.000,0.000,0,0.000,0.000,0.000,0,0.000,0.000,0.000,0,0.000,0.000,0.000,0,0.000,0.000,0.000
2014-09-29,1,-0.142,0.000,0.000,0,0.000,0.000,0.000,0,0.000,0.000,0.000,0,0.000,0.000,0.000,0,0.000,0.000,0.000,0,0.000,0.000,0.000
2014-09-30,1,-0.164,0.000,0.000,7,2.748,2.000,0.000,4,-1.003,1.000,1.000,0,0.000,0.000,0.000,0,0.000,0.000,0.000,4,0.404,1.000,0.000
2014-10-01,6,1.864,1.000,0.000,26,1.150,1.000,0.000,11,2.450,2.000,0.000,0,0.000,0.000,0.000,0,0.000,0.000,0.000,6,-4.299,0.000,1.000
2014-10-02,0,0.000,0.000,0.000,26,2.559,3.000,0.000,20,-1.041,1.135,0.000,0,0.000,0.000,0.000,2,2.717,2.000,0.000,0,0.000,0.000,0.000
2014-10-03,4,0.394,0.000,0.000,14,0.629,0.368,0.005,14,3.905,4.000,0.368,0,0.000,0.000,0.000,2,1.218,0.000,0.000,0,0.000,0.000,0.000
2014-10-04,2,-0.142,0.000,0.000,3,1.082,1.000,1.000,14,3.711,2.000,0.000,0,0.000,0.000,0.000,2,-1.815,0.000,1.000,2,-0.032,0.000,0.000
2014-10-05,3,0.000,0.000,0.000,2,0.476,0.000,0.000,11,1.293,0.000,0.000,0,0.000,0.000,0.000,0,0.000,0.000,0.000,0,0.000,0.000,0.000
2014-10-06,1,-0.000,0.000,0.000,2,1.434,0.000,0.000,11,-1.911,0.000,1.000,0,0.000,0.000,0.000,3,-1.435,0.000,1.000,0,0.000,0.000,0.000
2014-10-07,4,-0.142,0.000,0.000,7,-0.339,1.736,1.000,11,1.014,0.000,0.000,0,0.000,0.000,0.000,3,-1.705,0.000,0.000,2,-1.115,0.000,0.000
2014-10-08,0,0.000,0.000,0.000,3,-1.673,0.000,1.000,18,4.930,2.786,0.000,0,0.000,0.000,0.000,1,-0.142,0.000,0.000,0,0.000,0.000,0.000
2014-10-09,0,0.000,0.000,0.000,3,0.804,0.368,0.000,17,1.040,2.368,1.000,0,0.000,0.000,0.000,0,0.000,0.000,0.000,0,0.000,0.000,0.000
2014-10-10,0,0.000,0.000,0.000,6,1.545,1.000,0.001,21,-5.120,1.368,3.368,0,0.000,0.000,0.000,1,-0.142,0.000,0.000,0,0.000,0.000,0.000
2014-10-11,3,-0.629,0.000,0.000,4,-1.153,0.000,0.000,22,5.872,5.368,0.736,0,0.000,0.000,0.000,2,-3.637,0.000,2.000,0,0.000,0.000,0.000
2014-10-12,1,-0.142,0.000,0.000,2,1.069,1.000,0.000,21,1.194,3.368,1.368,0,0.000,0.000,0.000,1,3.409,1.000,0.000,0,0.000,0.000,0.000
2014-10-13,2,1.225,1.000,0.000,2,-0.236,0.000,0.135,23,3.227,2.000,0.000,0,0.000,0.000,0.000,6,-2.469,0.000,2.000,0,0.000,0.000,0.000
2014-10-14,0,0.000,0.000,0.000,13,1.337,2.000,1.002,15,5.871,4.000,1.000,3,0.000,0.000,0.000,5,-0.622,0.000,1.000,0,0.000,0.000,0.000
2014-10-15,0,0.000,0.000,0.000,6,4.621,3.000,0.000,18,9.146,6.000,1.000,0,0.000,0.000,0.000,1,-0.142,0.000,0.000,0,0.000,0.000,0.000
2014-10-16,1,0.969,0.000,0.000,6,0.713,0.000,0.000,17,4.125,3.100,0.000,1,0.437,0.000,0.000,12,3.748,3.000,0.000,0,0.000,0.000,0.000
2014-10-17,0,0.000,0.000,0.000,25,-0.037,3.000,1.000,13,-0.898,0.000,0.000,0,0.000,0.000,0.000,2,0.696,0.000,0.000,0,0.000,0.000,0.000
2014-10-18,0,0.000,0.000,0.000,5,2.816,1.000,1.000,18,2.907,3.207,1.000,0,0.000,0.000,0.000,0,0.000,0.000,0.000,0,0.000,0.000,0.000
2014-10-19,0,0.000,0.000,0.000,0,0.000,0.000,0.000,0,0.000,0.000,0.000,0,0.000,0.000,0.000,0,0.000,0.000,0.000,0,0.000,0.000,0.000
2014-10-20,1,-0.000,0.000,0.000,4,2.006,1.000,0.000,2,0.582,0.000,0.000,0,0.000,0.000,0.000,1,-0.142,0.000,0.000,0,0.000,0.000,0.000
2014-10-21,5,-0.142,0.000,0.000,8,-4.180,0.000,2.000,5,1.431,0.368,0.000,0,0.000,0.000,0.000,0,0.000,0.000,0.000,0,0.000,0.000,0.000
2014-10-22,4,-0.824,0.000,0.000,4,-0.221,0.000,0.135,27,6.392,3.050,0.000,2,-0.000,0.000,0.000,3,0.000,0.000,0.000,0,0.000,0.000,0.000
2014-10-23,0,0.000,0.000,0.000,9,-1.582,1.000,1.000,15,1.012,1.050,0.000,0,0.000,0.000,0.000,0,0.000,0.000,0.000,0,0.000,0.000,0.000
2014-10-24,2,-1.801,0.000,1.000,5,1.902,1.000,0.001,28,-3.792,1.000,2.000,1,-0.142,0.000,0.000,1,-0.142,0.000,0.000,0,0.000,0.000,0.000
2014-10-25,5,0.543,2.000,1.000,5,2.085,1.368,0.000,19,3.801,3.368,1.000,0,0.000,0.000,0.000,20,-1.442,0.000,1.233,0,0.000,0.000,0.000
2014-10-26,4,-1.371,0.000,0.000,10,3.679,2.000,0.000,13,2.274,1.000,0.000,0,0.000,0.000,0.000,14,3.993,2.000,0.740,0,0.000,0.000,0.000
2014-10-27,2,1.839,1.000,0.000,3,1.237,0.368,0.000,13,2.716,2.000,0.000,0,0.000,0.000,0.000,0,0.000,0.000,0.000,0,0.000,0.000,0.000
2014-10-28,0,0.000,0.000,0.000,5,0.833,1.000,0.000,23,-0.048,1.000,1.000,0,0.000,0.000,0.000,4,-0.461,0.000,0.000,0,0.000,0.000,0.000
2014-10-29,0,0.000,0.000,0.000,6,-0.001,0.000,0.000,20,3.776,4.005,0.368,0,0.000,0.000,0.000,2,0.228,0.000,0.247,0,0.000,0.000,0.000
2014-10-30,0,0.000,0.000,0.000,5,1.897,1.000,0.135,17,-0.437,1.000,0.000,0,0.000,0.000,0.000,0,0.000,0.000,0.000,0,0.000,0.000,0.000
2014-10-31,2,2.393,1.000,0.000,16,1.074,0.000,0.000,20,-0.683,1.012,1.000,0,0.000,0.000,0.000,0,0.000,0.000,0.000,0,0.000,0.000,0.000
2014-11-01,0,0.000,0.000,0.000,5,5.556,3.000,0.000,21,9.138,4.000,1.000,0,0.000,0.000,0.000,0,0.000,0.000,0.000,0,0.000,0.000,0.000
2014-11-02,0,0.000,0.000,0.000,10,6.664,5.000,0.000,36,0.755,3.368,2.000,0,0.000,0.000,0.000,1,0.000,0.000,0.000,0,0.000,0.000,0.000
2014-11-03,2,0.557,0.000,0.000,5,-1.279,0.000,1.000,28,2.392,3.188,1.368,0,0.000,0.000,0.000,3,-2.390,0.000,1.000,0,0.000,0.000,0.000
2014-11-04,2,1.570,0.000,0.000,5,-0.477,1.000,0.000,32,-1.669,3.000,5.000,1,-0.142,0.000,0.000,5,-0.284,0.000,0.000,0,0.000,0.000,0.000
2014-11-05,2,0.845,0.000,0.000,13,0.748,0.000,0.000,6,3.629,3.000,0.000,0,0.000,0.000,0.000,0,0.000,0.000,0.000,0,0.000,0.000,0.000
2014-11-06,0,0.000,0.000,0.000,15,1.106,0.000,0.001,7,2.077,0.000,0.000,1,-0.142,0.000,0.000,0,0.000,0.000,0.000,0,0.000,0.000,0.000
2014-11-07,1,0.678,0.000,0.000,1,-0.142,0.000,0.000,17,1.125,1.000,0.001,0,0.000,0.000,0.000,4,1.825,1.000,0.000,0,0.000,0.000,0.000
2014-11-08,1,0.987,0.000,0.000,7,2.703,1.000,0.000,21,1.527,3.000,1.000,0,0.000,0.000,0.000,0,0.000,0.000,0.000,0,0.000,0.000,0.000
2014-11-09,0,0.000,0.000,0.000,6,0.781,0.000,0.000,3,0.458,0.000,0.000,0,0.000,0.000,0.000,0,0.000,0.000,0.000,0,0.000,0.000,0.000
2014-11-10,0,0.000,0.000,0.000,1,1.019,1.000,0.000,7,-1.002,0.000,0.000,0,0.000,0.000,0.000,3,2.451,1.000,0.000,0,0.000,0.000,0.000
2014-11-11,1,-0.000,0.000,0.000,6,1.358,2.000,1.135,14,2.728,2.018,0.000,0,0.000,0.000,0.000,3,0.354,0.000,0.247,0,0.000,0.000,0.000
2014-11-12,2,-0.000,0.000,0.000,13,0.290,0.000,0.002,18,5.765,3.000,2.000,3,-5.129,0.000,3.000,0,0.000,0.000,0.000,0,0.000,0.000,0.000
2014-11-13,0,0.000,0.000,0.000,20,0.332,1.000,0.135,5,-0.814,0.000,0.000,0,0.000,0.000,0.000,5,-1.294,0.000,0.740,0,0.000,0.000,0.000
2014-11-14,0,0.000,0.000,0.000,3,2.876,2.000,0.000,12,4.070,1.000,0.000,0,0.000,0.000,0.000,2,0.480,0.000,0.000,0,0.000,0.000,0.000
2014-11-15,2,0.482,0.000,0.000,6,0.607,0.000,0.000,20,-0.158,2.000,1.000,0,0.000,0.000,0.000,0,0.000,0.000,0.000,0,0.000,0.000,0.000
2014-11-16,1,-0.142,0.000,0.000,3,-1.276,0.000,1.000,15,7.987,5.503,0.000,0,0.000,0.000,0.000,1,0.763,0.000,0.000,0,0.000,0.000,0.000
2014-11-17,1,-0.142,0.000,0.000,5,0.725,1.000,0.001,3,0.529,0.000,0.000,0,0.000,0.000,0.000,0,0.000,0.000,0.000,0,0.000,0.000,0.000
2014-11-18,1,-0.142,0.000,0.000,2,0.848,1.000,1.000,6,2.805,1.000,0.000,0,0.000,0.000,0.000,1,1.257,1.000,0.000,0,0.000,0.000,0.000
2014-11-19,2,0.355,0.000,0.000,6,-1.205,0.000,1.001,10,-0.735,0.000,0.000,0,0.000,0.000,0.000,0,0.000,0.000,0.000,0,0.000,0.000,0.000
2014-11-20,0,0.000,0.000,0.000,2,0.685,0.000,0.000,0,0.000,0.000,0.000,0,0.000,0.000,0.000,0,0.000,0.000,0.000,0,0.000,0.000,0.000
2014-11-21,1,-0.142,0.000,0.000,4,-1.399,1.000,1.000,7,2.075,2.000,0.000,0,0.000,0.000,0.000,2,-0.284,0.000,0.000,0,0.000,0.000,0.000
2014-11-22,2,-0.264,0.000,1.000,14,5.376,4.050,1.002,20,1.058,1.000,0.736,0,0.000,0.000,0.000,1,-0.142,0.000,0.000,0,0.000,0.000,0.000
2014-11-23,0,0.000,0.000,0.000,10,3.014,2.000,0.000,16,2.057,2.100,2.000,0,0.000,0.000,0.000,0,0.000,0.000,0.000,0,0.000,0.000,0.000
2014-11-24,0,0.000,0.000,0.000,1,-0.000,0.000,0.000,17,0.731,2.000,1.007,0,0.000,0.000,0.000,1,-0.142,0.000,0.000,0,0.000,0.000,0.000
2014-11-25,0,0.000,0.000,0.000,15,-1.300,0.000,1.000,10,2.368,2.000,0.001,1,-2.827,0.000,1.000,0,0.000,0.000,0.000,0,0.000,0.000,0.000
2014-11-26,3,-0.657,0.000,1.000,2,0.733,0.050,0.000,16,3.485,2.050,0.000,0,0.000,0.000,0.000,0,0.000,0.000,0.000,0,0.000,0.000,0.000
2014-11-27,3,2.045,1.000,0.000,5,-0.664,0.000,0.000,4,1.308,0.000,0.000,0,0.000,0.000,0.000,1,-0.142,0.000,0.000,0,0.000,0.000,0.000
2014-11-28,1,0.785,0.000,0.000,1,-0.142,0.000,0.000,13,1.065,2.000,0.000,0,0.000,0.000,0.000,1,-0.142,0.000,0.000,0,0.000,0.000,0.000
2014-11-29,0,0.000,0.000,0.000,2,0.894,1.000,0.000,17,2.134,2.000,1.000,0,0.000,0.000,0.000,2,-0.643,0.000,0.000,1,-0.469,0.000,0.000
2014-11-30,1,-0.142,0.000,0.000,8,2.499,4.000,1.000,11,-0.347,1.368,1.000,0,0.000,0.000,0.000,3,-1.122,0.000,0.000,0,0.000,0.000,0.000
2014-12-01,0,0.000,0.000,0.000,2,-0.284,0.000,0.000,11,5.174,3.000,0.000,0,0.000,0.000,0.000,0,0.000,0.000,0.000,0,0.000,0.000,0.000
2014-12-02,2,0.330,0.000,0.000,14,1.436,1.050,0.000,13,1.582,3.000,2.007,0,0.000,0.000,0.000,0,0.000,0.000,0.000,0,0.000,0.000,0.000
2014-12-03,1,-0.142,0.000,0.000,12,0.305,0.000,0.000,10,3.147,2.000,0.007,0,0.000,0.000,0.000,0,0.000,0.000,0.000,0,0.000,0.000,0.000
2014-12-04,0,0.000,0.000,0.000,5,1.920,1.000,0.000,5,1.179,1.000,0.000,0,0.000,0.000,0.000,0,0.000,0.000,0.000,0,0.000,0.000,0.000
2014-12-05,2,-1.360,0.000,1.000,0,0.000,0.000,0.000,14,-0.698,0.000,0.007,2,1.253,1.000,0.000,0,0.000,0.000,0.000,0,0.000,0.000,0.000
2014-12-06,3,-1.065,0.000,0.000,6,5.624,3.000,1.000,33,6.745,6.000,2.000,0,0.000,0.000,0.000,1,-0.142,0.000,0.000,0,0.000,0.000,0.000
2014-12-07,0,0.000,0.000,0.000,10,7.950,5.000,0.000,18,0.209,2.000,2.018,0,0.000,0.000,0.000,0,0.000,0.000,0.000,0,0.000,0.000,0.000
2014-12-08,1,-0.142,0.000,0.000,4,2.574,1.000,0.000,5,0.254,0.000,0.000,1,-0.142,0.000,0.000,0,0.000,0.000,0.000,0,0.000,0.000,0.000
2014-12-09,2,-0.579,0.000,0.000,1,0.777,0.000,0.000,9,1.088,1.000,0.000,0,0.000,0.000,0.000,0,0.000,0.000,0.000,0,0.000,0.000,0.000
2014-12-10,0,0.000,0.000,0.000,0,0.000,0.000,0.000,0,0.000,0.000,0.000,0,0.000,0.000,0.000,0,0.000,0.000,0.000,0,0.000,0.000,0.000
2014-12-11,3,-0.199,0.000,0.000,0,0.000,0.000,0.000,5,1.334,1.000,0.000,0,0.000,0.000,0.000,1,-0.142,0.000,0.000,0,0.000,0.000,0.000
2014-12-12,0,0.000,0.000,0.000,0,0.000,0.000,0.000,0,0.000,0.000,0.000,0,0.000,0.000,0.000,0,0.000,0.000,0.000,0,0.000,0.000,0.000
2014-12-13,0,0.000,0.000,0.000,2,2.674,1.000,0.000,6,0.744,2.000,1.000,0,0.000,0.000,0.000,0,0.000,0.000,0.000,0,0.000,0.000,0.000
2014-12-14,0,0.000,0.000,0.000,4,-0.980,0.000,0.000,12,-0.011,1.000,0.000,1,-1.272,0.000,1.000,1,0.618,0.000,0.000,0,0.000,0.000,0.000
2014-12-15,0,0.000,0.000,0.000,0,0.000,0.000,0.000,3,-0.584,0.000,0.000,3,-0.426,0.000,0.000,0,0.000,0.000,0.000,0,0.000,0.000,0.000
2014-12-16,0,0.000,0.000,0.000,9,2.321,0.000,0.000,3,0.928,0.000,0.000,1,1.225,1.000,0.000,0,0.000,0.000,0.000,1,-2.053,0.000,1.000
2014-12-17,0,0.000,0.000,0.000,1,-0.064,0.000,0.000,3,1.796,1.000,0.000,1,-0.142,0.000,0.000,1,-0.142,0.000,0.000,0,0.000,0.000,0.000
2014-12-18,0,0.000,0.000,0.000,1,2.216,1.000,0.000,6,0.567,0.000,0.000,1,-1.975,0.000,1.000,0,0.000,0.000,0.000,0,0.000,0.000,0.000
2014-12-19,0,0.000,0.000,0.000,1,-0.007,0.000,0.002,11,-0.455,0.135,0.000,0,0.000,0.000,0.000,0,0.000,0.000,0.000,0,0.000,0.000,0.000
2014-12-20,0,0.000,0.000,0.000,4,4.396,2.000,0.002,18,-0.597,2.000,1.000,0,0.000,0.000,0.000,1,-0.142,0.000,0.000,0,0.000,0.000,0.000
2014-12-21,0,0.000,0.000,0.000,6,-0.271,1.000,1.000,11,2.761,0.000,0.368,0,0.000,0.000,0.000,0,0.000,0.000,0.000,0,0.000,0.000,0.000
2014-12-22,0,0.000,0.000,0.000,1,-0.234,0.000,0.000,11,2.407,1.456,0.000,0,0.000,0.000,0.000,0,0.000,0.000,0.000,1,-0.142,0.000,0.000
2014-12-23,0,0.000,0.000,0.000,2,-0.620,0.000,0.000,15,7.519,2.050,0.000,0,0.000,0.000,0.000,0,0.000,0.000,0.000,0,0.000,0.000,0.000
2014-12-24,0,0.000,0.000,0.000,3,2.711,2.000,0.000,9,2.304,2.000,0.000,0,0.000,0.000,0.000,1,0.618,0.000,0.000,0,0.000,0.000,0.000
2014-12-25,0,0.000,0.000,0.000,0,0.000,0.000,0.000,0,0.000,0.000,0.000,0,0.000,0.000,0.000,0,0.000,0.000,0.000,1,0.522,0.000,0.000
2014-12-26,0,0.000,0.000,0.000,0,0.000,0.000,0.000,8,-0.373,0.000,0.000,0,0.000,0.000,0.000,0,0.000,0.000,0.000,0,0.000,0.000,0.000
2014-12-27,0,0.000,0.000,0.000,8,-0.772,1.000,2.000,18,0.321,2.000,1.000,0,0.000,0.000,0.000,0,0.000,0.000,0.000,0,0.000,0.000,0.000
2014-12-28,0,0.000,0.000,0.000,5,2.312,3.000,1.000,20,-3.321,0.000,1.000,0,0.000,0.000,0.000,0,0.000,0.000,0.000,0,0.000,0.000,0.000
2014-12-29,0,0.000,0.000,0.000,2,1.349,1.000,0.000,12,2.438,4.000,2.000,0,0.000,0.000,0.000,1,-3.036,0.000,1.000,0,0.000,0.000,0.000
2014-12-30,0,0.000,0.000,0.000,2,1.314,1.000,0.000,4,2.393,1.000,0.000,0,0.000,0.000,0.000,0,0.000,0.000,0.000,0,0.000,0.000,0.000
2014-12-31,0,0.000,0.000,0.000,7,1.190,2.000,0.000,9,-1.893,0.000,1.000,0,0.000,0.000,0.000,0,0.000,0.000,0.000,0,0.000,0.000,0.000
2015-01-01,6,1.534,1.000,0.000,7,2.760,2.000,0.000,7,0.787,1.000,0.000,0,0.000,0.000,0.000,2,-0.284,0.000,0.000,0,0.000,0.000,0.000
2015-01-02,6,-0.000,0.000,0.000,6,3.396,1.000,0.000,13,-1.109,1.000,1.135,0,0.000,0.000,0.000,1,-0.945,0.000,0.000,0,0.000,0.000,0.000
2015-01-03,14,0.000,0.000,0.000,17,-0.649,1.000,0.000,5,1.112,1.000,0.000,0,0.000,0.000,0.000,1,1.374,1.000,0.000,0,0.000,0.000,0.000
2015-01-04,3,0.000,0.000,0.000,7,2.311,2.000,0.000,9,2.006,1.000,0.000,0,0.000,0.000,0.000,0,0.000,0.000,0.000,0,0.000,0.000,0.000
2015-01-05,0,0.000,0.000,0.000,3,-1.644,0.000,1.000,5,0.180,0.000,0.000,0,0.000,0.000,0.000,0,0.000,0.000,0.000,0,0.000,0.000,0.000
2015-01-06,1,0.987,0.000,0.000,1,0.054,0.050,0.000,5,0.864,1.000,0.000,0,0.000,0.000,0.000,0,0.000,0.000,0.000,1,0.973,0.000,0.000
2015-01-07,0,0.000,0.000,0.000,5,-0.004,0.000,0.000,6,1.918,1.050,0.000,0,0.000,0.000,0.000,0,0.000,0.000,0.000,0,0.000,0.000,0.000
2015-01-08,12,-2.166,0.000,1.000,4,0.138,0.000,0.000,6,-0.007,0.000,0.000,0,0.000,0.000,0.000,0,0.000,0.000,0.000,1,-0.391,0.000,0.000
2015-01-09,2,-0.000,0.000,0.000,0,0.000,0.000,0.000,8,4.008,1.000,0.000,0,0.000,0.000,0.000,0,0.000,0.000,0.000,0,0.000,0.000,0.000
2015-01-10,3,-1.227,0.000,0.736,4,0.870,1.000,1.000,6,-0.147,0.000,0.000,0,0.000,0.000,0.000,0,0.000,0.000,0.000,0,0.000,0.000,0.000
2015-01-11,0,0.000,0.000,0.000,3,0.472,0.000,0.000,11,0.765,1.368,0.000,1,1.552,1.000,0.000,0,0.000,0.000,0.000,1,0.891,0.000,0.000
2015-01-12,0,0.000,0.000,0.000,0,0.000,0.000,0.000,9,0.110,1.000,0.135,0,0.000,0.000,0.000,0,0.000,0.000,0.000,0,0.000,0.000,0.000
2015-01-13,0,0.000,0.000,0.000,2,-0.284,0.000,0.000,5,3.584,2.135,0.007,0,0.000,0.000,0.000,0,0.000,0.000,0.000,0,0.000,0.000,0.000
2015-01-14,0,0.000,0.000,0.000,0,0.000,0.000,0.000,6,1.356,1.000,0.000,0,0.000,0.000,0.000,0,0.000,0.000,0.000,0,0.000,0.000,0.000
2015-01-15,0,0.000,0.000,0.000,5,-1.087,0.000,1.000,7,3.934,3.000,0.135,3,-1.542,0.000,1.000,0,0.000,0.000,0.000,0,0.000,0.000,0.000
2015-01-16,0,0.000,0.000,0.000,4,-0.245,0.000,0.000,6,-0.028,0.000,0.000,0,0.000,0.000,0.000,0,0.000,0.000,0.000,0,0.000,0.000,0.000
2015-01-17,0,0.000,0.000,0.000,2,0.237,0.000,0.000,19,-2.133,3.000,4.000,0,0.000,0.000,0.000,0,0.000,0.000,0.000,0,0.000,0.000,0.000
2015-01-18,0,0.000,0.000,0.000,6,-0.061,0.000,0.002,12,1.297,2.050,0.018,0,0.000,0.000,0.000,0,0.000,0.000,0.000,0,0.000,0.000,0.000
2015-01-19,0,0.000,0.000,0.000,4,-0.420,1.000,1.000,7,-0.093,0.000,0.000,0,0.000,0.000,0.000,0,0.000,0.000,0.000,0,0.000,0.000,0.000
2015-01-20,0,0.000,0.000,0.000,0,0.000,0.000,0.000,2,-0.011,0.000,0.000,0,0.000,0.000,0.000,0,0.000,0.000,0.000,0,0.000,0.000,0.000
2015-01-21,0,0.000,0.000,0.000,4,-0.284,0.000,0.000,3,-0.902,0.000,0.000,0,0.000,0.000,0.000,0,0.000,0.000,0.000,0,0.000,0.000,0.000
2015-01-22,0,0.000,0.000,0.000,4,1.335,1.000,0.000,1,-0.142,0.000,0.000,0,0.000,0.000,0.000,0,0.000,0.000,0.000,0,0.000,0.000,0.000
2015-01-23,1,-2.177,0.000,1.000,1,-0.142,0.000,0.000,6,2.293,0.000,0.000,0,0.000,0.000,0.000,0,0.000,0.000,0.000,1,1.690,1.000,0.000
2015-01-24,0,0.000,0.000,0.000,1,0.358,0.000,0.000,4,-1.186,0.000,1.000,0,0.000,0.000,0.000,0,0.000,0.000,0.000,0,0.000,0.000,0.000
2015-01-25,0,0.000,0.000,0.000,3,-0.749,0.000,0.368,2,-1.861,0.000,1.000,0,0.000,0.000,0.000,0,0.000,0.000,0.000,1,-0.142,0.000,0.000
2015-01-26,0,0.000,0.000,0.000,5,3.575,2.000,0.000,4,1.347,2.000,0.368,0,0.000,0.000,0.000,0,0.000,0.000,0.000,1,-0.142,0.000,0.000
2015-01-27,0,0.000,0.000,0.000,1,-0.654,0.000,0.000,2,0.004,0.000,0.000,1,0.792,0.000,0.000,0,0.000,0.000,0.000,1,-2.617,0.000,1.000
2015-01-28,0,0.000,0.000,0.000,1,0.000,0.000,0.000,4,-0.087,0.000,0.368,3,-0.303,0.000,1.000,0,0.000,0.000,0.000,0,0.000,0.000,0.000
2015-01-29,0,0.000,0.000,0.000,6,0.856,1.000,0.000,1,-0.003,0.000,0.000,1,2.262,1.000,0.000,0,0.000,0.000,0.000,0,0.000,0.000,0.000
2015-01-30,0,0.000,0.000,0.000,0,0.000,0.000,0.000,10,0.323,0.000,0.000,5,-0.220,0.000,0.000,0,0.000,0.000,0.000,0,0.000,0.000,0.000
2015-01-31,0,0.000,0.000,0.000,3,-0.426,0.000,0.000,9,3.859,2.000,0.000,0,0.000,0.000,0.000,0,0.000,0.000,0.000,0,0.000,0.000,0.000
2015-02-01,0,0.000,0.000,0.000,4,-0.292,0.000,0.000,11,3.869,1.368,0.000,3,-2.124,0.000,1.000,0,0.000,0.000,0.000,0,0.000,0.000,0.000
2015-02-02,0,0.000,0.000,0.000,3,0.738,0.000,0.000,1,-0.142,0.000,0.000,1,0.515,0.000,0.000,0,0.000,0.000,0.000,0,0.000,0.000,0.000
2015-02-03,2,0.631,1.000,0.000,2,1.584,1.000,0.000,1,-0.003,0.000,0.000,0,0.000,0.000,0.000,0,0.000,0.000,0.000,0,0.000,0.000,0.000
2015-02-04,1,-0.142,0.000,0.000,0,0.000,0.000,0.000,4,0.434,0.000,0.000,1,2.162,1.000,0.000,0,0.000,0.000,0.000,1,-0.142,0.000,0.000
2015-02-05,1,1.214,1.000,0.000,1,1.079,1.000,0.000,1,1.928,1.000,0.000,0,0.000,0.000,0.000,1,1.111,1.000,0.000,0,0.000,0.000,0.000
2015-02-06,2,0.518,0.000,0.000,14,-0.180,2.000,2.000,3,0.331,0.000,0.000,0,0.000,0.000,0.000,0,0.000,0.000,0.000,0,0.000,0.000,0.000
2015-02-07,2,0.923,1.000,0.000,2,-0.934,0.000,1.000,6,1.154,1.368,0.000,5,0.000,0.000,0.000,0,0.000,0.000,0.000,0,0.000,0.000,0.000
2015-02-08,2,-0.789,0.000,0.000,3,2.584,1.000,0.000,7,3.478,1.368,0.000,0,0.000,0.000,0.000,0,0.000,0.000,0.000,0,0.000,0.000,0.000
2015-02-09,0,0.000,0.000,0.000,0,0.000,0.000,0.000,3,-0.341,0.000,0.000,0,0.000,0.000,0.000,0,0.000,0.000,0.000,1,-0.831,0.000,0.000
2015-02-10,2,1.988,1.000,0.000,1,0.163,0.000,0.000,7,-0.698,0.000,0.000,4,-1.769,0.000,1.000,0,0.000,0.000,0.000,0,0.000,0.000,0.000
2015-02-11,3,-0.426,0.000,0.000,4,-3.762,0.000,2.000,6,1.055,0.368,0.000,1,-0.142,0.000,0.000,0,0.000,0.000,0.000,1,-0.735,0.000,0.000
2015-02-12,1,1.065,1.000,0.000,1,2.070,1.000,0.000,3,0.390,0.000,0.000,0,0.000,0.000,0.000,0,0.000,0.000,0.000,0,0.000,0.000,0.000
2015-02-13,10,-0.426,0.000,0.000,2,3.015,1.000,0.000,4,-0.568,0.000,0.000,0,0.000,0.000,0.000,1,0.046,0.000,0.000,0,0.000,0.000,0.000
2015-02-14,14,6.508,4.000,0.000,0,0.000,0.000,0.000,11,-1.630,0.368,1.135,0,0.000,0.000,0.000,0,0.000,0.000,0.000,0,0.000,0.000,0.000
2015-02-15,8,-0.142,0.000,0.000,4,1.030,0.736,0.000,7,2.514,2.050,0.000,0,0.000,0.000,0.000,0,0.000,0.000,0.000,3,-1.889,0.000,1.000
2015-02-16,5,0.000,0.000,0.000,1,-0.142,0.000,0.000,5,0.659,0.000,0.018,0,0.000,0.000,0.000,0,0.000,0.000,0.000,0,0.000,0.000,0.000
2015-02-17,0,0.000,0.000,0.000,7,-0.016,1.000,2.000,2,0.082,0.000,0.000,1,-0.796,0.000,0.000,0,0.000,0.000,0.000,0,0.000,0.000,0.000
2015-02-18,1,-0.142,0.000,0.000,2,-0.908,0.000,0.368,5,0.519,0.503,0.000,0,0.000,0.000,0.000,0,0.000,0.000,0.000,0,0.000,0.000,0.000
2015-02-19,3,2.503,1.000,0.000,3,-1.410,0.000,0.368,3,-0.287,0.000,0.000,0,0.000,0.000,0.000,0,0.000,0.000,0.000,0,0.000,0.000,0.000
2015-02-20,1,-0.142,0.000,0.000,1,-0.142,0.000,0.000,11,0.600,0.050,0.000,0,0.000,0.000,0.000,0,0.000,0.000,0.000,0,0.000,0.000,0.000
2015-02-21,2,0.234,0.000,0.000,6,-0.878,2.000,1.000,11,3.998,2.050,0.000,0,0.000,0.000,0.000,0,0.000,0.000,0.000,0,0.000,0.000,0.000
2015-02-22,4,2.517,2.000,0.000,3,0.525,0.000,0.000,11,-1.973,1.000,1.368,0,0.000,0.000,0.000,0,0.000,0.000,0.000,0,0.000,0.000,0.000
2015-02-23,2,-2.003,0.000,1.000,3,0.724,0.000,0.000,4,2.790,1.000,0.000,1,-1.037,0.000,1.000,0,0.000,0.000,0.000,1,-0.647,0.000,0.000
2015-02-24,0,0.000,0.000,0.000,0,0.000,0.000,0.000,5,-0.539,0.000,0.000,0,0.000,0.000,0.000,0,0.000,0.000,0.000,0,0.000,0.000,0.000
2015-02-25,1,-0.142,0.000,0.000,2,-1.708,0.000,1.000,8,-2.564,0.000,2.000,0,0.000,0.000,0.000,0,0.000,0.000,0.000,0,0.000,0.000,0.000
2015-02-26,2,0.863,1.000,0.000,5,1.882,1.000,1.000,7,0.079,0.018,0.000,1,-0.142,0.000,0.000,0,0.000,0.000,0.000,0,0.000,0.000,0.000
2015-02-27,0,0.000,0.000,0.000,1,0.557,0.000,0.000,18,-0.102,2.135,2.000,0,0.000,0.000,0.000,0,0.000,0.000,0.000,0,0.000,0.000,0.000
2015-02-28,0,0.000,0.000,0.000,0,0.000,0.000,0.000,0,0.000,0.000,0.000,0,0.000,0.000,0.000,0,0.000,0.000,0.000,0,0.000,0.000,0.000
2015-03-01,2,-0.185,0.000,0.000,0,0.000,0.000,0.000,11,3.103,2.000,0.000,0,0.000,0.000,0.000,0,0.000,0.000,0.000,0,0.000,0.000,0.000
2015-03-02,2,-0.284,0.000,0.000,2,-0.284,0.000,0.000,6,-1.776,0.000,1.018,1,-0.923,0.000,0.000,0,0.000,0.000,0.000,0,0.000,0.000,0.000
2015-03-03,2,-0.284,0.000,0.000,2,-0.674,0.000,0.000,5,1.343,1.000,0.000,0,0.000,0.000,0.000,0,0.000,0.000,0.000,0,0.000,0.000,0.000
2015-03-04,3,1.963,1.000,0.000,2,3.714,1.000,0.000,5,1.674,1.000,0.000,0,0.000,0.000,0.000,0,0.000,0.000,0.000,0,0.000,0.000,0.000
2015-03-05,1,-0.142,0.000,0.000,1,-0.142,0.000,0.000,1,1.225,1.000,0.000,0,0.000,0.000,0.000,0,0.000,0.000,0.000,0,0.000,0.000,0.000
2015-03-06,0,0.000,0.000,0.000,2,1.129,1.000,0.000,10,-0.063,1.000,0.000,0,0.000,0.000,0.000,0,0.000,0.000,0.000,0,0.000,0.000,0.000
2015-03-07,2,-0.061,1.000,1.000,0,0.000,0.000,0.000,9,4.374,2.000,1.000,0,0.000,0.000,0.000,0,0.000,0.000,0.000,0,0.000,0.000,0.000
2015-03-08,2,-0.284,0.000,0.000,3,0.387,1.000,1.000,11,-0.509,2.000,1.000,0,0.000,0.000,0.000,0,0.000,0.000,0.000,0,0.000,0.000,0.000
2015-03-09,1,0.437,0.000,0.000,2,-0.270,0.000,0.000,4,0.605,0.000,0.000,0,0.000,0.000,0.000,0,0.000,0.000,0.000,0,0.000,0.000,0.000
2015-03-10,1,-0.142,0.000,0.000,1,-0.142,0.000,0.000,3,0.642,0.000,0.000,0,0.000,0.000,0.000,0,0.000,0.000,0.000,0,0.000,0.000,0.000
2015-03-11,1,-0.142,0.000,0.000,1,-0.000,0.000,0.000,3,1.155,1.000,0.000,0,0.000,0.000,0.000,0,0.000,0.000,0.000,0,0.000,0.000,0.000
2015-03-12,0,0.000,0.000,0.000,1,0.284,0.000,0.000,3,1.278,1.000,0.000,0,0.000,0.000,0.000,0,0.000,0.000,0.000,0,0.000,0.000,0.000
2015-03-13,0,0.000,0.000,0.000,0,0.000,0.000,0.000,8,2.006,2.000,1.000,0,0.000,0.000,0.000,0,0.000,0.000,0.000,0,0.000,0.000,0.000
2015-03-14,3,0.905,1.000,0.000,15,8.588,3.000,0.000,4,-0.568,0.000,0.000,0,0.000,0.000,0.000,0,0.000,0.000,0.000,0,0.000,0.000,0.000
2015-03-15,2,-0.206,0.000,0.000,6,5.840,4.000,0.000,7,1.051,1.135,0.000,0,0.000,0.000,0.000,0,0.000,0.000,0.000,0,0.000,0.000,0.000
2015-03-16,0,0.000,0.000,0.000,1,-0.735,0.000,0.000,6,0.295,1.000,0.000,2,-0.401,0.000,0.000,0,0.000,0.000,0.000,0,0.000,0.000,0.000
2015-03-17,1,-0.142,0.000,0.000,3,-0.491,1.000,1.000,3,-1.108,0.000,0.000,1,-0.142,0.000,0.000,0,0.000,0.000,0.000,0,0.000,0.000,0.000
2015-03-18,2,-0.952,0.000,0.000,1,2.475,1.000,0.000,3,-0.377,0.000,0.000,0,0.000,0.000,0.000,0,0.000,0.000,0.000,0,0.000,0.000,0.000
2015-03-19,0,0.000,0.000,0.000,4,-0.224,0.000,0.000,1,-0.003,0.000,0.000,0,0.000,0.000,0.000,0,0.000,0.000,0.000,0,0.000,0.000,0.000
2015-03-20,1,-0.142,0.000,0.000,1,-0.671,0.000,0.000,8,-1.295,0.000,0.000,0,0.000,0.000,0.000,0,0.000,0.000,0.000,0,0.000,0.000,0.000
2015-03-21,0,0.000,0.000,0.000,6,0.656,0.000,0.000,10,-0.188,1.000,0.000,0,0.000,0.000,0.000,0,0.000,0.000,0.000,0,0.000,0.000,0.000
2015-03-22,1,0.951,0.000,0.000,6,-1.393,1.000,1.000,14,-1.310,1.135,1.007,0,0.000,0.000,0.000,0,0.000,0.000,0.000,0,0.000,0.000,0.000
2015-03-23,0,0.000,0.000,0.000,0,0.000,0.000,0.000,1,1.207,1.000,0.000,1,1.399,1.000,0.000,0,0.000,0.000,0.000,0,0.000,0.000,0.000
2015-03-24,0,0.000,0.000,0.000,0,0.000,0.000,0.000,0,0.000,0.000,0.000,0,0.000,0.000,0.000,0,0.000,0.000,0.000,0,0.000,0.000,0.000
2015-03-25,1,-0.142,0.000,0.000,0,0.000,0.000,0.000,5,0.984,1.000,0.000,0,0.000,0.000,0.000,0,0.000,0.000,0.000,0,0.000,0.000,0.000
2015-03-26,0,0.000,0.000,0.000,0,0.000,0.000,0.000,13,-2.260,0.000,0.000,0,0.000,0.000,0.000,0,0.000,0.000,0.000,0,0.000,0.000,0.000
2015-03-27,0,0.000,0.000,0.000,1,-0.142,0.000,0.000,4,3.707,2.000,0.000,0,0.000,0.000,0.000,0,0.000,0.000,0.000,0,0.000,0.000,0.000
2015-03-28,1,-0.561,0.000,0.000,2,3.128,2.000,0.000,8,1.193,1.000,0.000,0,0.000,0.000,0.000,0,0.000,0.000,0.000,0,0.000,0.000,0.000
2015-03-29,0,0.000,0.000,0.000,1,-0.142,0.000,0.000,3,0.667,0.000,0.000,0,0.000,0.000,0.000,0,0.000,0.000,0.000,0,0.000,0.000,0.000
2015-03-30,0,0.000,0.000,0.000,0,0.000,0.000,0.000,0,0.000,0.000,0.000,0,0.000,0.000,0.000,0,0.000,0.000,0.000,0,0.000,0.000,0.000
2015-03-31,0,0.000,0.000,0.000,0,0.000,0.000,0.000,0,0.000,0.000,0.000,0,0.000,0.000,0.000,0,0.000,0.000,0.000,0,0.000,0.000,0.000
2015-04-01,0,0.000,0.000,0.000,0,0.000,0.000,0.000,0,0.000,0.000,0.000,0,0.000,0.000,0.000,0,0.000,0.000,0.000,0,0.000,0.000,0.000
2015-04-02,0,0.000,0.000,0.000,1,0.735,0.000,0.000,1,0.788,0.368,0.000,0,0.000,0.000,0.000,0,0.000,0.000,0.000,0,0.000,0.000,0.000
2015-04-03,0,0.000,0.000,0.000,0,0.000,0.000,0.000,5,4.609,1.000,0.000,0,0.000,0.000,0.000,0,0.000,0.000,0.000,0,0.000,0.000,0.000
2015-04-04,1,1.378,1.000,0.000,0,0.000,0.000,0.000,0,0.000,0.000,0.000,0,0.000,0.000,0.000,0,0.000,0.000,0.000,0,0.000,0.000,0.000
2015-04-05,0,0.000,0.000,0.000,0,0.000,0.000,0.000,1,-0.142,0.000,0.000,0,0.000,0.000,0.000,0,0.000,0.000,0.000,0,0.000,0.000,0.000
2015-04-06,0,0.000,0.000,0.000,0,0.000,0.000,0.000,0,0.000,0.000,0.000,0,0.000,0.000,0.000,0,0.000,0.000,0.000,0,0.000,0.000,0.000
2015-04-07,1,-0.142,0.000,0.000,0,0.000,0.000,0.000,1,-0.142,0.000,0.000,0,0.000,0.000,0.000,0,0.000,0.000,0.000,0,0.000,0.000,0.000
2015-04-08,3,0.781,0.000,0.000,2,0.270,0.000,0.000,13,0.361,1.000,0.000,0,0.000,0.000,0.000,0,0.000,0.000,0.000,0,0.000,0.000,0.000
2015-04-09,2,-0.579,0.000,0.000,1,-0.142,0.000,0.000,8,1.693,1.104,0.000,0,0.000,0.000,0.000,0,0.000,0.000,0.000,2,-0.473,1.000,1.000
2015-04-10,3,2.254,2.000,0.000,1,1.520,1.000,0.000,3,0.003,0.000,0.000,0,0.000,0.000,0.000,0,0.000,0.000,0.000,0,0.000,0.000,0.000
2015-04-11,0,0.000,0.000,0.000,0,0.000,0.000,0.000,0,0.000,0.000,0.000,0,0.000,0.000,0.000,0,0.000,0.000,0.000,0,0.000,0.000,0.000
2015-04-12,0,0.000,0.000,0.000,0,0.000,0.000,0.000,0,0.000,0.000,0.000,0,0.000,0.000,0.000,0,0.000,0.000,0.000,0,0.000,0.000,0.000
2015-04-13,0,0.000,0.000,0.000,0,0.000,0.000,0.000,2,-0.142,0.000,0.000,0,0.000,0.000,0.000,0,0.000,0.000,0.000,0,0.000,0.000,0.000
2015-04-14,0,0.000,0.000,0.000,0,0.000,0.000,0.000,0,0.000,0.000,0.000,0,0.000,0.000,0.000,0,0.000,0.000,0.000,0,0.000,0.000,0.000
2015-04-15,0,0.000,0.000,0.000,1,-0.142,0.000,0.000,0,0.000,0.000,0.000,0,0.000,0.000,0.000,0,0.000,0.000,0.000,0,0.000,0.000,0.000
2015-04-16,0,0.000,0.000,0.000,1,1.474,1.000,0.000,0,0.000,0.000,0.000,0,0.000,0.000,0.000,0,0.000,0.000,0.000,0,0.000,0.000,0.000
2015-04-17,0,0.000,0.000,0.000,0,0.000,0.000,0.000,0,0.000,0.000,0.000,0,0.000,0.000,0.000,0,0.000,0.000,0.000,0,0.000,0.000,0.000
2015-04-18,0,0.000,0.000,0.000,1,1.271,1.000,0.000,1,0.976,0.000,0.000,0,0.000,0.000,0.000,0,0.000,0.000,0.000,0,0.000,0.000,0.000
2015-04-19,0,0.000,0.000,0.000,2,-1.722,0.000,1.000,0,0.000,0.000,0.000,0,0.000,0.000,0.000,0,0.000,0.000,0.000,0,0.000,0.000,0.000
2015-04-20,0,0.000,0.000,0.000,0,0.000,0.000,0.000,1,-0.142,0.000,0.000,0,0.000,0.000,0.000,0,0.000,0.000,0.000,0,0.000,0.000,0.000
2015-04-21,3,0.926,0.000,0.000,4,1.796,0.000,0.000,6,3.992,3.368,0.000,0,0.000,0.000,0.000,0,0.000,0.000,0.000,0,0.000,0.000,0.000
2015-04-22,2,-0.284,0.000,0.000,3,0.784,1.000,0.000,12,-6.351,0.000,2.736,0,0.000,0.000,0.000,0,0.000,0.000,0.000,2,-1.861,0.000,1.000
2015-04-23,0,0.000,0.000,0.000,0,0.000,0.000,0.000,0,0.000,0.000,0.000,0,0.000,0.000,0.000,0,0.000,0.000,0.000,0,0.000,0.000,0.000
2015-04-24,0,0.000,0.000,0.000,3,0.082,0.000,0.000,1,-0.142,0.000,0.000,1,-0.142,0.000,0.000,0,0.000,0.000,0.000,0,0.000,0.000,0.000
2015-04-25,5,0.482,0.000,0.000,8,2.956,1.000,0.000,8,1.392,1.000,0.000,0,0.000,0.000,0.000,0,0.000,0.000,0.000,1,-0.142,0.000,0.000
2015-04-26,1,1.917,1.000,0.000,4,0.522,0.000,0.000,16,0.408,1.368,2.000,0,0.000,0.000,0.000,0,0.000,0.000,0.000,0,0.000,0.000,0.000
2015-04-27,2,0.809,0.000,0.000,2,2.802,1.000,0.000,2,-0.387,0.000,0.000,0,0.000,0.000,0.000,0,0.000,0.000,0.000,1,-0.142,0.000,0.000
2015-04-28,1,-0.870,0.000,0.000,2,0.493,0.000,0.000,4,2.971,1.000,0.000,0,0.000,0.000,0.000,0,0.000,0.000,0.000,0,0.000,0.000,0.000
2015-04-29,1,-1.850,0.000,1.000,1,-0.142,0.000,0.000,5,-0.379,0.000,0.000,0,0.000,0.000,0.000,0,0.000,0.000,0.000,0,0.000,0.000,0.000
2015-04-30,3,1.861,1.000,0.000,2,-0.284,0.000,0.000,3,0.728,0.000,0.000,1,0.000,0.000,0.000,0,0.000,0.000,0.000,0,0.000,0.000,0.000
2015-05-01,0,0.000,0.000,0.000,0,0.000,0.000,0.000,11,-2.522,0.000,2.000,0,0.000,0.000,0.000,0,0.000,0.000,0.000,0,0.000,0.000,0.000
2015-05-02,0,0.000,0.000,0.000,2,-0.284,0.000,0.000,2,-1.488,0.000,1.000,0,0.000,0.000,0.000,0,0.000,0.000,0.000,0,0.000,0.000,0.000
2015-05-03,1,1.459,1.000,0.000,1,1.750,1.000,0.000,1,-1.176,0.000,1.000,0,0.000,0.000,0.000,0,0.000,0.000,0.000,0,0.000,0.000,0.000
2015-05-04,0,0.000,0.000,0.000,0,0.000,0.000,0.000,1,-0.142,0.000,0.000,0,0.000,0.000,0.000,0,0.000,0.000,0.000,0,0.000,0.000,0.000
2015-05-05,1,-0.142,0.000,0.000,0,0.000,0.000,0.000,0,0.000,0.000,0.000,0,0.000,0.000,0.000,0,0.000,0.000,0.000,0,0.000,0.000,0.000
2015-05-06,0,0.000,0.000,0.000,0,0.000,0.000,0.000,0,0.000,0.000,0.000,0,0.000,0.000,0.000,0,0.000,0.000,0.000,0,0.000,0.000,0.000
2015-05-07,0,0.000,0.000,0.000,0,0.000,0.000,0.000,2,-0.151,0.000,0.000,0,0.000,0.000,0.000,0,0.000,0.000,0.000,0,0.000,0.000,0.000
2015-05-08,0,0.000,0.000,0.000,0,0.000,0.000,0.000,0,0.000,0.000,0.000,0,0.000,0.000,0.000,0,0.000,0.000,0.000,0,0.000,0.000,0.000
2015-05-09,0,0.000,0.000,0.000,0,0.000,0.000,0.000,0,0.000,0.000,0.000,0,0.000,0.000,0.000,0,0.000,0.000,0.000,0,0.000,0.000,0.000
2015-05-10,0,0.000,0.000,0.000,0,0.000,0.000,0.000,0,0.000,0.000,0.000,0,0.000,0.000,0.000,0,0.000,0.000,0.000,0,0.000,0.000,0.000
2015-05-11,0,0.000,0.000,0.000,0,0.000,0.000,0.000,0,0.000,0.000,0.000,0,0.000,0.000,0.000,0,0.000,0.000,0.000,0,0.000,0.000,0.000
2015-05-12,0,0.000,0.000,0.000,0,0.000,0.000,0.000,1,0.845,0.000,0.000,0,0.000,0.000,0.000,0,0.000,0.000,0.000,0,0.000,0.000,0.000
2015-05-13,1,0.834,0.000,0.000,0,0.000,0.000,0.000,0,0.000,0.000,0.000,0,0.000,0.000,0.000,0,0.000,0.000,0.000,0,0.000,0.000,0.000
2015-05-14,1,-0.142,0.000,0.000,0,0.000,0.000,0.000,0,0.000,0.000,0.000,0,0.000,0.000,0.000,0,0.000,0.000,0.000,0,0.000,0.000,0.000
2015-05-15,1,-0.142,0.000,0.000,1,0.841,0.000,0.000,1,0.427,0.368,0.000,0,0.000,0.000,0.000,0,0.000,0.000,0.000,0,0.000,0.000,0.000
2015-05-16,0,0.000,0.000,0.000,0,0.000,0.000,0.000,2,0.873,0.000,0.000,0,0.000,0.000,0.000,0,0.000,0.000,0.000,0,0.000,0.000,0.000
2015-05-17,2,0.887,0.000,0.000,0,0.000,0.000,0.000,1,-0.142,0.000,0.000,0,0.000,0.000,0.000,0,0.000,0.000,0.000,0,0.000,0.000,0.000
2015-05-18,1,-0.142,0.000,0.000,1,0.760,0.000,0.000,7,-0.051,0.000,0.000,1,-1.126,0.000,1.000,0,0.000,0.000,0.000,0,0.000,0.000,0.000
2015-05-19,1,-0.142,0.000,0.000,0,0.000,0.000,0.000,0,0.000,0.000,0.000,0,0.000,0.000,0.000,0,0.000,0.000,0.000,0,0.000,0.000,0.000
2015-05-20,0,0.000,0.000,0.000,0,0.000,0.000,0.000,0,0.000,0.000,0.000,0,0.000,0.000,0.000,0,0.000,0.000,0.000,0,0.000,0.000,0.000
2015-05-21,5,0.138,0.000,0.000,0,0.000,0.000,0.000,1,-0.142,0.000,0.000,1,0.657,0.000,0.000,0,0.000,0.000,0.000,1,-0.142,0.000,0.000
2015-05-22,2,0.536,0.000,0.000,2,-0.284,0.000,0.000,5,2.354,1.000,0.000,1,0.635,0.000,0.000,0,0.000,0.000,0.000,0,0.000,0.000,0.000
2015-05-23,3,1.840,1.000,0.000,6,0.625,1.000,0.000,6,0.685,1.000,0.000,0,0.000,0.000,0.000,0,0.000,0.000,0.000,0,0.000,0.000,0.000
2015-05-24,4,-0.146,0.000,0.000,1,1.349,1.000,0.000,6,0.751,1.000,0.000,0,0.000,0.000,0.000,0,0.000,0.000,0.000,0,0.000,0.000,0.000
2015-05-25,8,2.773,0.135,0.000,4,2.634,1.000,0.000,7,2.836,3.000,0.000,1,2.581,1.000,0.000,0,0.000,0.000,0.000,0,0.000,0.000,0.000
2015-05-26,0,0.000,0.000,0.000,2,-0.284,0.000,0.000,0,0.000,0.000,0.000,0,0.000,0.000,0.000,0,0.000,0.000,0.000,0,0.000,0.000,0.000
2015-05-27,0,0.000,0.000,0.000,0,0.000,0.000,0.000,0,0.000,0.000,0.000,0,0.000,0.000,0.000,0,0.000,0.000,0.000,0,0.000,0.000,0.000
2015-05-28,0,0.000,0.000,0.000,0,0.000,0.000,0.000,0,0.000,0.000,0.000,0,0.000,0.000,0.000,0,0.000,0.000,0.000,0,0.000,0.000,0.000
2015-05-29,0,0.000,0.000,0.000,0,0.000,0.000,0.000,0,0.000,0.000,0.000,0,0.000,0.000,0.000,0,0.000,0.000,0.000,0,0.000,0.000,0.000
2015-05-30,0,0.000,0.000,0.000,0,0.000,0.000,0.000,0,0.000,0.000,0.000,0,0.000,0.000,0.000,0,0.000,0.000,0.000,0,0.000,0.000,0.000
2015-05-31,0,0.000,0.000,0.000,0,0.000,0.000,0.000,0,0.000,0.000,0.000,0,0.000,0.000,0.000,0,0.000,0.000,0.000,0,0.000,0.000,0.000
2015-06-01,3,0.586,0.000,0.000,4,0.117,0.000,0.000,1,-1.403,0.000,1.000,1,1.928,1.000,0.000,0,0.000,0.000,0.000,0,0.000,0.000,0.000
2015-06-02,2,-1.041,0.000,0.000,1,-1.030,0.000,1.000,8,4.161,2.000,0.000,0,0.000,0.000,0.000,0,0.000,0.000,0.000,0,0.000,0.000,0.000
2015-06-03,1,-0.142,0.000,0.000,3,3.210,1.000,0.000,4,-2.096,1.000,1.000,1,0.724,0.000,0.000,0,0.000,0.000,0.000,0,0.000,0.000,0.000
2015-06-04,6,4.017,3.000,0.000,1,0.813,0.000,0.000,1,0.728,0.000,0.000,0,0.000,0.000,0.000,0,0.000,0.000,0.000,0,0.000,0.000,0.000
2015-06-05,4,2.294,1.000,0.000,3,0.508,0.000,0.000,6,1.701,2.000,1.000,0,0.000,0.000,0.000,0,0.000,0.000,0.000,0,0.000,0.000,0.000
2015-06-06,5,2.628,2.000,0.000,4,2.336,1.000,0.000,6,2.986,2.000,0.000,0,0.000,0.000,0.000,0,0.000,0.000,0.000,0,0.000,0.000,0.000
2015-06-07,4,-2.572,0.000,1.000,1,-0.142,0.000,0.000,8,1.708,1.000,0.000,0,0.000,0.000,0.000,0,0.000,0.000,0.000,0,0.000,0.000,0.000
2015-06-08,5,1.626,1.000,0.000,3,2.511,2.000,0.000,5,0.689,1.000,0.000,0,0.000,0.000,0.000,0,0.000,0.000,0.000,0,0.000,0.000,0.000
2015-06-09,3,-0.426,0.000,0.000,2,2.258,2.000,0.000,3,2.162,1.000,0.000,0,0.000,0.000,0.000,0,0.000,0.000,0.000,0,0.000,0.000,0.000
2015-06-10,0,0.000,0.000,0.000,0,0.000,0.000,0.000,0,0.000,0.000,0.000,0,0.000,0.000,0.000,0,0.000,0.000,0.000,0,0.000,0.000,0.000
2015-06-11,1,-0.142,0.000,0.000,0,0.000,0.000,0.000,8,1.499,2.000,1.000,0,0.000,0.000,0.000,0,0.000,0.000,0.000,0,0.000,0.000,0.000
2015-06-12,0,0.000,0.000,0.000,0,0.000,0.000,0.000,0,0.000,0.000,0.000,0,0.000,0.000,0.000,0,0.000,0.000,0.000,0,0.000,0.000,0.000
2015-06-13,0,0.000,0.000,0.000,0,0.000,0.000,0.000,0,0.000,0.000,0.000,0,0.000,0.000,0.000,0,0.000,0.000,0.000,0,0.000,0.000,0.000
2015-06-14,0,0.000,0.000,0.000,0,0.000,0.000,0.000,0,0.000,0.000,0.000,0,0.000,0.000,0.000,0,0.000,0.000,0.000,0,0.000,0.000,0.000
2015-06-15,0,0.000,0.000,0.000,1,-0.955,0.000,0.000,2,0.139,0.000,0.000,0,0.000,0.000,0.000,0,0.000,0.000,0.000,0,0.000,0.000,0.000
2015-06-16,0,0.000,0.000,0.000,0,0.000,0.000,0.000,0,0.000,0.000,0.000,0,0.000,0.000,0.000,0,0.000,0.000,0.000,0,0.000,0.000,0.000
2015-06-17,0,0.000,0.000,0.000,0,0.000,0.000,0.000,0,0.000,0.000,0.000,0,0.000,0.000,0.000,0,0.000,0.000,0.000,0,0.000,0.000,0.000
2015-06-18,0,0.000,0.000,0.000,1,1.864,1.000,0.000,1,-0.142,0.000,0.000,0,0.000,0.000,0.000,0,0.000,0.000,0.000,0,0.000,0.000,0.000
2015-06-19,0,0.000,0.000,0.000,0,0.000,0.000,0.000,1,-0.142,0.000,0.000,0,0.000,0.000,0.000,0,0.000,0.000,0.000,0,0.000,0.000,0.000
2015-06-20,0,0.000,0.000,0.000,0,0.000,0.000,0.000,1,1.040,1.000,0.000,0,0.000,0.000,0.000,0,0.000,0.000,0.000,0,0.000,0.000,0.000
2015-06-21,0,0.000,0.000,0.000,0,0.000,0.000,0.000,1,0.820,0.000,0.000,0,0.000,0.000,0.000,0,0.000,0.000,0.000,0,0.000,0.000,0.000
2015-06-22,0,0.000,0.000,0.000,0,0.000,0.000,0.000,0,0.000,0.000,0.000,0,0.000,0.000,0.000,0,0.000,0.000,0.000,0,0.000,0.000,0.000
2015-06-23,0,0.000,0.000,0.000,1,1.580,1.000,0.000,0,0.000,0.000,0.000,0,0.000,0.000,0.000,0,0.000,0.000,0.000,0,0.000,0.000,0.000
2015-06-24,0,0.000,0.000,0.000,0,0.000,0.000,0.000,2,-0.284,0.000,0.000,0,0.000,0.000,0.000,0,0.000,0.000,0.000,0,0.000,0.000,0.000
2015-06-25,1,-0.142,0.000,0.000,0,0.000,0.000,0.000,1,-0.142,0.000,0.000,0,0.000,0.000,0.000,0,0.000,0.000,0.000,0,0.000,0.000,0.000
2015-06-26,0,0.000,0.000,0.000,0,0.000,0.000,0.000,1,-0.068,0.000,0.000,0,0.000,0.000,0.000,0,0.000,0.000,0.000,0,0.000,0.000,0.000
2015-06-27,2,-0.284,0.000,0.000,2,0.962,1.000,0.000,6,1.280,1.135,0.000,0,0.000,0.000,0.000,0,0.000,0.000,0.000,0,0.000,0.000,0.000
2015-06-28,3,0.085,0.000,0.000,2,-0.284,0.000,0.000,9,-1.804,0.000,1.000,0,0.000,0.000,0.000,1,-0.142,0.000,0.000,0,0.000,0.000,0.000
2015-06-29,3,0.699,0.000,0.000,2,1.342,1.000,0.000,3,0.565,0.000,0.000,0,0.000,0.000,0.000,0,0.000,0.000,0.000,0,0.000,0.000,0.000
2015-06-30,1,-0.142,0.000,0.000,1,1.118,1.000,0.000,4,2.013,1.000,0.000,0,0.000,0.000,0.000,0,0.000,0.000,0.000,0,0.000,0.000,0.000
2015-07-01,0,0.000,0.000,0.000,0,0.000,0.000,0.000,6,0.408,0.000,0.000,0,0.000,0.000,0.000,0,0.000,0.000,0.000,0,0.000,0.000,0.000
2015-07-02,0,0.000,0.000,0.000,4,0.852,1.000,0.000,5,2.279,0.000,0.000,0,0.000,0.000,0.000,0,0.000,0.000,0.000,0,0.000,0.000,0.000
2015-07-03,0,0.000,0.000,0.000,1,1.037,1.000,0.000,7,0.873,1.000,0.000,0,0.000,0.000,0.000,0,0.000,0.000,0.000,0,0.000,0.000,0.000
2015-07-04,3,-0.426,0.000,0.000,4,3.703,2.000,0.000,7,0.057,0.000,0.000,0,0.000,0.000,0.000,0,0.000,0.000,0.000,0,0.000,0.000,0.000
2015-07-05,2,-0.284,0.000,0.000,4,6.029,4.000,0.000,7,3.082,1.000,0.000,0,0.000,0.000,0.000,0,0.000,0.000,0.000,0,0.000,0.000,0.000
2015-07-06,2,-0.142,0.000,0.000,3,0.266,0.000,0.000,1,1.300,1.000,0.000,0,0.000,0.000,0.000,0,0.000,0.000,0.000,0,0.000,0.000,0.000
2015-07-07,1,-0.142,0.000,0.000,2,1.207,1.000,0.000,6,1.842,1.000,1.000,0,0.000,0.000,0.000,0,0.000,0.000,0.000,0,0.000,0.000,0.000
2015-07-08,0,0.000,0.000,0.000,2,-0.764,0.000,0.000,4,0.916,0.000,0.000,0,0.000,0.000,0.000,0,0.000,0.000,0.000,0,0.000,0.000,0.000
2015-07-09,0,0.000,0.000,0.000,2,-0.284,0.000,0.000,1,1.040,1.000,0.000,0,0.000,0.000,0.000,0,0.000,0.000,0.000,0,0.000,0.000,0.000
2015-07-10,1,-0.142,0.000,0.000,2,-0.700,0.000,0.000,5,0.533,1.000,0.000,0,0.000,0.000,0.000,0,0.000,0.000,0.000,0,0.000,0.000,0.000
2015-07-11,1,0.497,0.000,0.000,3,2.570,2.000,0.000,10,0.298,2.368,2.000,0,0.000,0.000,0.000,0,0.000,0.000,0.000,0,0.000,0.000,0.000
2015-07-12,0,0.000,0.000,0.000,3,0.451,0.000,0.000,13,-0.196,0.000,0.000,0,0.000,0.000,0.000,0,0.000,0.000,0.000,0,0.000,0.000,0.000
2015-07-13,1,0.000,0.000,0.000,1,-0.991,0.000,0.000,5,2.407,2.000,0.000,0,0.000,0.000,0.000,0,0.000,0.000,0.000,0,0.000,0.000,0.000
2015-07-14,1,-0.142,0.000,0.000,3,-1.556,0.000,1.000,3,-0.075,0.050,0.000,0,0.000,0.000,0.000,0,0.000,0.000,0.000,0,0.000,0.000,0.000
2015-07-15,0,0.000,0.000,0.000,4,0.426,0.000,0.000,4,1.274,1.000,0.000,0,0.000,0.000,0.000,0,0.000,0.000,0.000,0,0.000,0.000,0.000
2015-07-16,0,0.000,0.000,0.000,5,4.605,2.368,0.000,3,0.755,0.000,0.000,1,1.541,1.000,0.000,0,0.000,0.000,0.000,0,0.000,0.000,0.000
2015-07-17,0,0.000,0.000,0.000,1,-0.142,0.000,0.000,6,0.369,1.000,0.000,0,0.000,0.000,0.000,0,0.000,0.000,0.000,0,0.000,0.000,0.000
2015-07-18,1,0.792,0.000,0.000,21,6.529,4.736,1.000,12,0.305,2.000,0.000,0,0.000,0.000,0.000,0,0.000,0.000,0.000,0,0.000,0.000,0.000
2015-07-19,3,-0.426,0.000,0.000,5,0.458,1.000,0.000,4,0.117,0.000,0.000,0,0.000,0.000,0.000,0,0.000,0.000,0.000,0,0.000,0.000,0.000
2015-07-20,1,0.600,0.000,0.000,1,-1.772,0.000,1.000,5,0.792,0.000,0.000,0,0.000,0.000,0.000,0,0.000,0.000,0.000,0,0.000,0.000,0.000
2015-07-21,0,0.000,0.000,0.000,3,2.308,1.000,0.000,5,0.006,0.000,0.000,0,0.000,0.000,0.000,0,0.000,0.000,0.000,0,0.000,0.000,0.000
2015-07-22,0,0.000,0.000,0.000,2,-0.284,0.000,0.000,12,6.539,5.000,1.000,0,0.000,0.000,0.000,0,0.000,0.000,0.000,0,0.000,0.000,0.000
2015-07-23,1,-0.142,0.000,0.000,0,0.000,0.000,0.000,9,-1.278,0.000,0.000,0,0.000,0.000,0.000,0,0.000,0.000,0.000,0,0.000,0.000,0.000
2015-07-24,2,1.839,1.000,0.000,5,0.969,1.000,0.000,3,-0.341,0.000,0.000,0,0.000,0.000,0.000,0,0.000,0.000,0.000,0,0.000,0.000,0.000
2015-07-25,0,0.000,0.000,0.000,1,-0.142,0.000,0.000,3,0.245,0.000,0.000,0,0.000,0.000,0.000,0,0.000,0.000,0.000,0,0.000,0.000,0.000
2015-07-26,2,-0.007,0.000,0.000,2,-0.284,0.000,0.000,4,1.210,0.000,0.000,0,0.000,0.000,0.000,0,0.000,0.000,0.000,0,0.000,0.000,0.000
2015-07-27,1,-0.536,0.000,0.000,0,0.000,0.000,0.000,1,0.983,0.000,0.000,0,0.000,0.000,0.000,0,0.000,0.000,0.000,0,0.000,0.000,0.000
2015-07-28,0,0.000,0.000,0.000,0,0.000,0.000,0.000,1,1.434,1.000,0.000,0,0.000,0.000,0.000,0,0.000,0.000,0.000,0,0.000,0.000,0.000
2015-07-29,0,0.000,0.000,0.000,0,0.000,0.000,0.000,2,-2.241,0.000,1.000,0,0.000,0.000,0.000,0,0.000,0.000,0.000,0,0.000,0.000,0.000
2015-07-30,1,-0.142,0.000,0.000,0,0.000,0.000,0.000,0,0.000,0.000,0.000,0,0.000,0.000,0.000,0,0.000,0.000,0.000,0,0.000,0.000,0.000
2015-07-31,0,0.000,0.000,0.000,0,0.000,0.000,0.000,0,0.000,0.000,0.000,0,0.000,0.000,0.000,0,0.000,0.000,0.000,0,0.000,0.000,0.000
2015-08-01,0,0.000,0.000,0.000,0,0.000,0.000,0.000,0,0.000,0.000,0.000,0,0.000,0.000,0.000,0,0.000,0.000,0.000,0,0.000,0.000,0.000
2015-08-02,0,0.000,0.000,0.000,0,0.000,0.000,0.000,0,0.000,0.000,0.000,0,0.000,0.000,0.000,0,0.000,0.000,0.000,0,0.000,0.000,0.000
2015-08-03,0,0.000,0.000,0.000,0,0.000,0.000,0.000,0,0.000,0.000,0.000,0,0.000,0.000,0.000,0,0.000,0.000,0.000,0,0.000,0.000,0.000
2015-08-04,0,0.000,0.000,0.000,0,0.000,0.000,0.000,1,1.243,1.000,0.000,0,0.000,0.000,0.000,0,0.000,0.000,0.000,0,0.000,0.000,0.000
2015-08-05,1,0.000,0.000,0.000,2,-0.203,0.000,0.000,2,1.122,1.000,0.000,0,0.000,0.000,0.000,0,0.000,0.000,0.000,0,0.000,0.000,0.000
2015-08-06,0,0.000,0.000,0.000,0,0.000,0.000,0.000,1,-1.051,0.000,1.000,0,0.000,0.000,0.000,0,0.000,0.000,0.000,0,0.000,0.000,0.000
2015-08-07,0,0.000,0.000,0.000,1,1.324,1.000,0.000,1,1.040,1.000,0.000,0,0.000,0.000,0.000,0,0.000,0.000,0.000,0,0.000,0.000,0.000
2015-08-08,0,0.000,0.000,0.000,0,0.000,0.000,0.000,4,0.249,0.000,0.000,0,0.000,0.000,0.000,0,0.000,0.000,0.000,0,0.000,0.000,0.000
2015-08-09,0,0.000,0.000,0.000,0,0.000,0.000,0.000,0,0.000,0.000,0.000,0,0.000,0.000,0.000,0,0.000,0.000,0.000,0,0.000,0.000,0.000
2015-08-10,0,0.000,0.000,0.000,0,0.000,0.000,0.000,0,0.000,0.000,0.000,0,0.000,0.000,0.000,0,0.000,0.000,0.000,0,0.000,0.000,0.000
2015-08-11,0,0.000,0.000,0.000,0,0.000,0.000,0.000,0,0.000,0.000,0.000,0,0.000,0.000,0.000,0,0.000,0.000,0.000,0,0.000,0.000,0.000
2015-08-12,3,1.534,1.000,0.000,0,0.000,0.000,0.000,1,-0.142,0.000,0.000,0,0.000,0.000,0.000,0,0.000,0.000,0.000,0,0.000,0.000,0.000
2015-08-13,1,0.000,0.000,0.000,1,-0.487,0.000,0.000,2,-0.284,0.000,0.000,0,0.000,0.000,0.000,0,0.000,0.000,0.000,0,0.000,0.000,0.000
2015-08-14,2,0.387,0.000,0.000,1,-0.142,0.000,0.000,13,-1.562,0.000,0.000,0,0.000,0.000,0.000,0,0.000,0.000,0.000,0,0.000,0.000,0.000
2015-08-15,3,1.019,1.000,0.000,5,2.304,1.000,0.000,4,0.703,1.000,0.000,0,0.000,0.000,0.000,0,0.000,0.000,0.000,0,0.000,0.000,0.000
2015-08-16,0,0.000,0.000,0.000,0,0.000,0.000,0.000,0,0.000,0.000,0.000,0,0.000,0.000,0.000,0,0.000,0.000,0.000,0,0.000,0.000,0.000
2015-08-17,0,0.000,0.000,0.000,0,0.000,0.000,0.000,0,0.000,0.000,0.000,0,0.000,0.000,0.000,0,0.000,0.000,0.000,0,0.000,0.000,0.000
2015-08-18,0,0.000,0.000,0.000,0,0.000,0.000,0.000,0,0.000,0.000,0.000,0,0.000,0.000,0.000,0,0.000,0.000,0.000,0,0.000,0.000,0.000
2015-08-19,0,0.000,0.000,0.000,0,0.000,0.000,0.000,0,0.000,0.000,0.000,0,0.000,0.000,0.000,0,0.000,0.000,0.000,0,0.000,0.000,0.000
2015-08-20,0,0.000,0.000,0.000,0,0.000,0.000,0.000,0,0.000,0.000,0.000,0,0.000,0.000,0.000,0,0.000,0.000,0.000,0,0.000,0.000,0.000
2015-08-21,7,0.251,1.000,0.000,2,0.898,1.000,0.000,8,0.856,1.000,0.000,0,0.000,0.000,0.000,0,0.000,0.000,0.000,0,0.000,0.000,0.000
2015-08-22,6,-0.480,0.000,0.000,4,-1.648,0.000,1.000,3,-0.426,0.000,0.000,0,0.000,0.000,0.000,0,0.000,0.000,0.000,0,0.000,0.000,0.000
2015-08-23,5,0.984,1.000,0.000,5,2.067,2.000,0.000,5,-0.934,0.000,1.000,0,0.000,0.000,0.000,0,0.000,0.000,0.000,0,0.000,0.000,0.000
2015-08-24,6,1.477,2.000,1.000,7,6.101,4.000,0.000,0,0.000,0.000,0.000,0,0.000,0.000,0.000,0,0.000,0.000,0.000,0,0.000,0.000,0.000
2015-08-25,8,1.356,1.000,0.000,2,1.548,1.000,0.000,4,0.415,0.000,0.000,0,0.000,0.000,0.000,0,0.000,0.000,0.000,0,0.000,0.000,0.000
2015-08-26,9,4.227,2.000,1.000,3,0.167,1.000,0.000,3,-1.044,0.000,1.000,0,0.000,0.000,0.000,0,0.000,0.000,0.000,0,0.000,0.000,0.000
2015-08-27,8,0.891,1.000,0.000,1,-0.142,0.000,0.000,5,2.930,2.000,0.000,0,0.000,0.000,0.000,0,0.000,0.000,0.000,0,0.000,0.000,0.000
2015-08-28,4,-0.324,0.000,1.000,1,0.724,0.000,0.000,3,1.087,1.000,0.000,0,0.000,0.000,0.000,0,0.000,0.000,0.000,0,0.000,0.000,0.000
2015-08-29,13,-1.761,1.000,3.000,4,0.859,1.000,0.000,7,-0.531,0.000,0.000,0,0.000,0.000,0.000,0,0.000,0.000,0.000,0,0.000,0.000,0.000
2015-08-30,8,10.457,6.000,0.000,4,2.183,1.000,0.000,8,2.431,2.135,0.000,0,0.000,0.000,0.000,0,0.000,0.000,0.000,0,0.000,0.000,0.000
2015-08-31,0,0.000,0.000,0.000,0,0.000,0.000,0.000,0,0.000,0.000,0.000,0,0.000,0.000,0.000,0,0.000,0.000,0.000,0,0.000,0.000,0.000
2015-09-01,8,1.643,0.000,0.000,4,2.674,1.000,0.000,0,0.000,0.000,0.000,0,0.000,0.000,0.000,0,0.000,0.000,0.000,0,0.000,0.000,0.000
2015-09-02,3,2.350,1.000,0.000,8,2.326,1.000,0.000,3,-0.287,0.000,0.000,0,0.000,0.000,0.000,0,0.000,0.000,0.000,0,0.000,0.000,0.000
2015-09-03,14,3.533,4.000,2.000,40,7.209,3.000,1.000,8,-0.854,0.135,0.000,0,0.000,0.000,0.000,0,0.000,0.000,0.000,0,0.000,0.000,0.000
2015-09-04,11,3.774,3.000,0.000,34,8.632,8.000,3.000,13,-0.233,0.000,0.000,0,0.000,0.000,0.000,0,0.000,0.000,0.000,0,0.000,0.000,0.000
2015-09-05,9,5.346,3.000,0.000,60,9.377,9.000,3.000,18,3.019,2.000,1.000,0,0.000,0.000,0.000,0,0.000,0.000,0.000,0,0.000,0.000,0.000
2015-09-06,16,2.140,3.000,1.000,24,3.559,2.000,0.000,9,-0.565,0.000,1.000,0,0.000,0.000,0.000,0,0.000,0.000,0.000,0,0.000,0.000,0.000
2015-09-07,13,6.425,4.000,1.000,7,1.183,1.000,1.000,3,-0.131,0.000,0.000,0,0.000,0.000,0.000,0,0.000,0.000,0.000,0,0.000,0.000,0.000
2015-09-08,5,3.486,3.000,0.000,6,4.854,3.000,0.000,0,0.000,0.000,0.000,0,0.000,0.000,0.000,0,0.000,0.000,0.000,0,0.000,0.000,0.000
2015-09-09,1,-0.707,0.000,0.000,1,0.678,0.000,0.000,2,0.330,0.000,0.000,0,0.000,0.000,0.000,0,0.000,0.000,0.000,0,0.000,0.000,0.000
2015-09-10,8,0.713,2.000,1.000,2,-2.802,0.000,2.000,4,-1.201,1.000,1.000,0,0.000,0.000,0.000,0,0.000,0.000,0.000,0,0.000,0.000,0.000
2015-09-11,1,1.271,1.000,0.000,1,0.976,0.000,0.000,1,-0.142,0.000,0.000,0,0.000,0.000,0.000,0,0.000,0.000,0.000,0,0.000,0.000,0.000
2015-09-12,3,0.205,0.000,0.000,2,1.609,1.000,0.000,2,0.746,0.000,0.000,0,0.000,0.000,0.000,0,0.000,0.000,0.000,0,0.000,0.000,0.000
2015-09-13,2,2.262,1.000,0.000,2,-0.284,0.000,0.000,13,3.475,2.000,0.000,0,0.000,0.000,0.000,0,0.000,0.000,0.000,0,0.000,0.000,0.000
2015-09-14,6,-0.076,0.000,0.000,1,-0.142,0.000,0.000,7,1.090,1.000,0.000,0,0.000,0.000,0.000,0,0.000,0.000,0.000,0,0.000,0.000,0.000
2015-09-15,3,-0.426,0.000,0.000,0,0.000,0.000,0.000,4,-0.916,0.000,0.000,0,0.000,0.000,0.000,0,0.000,0.000,0.000,0,0.000,0.000,0.000
2015-09-16,0,0.000,0.000,0.000,0,0.000,0.000,0.000,5,2.705,2.368,0.000,0,0.000,0.000,0.000,0,0.000,0.000,0.000,0,0.000,0.000,0.000
2015-09-17,3,-0.284,0.000,0.000,0,0.000,0.000,0.000,0,0.000,0.000,0.000,0,0.000,0.000,0.000,0,0.000,0.000,0.000,0,0.000,0.000,0.000
2015-09-18,0,0.000,0.000,0.000,0,0.000,0.000,0.000,0,0.000,0.000,0.000,0,0.000,0.000,0.000,0,0.000,0.000,0.000,0,0.000,0.000,0.000
2015-09-19,10,0.696,2.000,1.000,2,2.617,2.000,0.000,6,1.971,2.000,0.000,0,0.000,0.000,0.000,0,0.000,0.000,0.000,0,0.000,0.000,0.000
2015-09-20,5,0.848,0.000,0.000,2,1.339,1.000,0.000,1,-0.142,0.000,0.000,0,0.000,0.000,0.000,0,0.000,0.000,0.000,0,0.000,0.000,0.000
2015-09-21,13,2.187,1.135,0.000,3,0.731,1.000,0.000,0,0.000,0.000,0.000,0,0.000,0.000,0.000,0,0.000,0.000,0.000,0,0.000,0.000,0.000
2015-09-22,18,3.963,4.000,1.000,3,1.012,2.000,1.000,11,-2.313,0.000,2.000,0,0.000,0.000,0.000,0,0.000,0.000,0.000,0,0.000,0.000,0.000
2015-09-23,12,4.667,3.000,0.000,3,0.284,0.000,0.000,7,2.920,1.000,0.000,0,0.000,0.000,0.000,0,0.000,0.000,0.000,0,0.000,0.000,0.000
2015-09-24,23,-2.220,1.000,0.000,3,0.952,1.000,0.000,11,-0.651,0.135,0.000,0,0.000,0.000,0.000,0,0.000,0.000,0.000,0,0.000,0.000,0.000
2015-09-25,23,0.703,2.000,1.000,3,1.835,1.000,0.000,10,-2.387,0.000,1.000,0,0.000,0.000,0.000,0,0.000,0.000,0.000,0,0.000,0.000,0.000
2015-09-26,29,9.523,7.000,0.000,3,-1.023,1.000,1.000,12,2.393,2.000,0.000,0,0.000,0.000,0.000,0,0.000,0.000,0.000,0,0.000,0.000,0.000
2015-09-27,28,12.799,10.000,1.000,8,5.792,3.000,0.000,12,2.047,1.000,0.000,0,0.000,0.000,0.000,0,0.000,0.000,0.000,0,0.000,0.000,0.000
2015-09-28,24,5.633,4.000,1.000,5,1.803,1.000,1.000,2,-0.284,0.000,0.000,0,0.000,0.000,0.000,0,0.000,0.000,0.000,0,0.000,0.000,0.000
2015-09-29,16,-0.116,1.000,0.000,1,-0.142,0.000,0.000,7,-2.838,1.000,3.000,0,0.000,0.000,0.000,0,0.000,0.000,0.000,0,0.000,0.000,0.000
2015-09-30,26,0.433,2.135,1.736,4,-2.132,0.000,0.000,1,-0.003,0.000,0.000,0,0.000,0.000,0.000,0,0.000,0.000,0.000,0,0.000,0.000,0.000
2015-10-01,21,4.551,4.000,0.000,6,0.212,1.000,1.000,7,-0.715,0.000,0.000,0,0.000,0.000,0.000,0,0.000,0.000,0.000,0,0.000,0.000,0.000
2015-10-02,22,3.495,3.368,1.000,3,-0.678,0.000,0.000,10,0.108,0.000,1.000,0,0.000,0.000,0.000,0,0.000,0.000,0.000,0,0.000,0.000,0.000
2015-10-03,33,7.340,5.000,1.000,8,2.293,1.000,0.000,15,-2.019,1.000,1.000,0,0.000,0.000,0.000,0,0.000,0.000,0.000,0,0.000,0.000,0.000
2015-10-04,22,-0.919,1.135,1.000,2,1.115,1.000,0.000,14,0.585,0.135,0.000,0,0.000,0.000,0.000,0,0.000,0.000,0.000,0,0.000,0.000,0.000
2015-10-05,31,5.059,5.368,2.000,4,0.824,1.000,0.000,4,-0.017,0.135,0.000,0,0.000,0.000,0.000,0,0.000,0.000,0.000,0,0.000,0.000,0.000
2015-10-06,12,8.800,4.135,0.000,3,-0.426,0.000,0.000,3,-0.426,0.000,0.000,0,0.000,0.000,0.000,0,0.000,0.000,0.000,0,0.000,0.000,0.000
2015-10-07,16,-0.357,2.000,3.000,3,3.082,2.000,0.000,3,0.050,0.000,0.000,0,0.000,0.000,0.000,0,0.000,0.000,0.000,0,0.000,0.000,0.000
2015-10-08,29,3.310,2.478,1.000,1,-0.142,0.000,0.000,8,-0.136,0.368,0.000,0,0.000,0.000,0.000,0,0.000,0.000,0.000,0,0.000,0.000,0.000
2015-10-09,15,-1.904,0.000,1.000,1,0.760,0.000,0.000,12,2.299,5.000,2.000,0,0.000,0.000,0.000,0,0.000,0.000,0.000,0,0.000,0.000,0.000
2015-10-10,24,11.268,5.000,0.000,2,-1.105,0.000,0.000,15,1.740,2.000,0.000,0,0.000,0.000,0.000,0,0.000,0.000,0.000,0,0.000,0.000,0.000
2015-10-11,31,1.875,5.000,3.000,10,1.115,1.000,0.000,12,2.209,2.000,1.000,0,0.000,0.000,0.000,0,0.000,0.000,0.000,0,0.000,0.000,0.000
2015-10-12,23,3.804,3.000,1.000,4,2.155,2.000,1.000,6,5.663,3.000,0.000,0,0.000,0.000,0.000,0,0.000,0.000,0.000,0,0.000,0.000,0.000
2015-10-13,4,0.418,0.000,0.000,0,0.000,0.000,0.000,2,1.172,1.000,0.000,1,0.593,0.000,0.000,0,0.000,0.000,0.000,0,0.000,0.000,0.000
2015-10-14,4,3.050,2.000,0.000,0,0.000,0.000,0.000,0,0.000,0.000,0.000,0,0.000,0.000,0.000,1,1.470,1.000,0.000,0,0.000,0.000,0.000
2015-10-15,0,0.000,0.000,0.000,1,-0.142,0.000,0.000,0,0.000,0.000,0.000,0,0.000,0.000,0.000,0,0.000,0.000,0.000,0,0.000,0.000,0.000
2015-10-16,6,-0.551,0.000,1.000,0,0.000,0.000,0.000,2,0.817,1.000,1.000,0,0.000,0.000,0.000,0,0.000,0.000,0.000,0,0.000,0.000,0.000
2015-10-17,11,7.298,2.000,0.000,2,-0.537,0.000,1.000,3,-0.426,0.000,0.000,0,0.000,0.000,0.000,0,0.000,0.000,0.000,0,0.000,0.000,0.000
2015-10-18,11,-1.858,0.000,1.000,1,-0.533,0.000,0.000,2,-0.145,0.000,0.000,0,0.000,0.000,0.000,0,0.000,0.000,0.000,0,0.000,0.000,0.000
2015-10-19,5,2.578,2.000,0.000,1,-0.142,0.000,0.000,2,0.604,0.000,0.000,0,0.000,0.000,0.000,0,0.000,0.000,0.000,0,0.000,0.000,0.000
2015-10-20,4,1.022,0.000,0.000,1,-0.142,0.000,0.000,1,-0.003,0.000,0.000,0,0.000,0.000,0.000,0,0.000,0.000,0.000,0,0.000,0.000,0.000
2015-10-21,5,-0.568,0.000,0.000,0,0.000,0.000,0.000,0,0.000,0.000,0.000,0,0.000,0.000,0.000,0,0.000,0.000,0.000,0,0.000,0.000,0.000
2015-10-22,7,2.386,1.000,0.000,0,0.000,0.000,0.000,9,-0.578,0.000,0.000,0,0.000,0.000,0.000,0,0.000,0.000,0.000,0,0.000,0.000,0.000
2015-10-23,11,1.143,3.000,2.000,3,0.941,0.000,0.000,4,-0.519,0.000,0.000,0,0.000,0.000,0.000,0,0.000,0.000,0.000,0,0.000,0.000,0.000
2015-10-24,8,-3.022,0.000,2.000,1,-0.142,0.000,0.000,8,2.649,2.000,1.000,0,0.000,0.000,0.000,0,0.000,0.000,0.000,0,0.000,0.000,0.000
2015-10-25,31,7.075,7.135,2.000,7,1.409,0.000,0.000,10,5.412,1.000,0.000,0,0.000,0.000,0.000,0,0.000,0.000,0.000,0,0.000,0.000,0.000
2015-10-26,16,-0.221,2.000,3.000,7,6.846,3.000,1.000,5,0.528,1.000,0.000,0,0.000,0.000,0.000,0,0.000,0.000,0.000,0,0.000,0.000,0.000
2015-10-27,16,-1.436,0.000,1.000,1,-0.142,0.000,0.000,6,0.482,1.000,0.000,0,0.000,0.000,0.000,0,0.000,0.000,0.000,0,0.000,0.000,0.000
2015-10-28,14,-4.091,0.000,2.000,0,0.000,0.000,0.000,14,1.377,1.000,1.000,0,0.000,0.000,0.000,0,0.000,0.000,0.000,0,0.000,0.000,0.000
2015-10-29,20,6.983,5.000,0.000,2,-0.114,0.000,0.000,5,0.923,0.000,0.000,0,0.000,0.000,0.000,0,0.000,0.000,0.000,0,0.000,0.000,0.000
2015-10-30,26,5.756,4.000,1.000,3,-0.320,0.000,0.000,12,5.329,4.000,1.000,0,0.000,0.000,0.000,0,0.000,0.000,0.000,0,0.000,0.000,0.000
2015-10-31,30,-0.452,3.000,2.000,2,-0.877,0.000,0.000,15,1.687,4.000,2.000,0,0.000,0.000,0.000,0,0.000,0.000,0.000,0,0.000,0.000,0.000
2015-11-01,47,19.038,15.503,1.000,2,-0.284,0.000,0.000,10,2.945,0.135,0.000,0,0.000,0.000,0.000,0,0.000,0.000,0.000,0,0.000,0.000,0.000
2015-11-02,28,9.875,5.368,0.000,0,0.000,0.000,0.000,6,2.319,2.000,0.000,0,0.000,0.000,0.000,0,0.000,0.000,0.000,0,0.000,0.000,0.000
2015-11-03,17,0.589,0.135,0.000,5,2.951,1.000,0.000,5,1.736,1.000,0.000,0,0.000,0.000,0.000,0,0.000,0.000,0.000,0,0.000,0.000,0.000
2015-11-04,30,3.272,3.000,0.000,2,-0.284,0.000,0.000,4,2.226,1.000,0.000,1,0.650,0.000,0.000,0,0.000,0.000,0.000,0,0.000,0.000,0.000
2015-11-05,11,1.724,2.000,1.000,3,2.617,2.000,0.000,2,0.735,1.000,0.000,0,0.000,0.000,0.000,0,0.000,0.000,0.000,0,0.000,0.000,0.000
2015-11-06,23,10.826,6.503,1.000,4,2.976,2.000,0.000,4,1.317,0.000,0.000,0,0.000,0.000,0.000,0,0.000,0.000,0.000,0,0.000,0.000,0.000
2015-11-07,5,-0.710,0.000,0.000,0,0.000,0.000,0.000,7,3.336,1.000,1.000,0,0.000,0.000,0.000,0,0.000,0.000,0.000,0,0.000,0.000,0.000
