,cluster7,,,,cluster14,,,
doy,n,senti,pos_n,neg_n,n,senti,pos_n,neg_n
1,7,0.787,1.000,0.000,7,2.760,2.000,0.000
2,13,-1.109,1.000,1.135,6,3.396,1.000,0.000
3,5,1.112,1.000,0.000,17,-0.649,1.000,0.000
4,9,2.006,1.000,0.000,7,2.311,2.000,0.000
5,5,0.180,0.000,0.000,3,-1.644,0.000,1.000
6,5,0.864,1.000,0.000,1,0.054,0.050,0.000
7,6,1.918,1.050,0.000,5,-0.004,0.000,0.000
8,6,-0.007,0.000,0.000,4,0.138,0.000,0.000
9,8,4.008,1.000,0.000,0,0.000,0.000,0.000
10,6,-0.147,0.000,0.000,4,0.870,1.000,1.000
11,11,0.765,1.368,0.000,3,0.472,0.000,0.000
12,9,0.110,1.000,0.135,0,0.000,0.000,0.000
13,5,3.584,2.135,0.007,2,-0.284,0.000,0.000
14,6,1.356,1.000,0.000,0,0.000,0.000,0.000
15,7,3.934,3.000,0.135,5,-1.087,0.000,1.000
16,6,-0.028,0.000,0.000,4,-0.245,0.000,0.000
17,19,-2.133,3.000,4.000,2,0.237,0.000,0.000
18,12,1.297,2.050,0.018,6,-0.061,0.000,0.002
19,7,-0.093,0.000,0.000,4,-0.420,1.000,1.000
20,2,-0.011,0.000,0.000,0,0.000,0.000,0.000
21,3,-0.902,0.000,0.000,4,-0.284,0.000,0.000
22,1,-0.142,0.000,0.000,4,1.335,1.000,0.000
23,7,2.151,0.000,0.000,6,-3.590,0.000,1.000
24,10,-1.026,0.000,1.000,5,0.449,0.000,1.000
25,12,1.909,2.000,1.000,13,-2.316,0.000,1.368
26,10,1.294,2.000,0.368,6,5.215,3.000,0.000
27,5,-1.527,0.000,1.000,2,0.464,1.000,0.000
28,8,-1.706,0.000,1.368,5,-0.131,0.000,0.000
29,4,2.227,2.000,0.000,11,-0.907,2.000,1.000
30,17,-2.433,0.000,1.000,4,-2.849,0.000,1.000
31,32,8.786,6.050,2.000,8,2.524,3.000,1.000
32,31,5.859,2.736,1.000,9,2.435,2.000,0.000
33,11,4.810,4.000,0.368,5,0.454,0.000,0.000
34,3,0.306,0.000,0.000,4,1.840,1.000,0.000
35,7,-0.644,0.000,0.000,3,-0.137,0.135,0.000
36,4,2.787,2.000,0.000,6,1.913,1.000,0.000
37,9,-0.270,0.000,1.000,17,-0.606,2.000,2.000
38,12,2.560,2.368,0.000,6,-1.502,0.000,1.000
39,19,5.729,2.368,0.000,10,2.203,1.000,0.000
40,5,0.032,0.000,0.000,8,-5.764,1.000,2.000
41,10,0.836,1.000,0.000,3,1.636,1.135,0.000
42,9,1.896,1.368,0.000,7,-2.917,1.000,2.000
43,7,-0.044,1.000,1.000,5,2.965,2.000,0.000
44,7,-0.994,0.000,0.000,10,-0.736,1.000,2.000
45,18,3.599,3.368,2.135,1,-0.142,0.000,0.000
46,18,-2.101,3.050,3.000,10,1.231,1.736,0.000
47,26,1.255,1.000,1.018,6,2.766,2.000,0.000
48,8,-2.130,0.000,1.000,9,-0.300,1.000,2.000
49,17,-0.070,0.503,0.000,6,-1.196,0.135,0.368
50,12,3.310,2.000,0.000,7,-5.455,0.000,2.368
51,17,2.599,1.050,0.000,6,0.158,0.000,0.135
52,28,4.935,3.050,1.000,11,0.315,3.000,1.000
53,25,1.479,2.000,1.368,9,2.225,2.000,1.000
54,15,4.069,3.000,1.000,8,-0.984,0.000,1.000
55,12,-0.589,1.000,0.000,4,-5.562,0.000,2.000
56,19,-6.375,0.000,5.018,10,-1.379,0.000,1.000
57,14,1.193,1.018,1.000,9,4.666,3.135,1.000
58,35,2.633,5.239,3.000,3,1.029,0.000,0.000
59,0,0.000,0.000,0.000,0,0.000,0.000,0.000
60,21,1.611,3.000,1.000,3,3.267,1.000,0.000
61,19,2.291,2.368,1.018,4,1.450,1.000,0.000
62,10,1.334,1.000,0.000,3,-0.816,0.000,0.000
63,7,1.390,1.000,0.000,7,6.001,2.000,0.000
64,5,1.842,1.000,0.000,6,1.861,1.000,0.000
65,18,2.437,2.000,0.000,5,2.525,2.000,0.000
66,17,6.638,5.000,3.000,0,0.000,0.000,0.000
67,30,-0.483,7.000,4.000,5,1.981,2.000,1.000
68,17,1.306,2.503,2.000,6,2.041,1.000,0.000
69,6,2.537,1.050,0.000,5,-2.433,0.000,1.000
70,7,2.021,2.000,0.000,5,0.823,0.000,0.000
71,4,1.136,1.000,0.000,6,-2.242,0.000,2.000
72,18,1.903,3.000,2.000,4,2.208,2.000,0.000
73,16,-0.337,0.000,0.000,18,10.143,4.000,0.000
74,18,-2.614,1.135,2.000,11,6.877,5.000,0.000
75,21,6.430,4.368,0.000,4,0.202,1.000,0.000
76,10,0.826,0.000,0.000,5,1.391,2.000,1.000
77,7,-1.758,0.135,1.000,5,1.789,1.000,1.000
78,8,-4.199,0.000,2.000,9,0.382,0.000,0.000
79,18,-3.777,0.000,1.000,4,1.856,2.000,0.000
80,25,2.090,5.000,1.000,8,0.372,0.000,0.000
81,26,2.444,3.135,1.007,11,-4.504,1.000,3.000
82,7,2.425,2.000,0.000,9,-1.655,1.000,1.000
83,6,0.981,0.000,0.000,1,0.557,0.000,0.000
84,16,1.126,3.000,1.000,6,2.738,2.000,2.000
85,21,1.045,2.000,0.000,4,-2.445,0.000,2.000
86,8,4.051,2.000,0.000,1,-0.142,0.000,0.000
87,32,0.917,3.104,2.000,6,-2.874,2.000,3.368
88,18,2.918,4.000,1.000,5,-3.549,0.000,2.000
89,20,7.746,5.000,1.000,4,-1.957,0.000,1.000
90,6,1.369,1.368,0.000,4,0.117,1.000,0.000
91,7,0.646,1.000,0.000,0,0.000,0.000,0.000
92,9,0.238,0.368,0.000,3,2.230,1.000,0.000
93,14,6.980,3.368,0.000,4,-1.783,1.000,1.000
94,7,-0.918,1.000,1.000,3,1.918,1.000,0.000
95,13,-1.870,1.000,2.000,3,-0.057,0.000,0.000
96,11,1.429,0.000,0.000,2,0.131,0.000,0.000
97,5,1.459,1.000,0.000,4,-1.541,0.000,1.000
98,17,0.556,1.000,0.000,4,0.881,0.000,0.000
99,13,2.565,2.104,0.000,12,0.571,1.000,1.104
100,8,-1.719,0.000,1.000,4,2.294,1.000,0.002
101,5,4.385,3.000,0.000,5,-0.693,0.000,1.000
102,22,-3.898,3.000,3.406,6,0.115,0.368,1.000
103,15,-0.199,2.000,2.368,6,3.563,3.368,1.000
104,4,2.407,1.000,0.000,2,-0.306,0.000,0.000
105,8,-1.347,1.000,1.000,3,-3.133,0.000,2.000
106,8,4.037,2.000,0.000,3,1.190,1.000,0.000
107,8,-0.454,1.000,0.000,8,3.045,1.000,0.000
108,16,3.287,3.000,2.000,7,0.773,1.000,1.000
109,21,2.489,2.000,1.135,5,0.320,1.000,1.000
110,5,0.031,0.368,0.000,1,-0.142,0.000,0.000
111,12,5.074,4.368,0.000,5,2.538,0.000,0.000
112,24,-2.802,3.000,2.736,3,0.784,1.000,0.000
113,13,0.041,3.000,1.736,4,0.287,0.000,0.000
114,9,0.348,1.000,0.000,7,-0.486,0.000,0.000
115,17,4.341,3.368,0.000,17,1.251,1.368,1.000
116,26,4.808,3.368,2.000,8,0.483,1.000,1.000
117,7,-0.955,0.000,0.000,4,3.054,2.000,1.000
118,8,1.945,1.000,1.000,5,0.054,1.000,0.368
119,13,0.969,1.000,0.368,4,-3.605,0.000,2.000
120,9,1.573,1.000,0.000,6,-0.852,0.000,0.000
121,16,-1.346,1.000,2.000,5,0.180,1.000,1.000
122,15,-0.300,2.000,2.000,7,-0.042,1.000,0.368
123,15,-2.713,1.000,2.000,4,3.905,2.000,0.000
124,8,-1.327,0.000,0.000,4,-0.345,1.000,1.000
125,8,-0.065,1.368,0.000,1,-1.200,0.000,1.000
126,8,-1.158,0.000,0.000,4,1.256,1.000,0.000
127,7,-1.468,0.000,0.000,0,0.000,0.000,0.000
128,4,-0.017,0.000,0.000,6,-0.488,0.000,0.000
129,11,-1.297,1.000,1.000,5,-2.301,0.000,1.000
130,17,3.023,3.000,1.000,5,1.750,1.000,0.000
131,9,0.497,1.000,0.000,2,1.232,1.000,0.000
132,7,2.553,1.000,0.000,0,0.000,0.000,0.000
133,5,0.809,0.000,0.000,0,0.000,0.000,0.000
134,8,0.718,0.000,0.000,3,-1.790,1.000,1.000
135,6,0.611,0.368,0.000,4,1.888,1.000,0.000
136,9,-1.907,1.000,1.368,1,-0.142,0.000,0.000
137,24,2.581,4.000,1.000,5,5.240,4.000,1.000
138,24,-4.016,1.368,3.368,3,-0.884,0.000,1.000
139,7,1.793,1.000,0.000,3,0.298,0.000,0.000
140,5,2.316,1.000,0.000,2,-0.796,0.000,0.000
141,7,0.817,0.000,0.000,1,-0.142,0.000,0.000
142,14,2.558,2.000,0.000,6,1.062,1.000,0.000
143,22,0.826,2.000,3.000,8,2.844,2.000,0.000
144,20,3.161,3.000,0.000,7,3.034,2.368,0.000
145,22,5.260,5.018,0.000,11,3.351,3.000,1.000
146,12,-4.568,0.000,2.000,3,-0.426,0.000,0.000
147,3,-0.336,0.000,0.000,4,-0.938,0.000,0.002
148,1,-0.003,0.000,0.000,0,0.000,0.000,0.000
149,8,-3.704,0.000,1.000,2,0.298,0.000,0.000
150,7,1.336,2.000,0.736,3,-1.453,0.000,1.000
151,0,0.000,0.000,0.000,0,0.000,0.000,0.000
152,20,-4.065,2.000,4.000,10,0.323,1.000,1.000
153,21,2.218,4.000,3.000,4,0.333,1.000,1.000
154,12,-0.689,2.050,1.000,8,5.656,3.000,0.000
155,7,-4.325,0.000,3.000,6,-1.092,0.000,1.000
156,21,-2.308,3.000,3.000,8,2.634,2.000,1.000
157,20,6.352,7.000,3.000,8,-1.013,1.000,1.000
158,22,6.894,3.368,0.000,6,0.003,2.000,1.000
159,22,2.753,2.135,1.000,8,3.033,3.000,1.000
160,10,4.222,2.050,0.000,4,1.974,2.000,0.000
161,3,-0.068,0.000,0.000,1,-1.062,0.000,1.000
162,17,2.076,2.000,1.000,1,-0.142,0.000,0.000
163,7,0.419,0.000,0.007,1,-0.721,0.000,0.000
164,18,1.056,1.000,0.736,5,2.287,2.000,0.000
165,18,4.621,4.000,0.368,2,0.306,0.368,0.000
166,16,6.219,3.000,1.000,4,-0.824,0.000,0.000
167,12,3.985,3.000,1.386,2,-1.065,0.000,0.000
168,9,-1.898,0.050,1.000,1,-0.142,0.000,0.000
169,8,3.822,3.000,0.000,5,3.234,2.000,1.000
170,16,0.645,1.368,1.000,4,-3.144,0.000,2.000
171,20,8.959,5.000,0.000,6,-0.146,2.000,2.000
172,18,3.292,2.503,1.000,6,0.736,2.368,1.000
173,17,7.601,3.000,0.000,3,-5.537,0.000,2.000
174,12,-2.998,2.050,1.000,5,2.652,2.000,0.000
175,10,0.857,0.000,1.000,1,0.788,0.000,0.000
176,10,3.388,3.000,0.000,1,-1.286,0.000,1.000
177,15,4.378,2.000,0.000,2,-0.849,0.000,0.000
178,23,0.598,2.271,3.000,9,0.948,2.000,0.000
179,17,-1.879,2.000,3.000,12,1.721,2.000,1.000
180,18,4.752,4.000,0.000,4,1.195,1.000,0.002
181,6,1.729,1.000,0.000,5,2.182,1.000,0.000
182,13,2.289,1.000,0.000,5,-0.319,0.000,0.002
183,13,6.284,2.000,0.000,6,2.716,2.000,0.000
184,28,-2.843,2.000,2.000,2,1.332,1.000,0.000
185,21,1.428,1.000,1.000,11,8.709,4.000,0.000
186,35,-1.254,3.000,2.736,7,4.839,4.000,0.000
187,5,3.000,1.736,0.000,7,-4.244,0.000,2.000
188,12,4.405,3.000,1.000,2,1.207,1.000,0.000
189,11,5.063,3.135,0.000,5,-0.890,0.000,0.000
190,10,-0.909,2.000,2.000,4,-0.426,0.000,0.000
191,12,1.484,1.000,0.000,2,-0.700,0.000,0.000
192,25,0.025,6.368,5.000,6,2.644,2.000,0.000
193,26,3.571,3.000,1.000,9,-1.089,0.000,1.000
194,15,7.357,5.000,0.000,6,-1.233,1.000,1.000
195,7,-0.733,0.185,0.000,7,-2.787,0.000,1.000
196,8,5.137,3.000,0.000,20,2.282,2.000,2.001
197,7,1.561,1.000,0.000,14,6.195,4.368,0.001
198,11,-0.066,1.000,0.000,8,0.689,1.000,0.001
199,18,1.516,3.000,0.000,43,5.992,5.736,2.000
200,12,-0.231,1.000,1.000,17,2.613,5.000,1.000
201,14,0.074,1.000,1.000,15,-0.611,1.149,1.135
202,9,1.146,1.000,0.000,8,3.504,2.000,0.000
203,16,7.977,6.000,1.000,11,5.715,4.000,0.000
204,15,-3.124,0.000,0.368,5,1.110,0.000,0.000
205,12,2.968,3.000,1.000,15,1.625,3.000,1.001
206,23,12.682,7.000,0.000,8,3.212,2.000,0.000
207,17,0.392,2.000,2.000,3,-0.426,0.000,0.000
208,12,-0.025,0.000,1.000,4,1.366,1.000,0.000
209,4,2.035,1.000,0.000,8,-4.109,0.000,1.000
210,13,-1.818,1.000,2.000,1,-0.142,0.000,0.000
211,4,2.216,1.368,0.000,1,-1.655,0.000,1.000
212,16,4.283,4.018,0.000,5,3.273,2.000,0.000
213,11,-0.910,0.000,1.000,5,0.515,1.000,0.000
214,12,5.278,3.368,0.000,5,1.108,1.000,0.000
215,10,2.270,2.000,0.000,6,-0.852,0.000,0.000
216,8,3.377,2.000,0.000,4,1.367,0.000,0.000
217,12,7.818,5.000,1.000,16,-3.875,0.000,1.000
218,12,-0.094,2.135,2.000,4,-1.417,0.000,1.000
219,11,-1.134,3.000,2.375,6,1.685,1.000,0.000
220,10,0.512,0.018,0.368,6,-0.991,1.000,1.000
221,18,-1.292,1.368,1.000,4,-0.665,0.000,1.000
222,11,-1.718,0.000,1.000,4,1.581,1.100,0.000
223,2,1.485,1.000,0.000,8,-1.739,0.050,1.000
224,14,1.207,3.000,1.000,6,2.368,2.000,1.000
225,10,-1.492,0.018,1.000,9,-3.808,1.000,1.000
226,45,1.075,5.000,2.000,5,-3.715,0.000,2.000
227,5,0.561,1.000,0.000,5,2.304,1.000,0.000
228,0,0.000,0.000,0.000,0,0.000,0.000,0.000
229,0,0.000,0.000,0.000,0,0.000,0.000,0.000
230,0,0.000,0.000,0.000,0,0.000,0.000,0.000
231,0,0.000,0.000,0.000,0,0.000,0.000,0.000
232,0,0.000,0.000,0.000,0,0.000,0.000,0.000
233,9,0.689,1.000,0.000,3,-0.260,1.000,1.000
234,26,4.364,3.503,0.027,9,-3.104,0.000,1.135
235,5,-0.934,0.000,1.000,5,2.067,2.000,0.000
236,0,0.000,0.000,0.000,7,6.101,4.000,0.000
237,4,0.415,0.000,0.000,2,1.548,1.000,0.000
238,3,-1.044,0.000,1.000,3,0.167,1.000,0.000
239,5,2.930,2.000,0.000,3,0.604,0.000,0.000
240,14,0.296,1.000,0.000,10,2.257,2.000,0.000
241,12,0.364,1.000,0.000,31,5.366,4.000,0.000
242,46,8.983,6.135,1.014,23,11.207,8.000,0.000
243,0,0.000,0.000,0.000,0,0.000,0.000,0.000
244,24,-3.607,1.000,2.000,10,2.685,2.000,0.000
245,9,-1.809,0.050,0.000,10,1.250,2.000,1.000
246,26,0.672,2.135,1.000,49,7.756,4.000,2.000
247,30,-3.367,0.000,2.000,40,6.837,8.000,4.000
248,37,7.311,4.153,1.000,70,13.271,10.368,4.000
249,9,-0.565,0.000,1.000,24,3.559,2.000,0.000
250,3,-0.131,0.000,0.000,7,1.183,1.000,1.000
251,0,0.000,0.000,0.000,6,4.854,3.000,0.000
252,2,0.330,0.000,0.000,1,0.678,0.000,0.000
253,4,-1.201,1.000,1.000,2,-2.802,0.000,2.000
254,1,-0.142,0.000,0.000,1,0.976,0.000,0.000
255,2,0.746,0.000,0.000,2,1.609,1.000,0.000
256,13,3.475,2.000,0.000,2,-0.284,0.000,0.000
257,7,1.090,1.000,0.000,1,-0.142,0.000,0.000
258,4,-0.916,0.000,0.000,0,0.000,0.000,0.000
259,5,2.705,2.368,0.000,0,0.000,0.000,0.000
260,0,0.000,0.000,0.000,0,0.000,0.000,0.000
261,0,0.000,0.000,0.000,0,0.000,0.000,0.000
262,6,1.971,2.000,0.000,2,2.617,2.000,0.000
263,1,-0.142,0.000,0.000,2,1.339,1.000,0.000
264,0,0.000,0.000,0.000,3,0.731,1.000,0.000
265,11,-2.313,0.000,2.000,3,1.012,2.000,1.000
266,7,2.920,1.000,0.000,3,0.284,0.000,0.000
267,11,-0.651,0.135,0.000,3,0.952,1.000,0.000
268,10,-2.387,0.000,1.000,3,1.835,1.000,0.000
269,12,2.393,2.000,0.000,3,-1.023,1.000,1.000
270,12,2.047,1.000,0.000,8,5.792,3.000,0.000
271,2,-0.284,0.000,0.000,5,1.803,1.000,1.000
272,7,-2.838,1.000,3.000,1,-0.142,0.000,0.000
273,5,-1.005,1.000,1.000,11,0.616,2.000,0.000
274,18,1.735,2.000,0.000,32,1.362,2.000,1.000
275,30,-0.932,1.135,1.000,29,1.881,3.000,0.000
276,29,1.885,5.000,1.368,22,2.922,1.368,0.005
277,28,4.297,2.135,0.000,5,2.197,2.000,1.000
278,15,1.275,0.135,0.000,6,1.300,1.000,0.000
279,14,-2.337,0.000,1.000,5,1.008,0.000,0.000
280,14,1.064,0.000,0.000,10,2.743,3.736,1.000
281,26,4.795,3.154,0.000,4,-1.815,0.000,1.000
282,29,3.339,7.368,3.000,4,1.564,0.368,0.000
283,36,-3.380,3.368,3.368,8,0.440,1.000,0.001
284,34,8.080,7.368,1.736,14,-0.038,1.000,0.000
285,27,6.858,6.368,1.368,6,3.224,3.000,1.000
286,25,4.400,3.000,0.000,2,-0.236,0.000,0.135
287,15,5.871,4.000,1.000,13,1.337,2.000,1.002
288,18,9.146,6.000,1.000,7,4.479,3.000,0.000
289,19,4.942,4.100,1.000,6,0.713,0.000,0.000
290,16,-1.324,0.000,0.000,27,-0.574,3.000,2.000
291,20,2.762,3.207,1.000,6,2.283,1.000,1.000
292,2,0.604,0.000,0.000,1,-0.142,0.000,0.000
293,3,0.579,0.000,0.000,5,1.864,1.000,0.000
294,5,1.431,0.368,0.000,8,-4.180,0.000,2.000
295,36,5.814,3.050,0.000,4,-0.221,0.000,0.135
296,19,0.493,1.050,0.000,12,-0.641,1.000,1.000
297,36,-1.143,3.000,3.000,6,1.760,1.000,0.001
298,29,9.213,4.368,1.000,12,3.494,1.368,0.000
299,18,2.802,2.000,0.000,17,10.525,5.000,1.000
300,19,3.198,3.000,0.000,4,1.095,0.368,0.000
301,37,1.329,2.000,2.000,5,0.833,1.000,0.000
302,25,4.698,4.005,0.368,8,-0.115,0.000,0.000
303,29,4.891,5.000,1.000,8,1.577,1.000,0.135
304,35,1.004,5.012,3.000,18,0.197,0.000,0.000
305,31,12.083,4.135,1.000,7,5.272,3.000,0.000
306,42,3.074,5.368,2.000,10,6.664,5.000,0.000
307,33,4.128,4.188,1.368,10,1.672,1.000,1.000
308,36,0.557,4.000,5.000,7,-0.761,1.000,0.000
309,8,4.364,4.000,0.000,16,3.365,2.000,0.000
310,11,3.394,0.000,0.000,19,4.082,2.000,0.001
311,24,4.461,2.000,1.001,1,-0.142,0.000,0.000
312,24,1.883,3.368,1.000,8,2.561,1.000,0.000
313,3,0.458,0.000,0.000,6,0.781,0.000,0.000
314,7,-1.002,0.000,0.000,1,1.019,1.000,0.000
315,14,2.728,2.018,0.000,6,1.358,2.000,1.135
316,18,5.765,3.000,2.000,13,0.290,0.000,0.002
317,5,-0.814,0.000,0.000,20,0.332,1.000,0.135
318,12,4.070,1.000,0.000,3,2.876,2.000,0.000
319,20,-0.158,2.000,1.000,6,0.607,0.000,0.000
320,15,7.987,5.503,0.000,3,-1.276,0.000,1.000
321,3,0.529,0.000,0.000,5,0.725,1.000,0.001
322,6,2.805,1.000,0.000,2,0.848,1.000,1.000
323,10,-0.735,0.000,0.000,6,-1.205,0.000,1.001
324,0,0.000,0.000,0.000,2,0.685,0.000,0.000
325,7,2.075,2.000,0.000,4,-1.399,1.000,1.000
326,20,1.058,1.000,0.736,14,5.376,4.050,1.002
327,16,2.057,2.100,2.000,10,3.014,2.000,0.000
328,17,0.731,2.000,1.007,1,-0.000,0.000,0.000
329,10,2.368,2.000,0.001,15,-1.300,0.000,1.000
330,16,3.485,2.050,0.000,2,0.733,0.050,0.000
331,4,1.308,0.000,0.000,5,-0.664,0.000,0.000
332,13,1.065,2.000,0.000,1,-0.142,0.000,0.000
333,17,2.134,2.000,1.000,2,0.894,1.000,0.000
334,11,-0.347,1.368,1.000,8,2.499,4.000,1.000
335,11,5.174,3.000,0.000,2,-0.284,0.000,0.000
336,13,1.582,3.000,2.007,14,1.436,1.050,0.000
337,10,3.147,2.000,0.007,12,0.305,0.000,0.000
338,5,1.179,1.000,0.000,5,1.920,1.000,0.000
339,14,-0.698,0.000,0.007,0,0.000,0.000,0.000
340,33,6.745,6.000,2.000,6,5.624,3.000,1.000
341,18,0.209,2.000,2.018,10,7.950,5.000,0.000
342,5,0.254,0.000,0.000,4,2.574,1.000,0.000
343,9,1.088,1.000,0.000,1,0.777,0.000,0.000
344,0,0.000,0.000,0.000,0,0.000,0.000,0.000
345,5,1.334,1.000,0.000,0,0.000,0.000,0.000
346,0,0.000,0.000,0.000,0,0.000,0.000,0.000
347,6,0.744,2.000,1.000,2,2.674,1.000,0.000
348,12,-0.011,1.000,0.000,4,-0.980,0.000,0.000
349,3,-0.584,0.000,0.000,0,0.000,0.000,0.000
350,3,0.928,0.000,0.000,9,2.321,0.000,0.000
351,3,1.796,1.000,0.000,1,-0.064,0.000,0.000
352,6,0.567,0.000,0.000,1,2.216,1.000,0.000
353,11,-0.455,0.135,0.000,1,-0.007,0.000,0.002
354,18,-0.597,2.000,1.000,4,4.396,2.000,0.002
355,11,2.761,0.000,0.368,6,-0.271,1.000,1.000
356,11,2.407,1.456,0.000,1,-0.234,0.000,0.000
357,15,7.519,2.050,0.000,2,-0.620,0.000,0.000
358,9,2.304,2.000,0.000,3,2.711,2.000,0.000
359,0,0.000,0.000,0.000,0,0.000,0.000,0.000
360,8,-0.373,0.000,0.000,0,0.000,0.000,0.000
361,18,0.321,2.000,1.000,8,-0.772,1.000,2.000
362,20,-3.321,0.000,1.000,5,2.312,3.000,1.000
363,12,2.438,4.000,2.000,2,1.349,1.000,0.000
364,4,2.393,1.000,0.000,2,1.314,1.000,0.000
365,9,-1.893,0.000,1.000,7,1.190,2.000,0.000
