,cluster18,,,,cluster14,,,,cluster7,,,,cluster23,,,,cluster30,,,,cluster31,,,
date,n,senti,pos_n,neg_n,n,senti,pos_n,neg_n,n,senti,pos_n,neg_n,n,senti,pos_n,neg_n,n,senti,pos_n,neg_n,n,senti,pos_n,neg_n
2014-01-22,1,0.614,0,0,0,0.000,0,0,0,0.000,0,0,0,0.000,0,0,0,0.000,0,0,0,0.000,0,0
2014-01-23,5,-2.639,0,2,5,-3.448,0,1,1,-0.142,0,0,17,-4.829,3,5,1,2.589,1,0,2,2.308,1,0
2014-01-24,4,2.106,2,0,4,0.091,0,1,6,0.160,0,0,17,-6.386,1,3,0,0.000,0,0,0,0.000,0,0
2014-01-25,10,-3.033,3,3,10,-1.567,0,1,10,3.770,2,0,11,-6.588,2,4,0,0.000,0,0,0,0.000,0,0
2014-01-26,7,8.181,4,1,1,1.640,1,0,6,-0.053,0,0,15,8.170,6,0,3,-0.430,0,0,1,0.362,0,0
2014-01-27,1,0.589,0,0,1,1.118,1,0,3,-1.531,0,1,16,-2.747,4,5,0,0.000,0,0,10,1.416,2,0
2014-01-28,10,-4.138,1,2,4,-0.131,0,0,4,-1.619,0,1,27,-10.013,4,7,1,-0.142,0,0,0,0.000,0,0
2014-01-29,2,-1.070,0,1,5,-1.763,1,1,3,2.230,2,0,5,-2.503,0,2,0,0.000,0,0,1,-1.467,0,1
2014-01-30,0,0.000,0,0,4,-2.475,0,1,7,-2.756,0,1,41,-5.163,5,8,0,0.000,0,0,2,-0.284,0,0
2014-01-31,0,0.000,0,0,5,2.950,3,1,23,6.530,5,2,32,-0.549,5,6,1,-0.142,0,0,3,-1.847,0,1
2014-02-01,7,-0.534,2,2,5,2.727,2,0,20,2.825,2,1,14,-4.148,2,2,0,0.000,0,0,0,0.000,0,0
2014-02-02,4,2.904,2,1,2,-0.284,0,0,10,3.879,4,1,10,1.062,3,1,1,1.875,1,0,3,0.877,1,0
2014-02-03,4,-0.927,1,1,2,0.256,0,0,2,0.309,0,0,22,-0.176,6,5,0,0.000,0,0,0,0.000,0,0
2014-02-04,4,0.407,0,1,3,0.802,1,0,3,-1.168,0,0,2,-0.884,0,0,2,2.120,1,0,0,0.000,0,0
2014-02-05,1,-1.403,0,1,5,0.834,0,0,3,0.859,1,0,0,0.000,0,0,0,0.000,0,0,1,1.125,1,0
2014-02-06,8,-1.879,1,2,3,-0.426,0,0,6,-0.601,0,1,1,-0.142,0,0,0,0.000,0,0,1,0.895,0,0
2014-02-07,6,0.728,1,1,4,-0.568,0,0,6,1.406,1,0,22,4.369,7,5,1,-1.129,0,1,6,-1.428,0,1
2014-02-08,6,-1.460,1,2,7,-0.381,0,0,12,1.874,1,0,0,0.000,0,0,1,2.436,1,0,4,-3.971,0,3
2014-02-09,9,-9.646,0,4,8,-5.764,1,2,2,0.373,0,0,4,0.611,0,0,1,-1.350,0,1,10,-4.720,1,3
2014-02-10,6,-2.983,0,1,2,2.446,2,0,3,1.534,1,0,18,6.258,5,2,0,0.000,0,0,1,1.204,1,0
2014-02-11,0,0.000,0,0,3,0.845,1,0,3,0.841,1,0,16,-3.806,4,5,0,0.000,0,0,1,-0.142,0,0
2014-02-12,1,0.678,0,0,4,0.895,1,0,4,-0.434,1,1,18,1.946,2,0,0,0.000,0,0,2,-0.284,0,0
2014-02-13,8,-4.983,1,3,8,-3.143,0,2,3,-0.426,0,0,9,1.773,1,0,2,-1.552,0,1,2,-1.605,0,1
2014-02-14,2,-2.305,0,1,1,-0.142,0,0,7,5.229,3,1,12,-6.452,0,2,1,-0.899,0,0,7,-2.497,0,2
2014-02-15,1,-1.666,0,1,6,0.201,1,0,11,-4.278,1,3,16,-1.044,0,1,0,0.000,0,0,5,-1.183,1,2
2014-02-16,0,0.000,0,0,5,2.908,2,0,21,-0.318,1,1,19,2.288,4,1,0,0.000,0,0,5,2.564,0,0
2014-02-17,0,0.000,0,0,2,-0.284,0,0,6,-2.198,0,1,9,2.898,2,1,0,0.000,0,0,14,-8.048,0,5
2014-02-18,0,0.000,0,0,4,0.589,1,0,12,-1.060,0,0,8,-1.936,0,1,1,-0.970,0,0,3,0.174,1,0
2014-02-19,1,0.504,0,0,4,-4.045,0,2,9,3.597,2,0,5,-4.611,0,2,0,0.000,0,0,2,-2.657,0,2
2014-02-20,0,0.000,0,0,5,-1.002,0,1,6,2.147,1,0,2,-3.977,0,2,0,0.000,0,0,1,-1.953,0,1
2014-02-21,0,0.000,0,0,5,1.193,1,0,17,0.798,1,1,3,-0.139,0,0,0,0.000,0,0,1,-0.142,0,0
2014-02-22,0,0.000,0,0,6,1.700,2,1,14,3.496,1,0,9,-1.641,1,1,0,0.000,0,0,3,-3.587,0,2
2014-02-23,1,1.189,1,0,5,-1.708,0,1,11,0.514,2,1,9,-6.523,1,3,0,0.000,0,0,2,-0.941,0,0
2014-02-24,0,0.000,0,0,4,-5.562,0,2,7,-0.050,1,0,13,3.432,2,1,0,0.000,0,0,0,0.000,0,0
2014-02-25,0,0.000,0,0,8,0.329,0,0,11,-6.178,0,4,6,-0.575,1,1,0,0.000,0,0,3,-2.529,1,2
2014-02-26,0,0.000,0,0,4,3.714,3,0,7,1.114,1,1,11,-5.213,1,2,0,0.000,0,0,6,-1.488,0,1
2014-02-27,0,0.000,0,0,2,0.472,0,0,17,5.574,5,1,5,-0.355,0,0,0,0.000,0,0,1,-0.164,0,0
2014-02-28,0,0.000,0,0,0,0.000,0,0,0,0.000,0,0,0,0.000,0,0,0,0.000,0,0,0,0.000,0,0
2014-03-01,0,0.000,0,0,3,3.267,1,0,10,-1.492,1,1,0,0.000,0,0,0,0.000,0,0,1,-0.142,0,0
2014-03-02,0,0.000,0,0,2,1.196,1,0,13,5.472,3,0,0,0.000,0,0,0,0.000,0,0,4,0.103,0,0
2014-03-03,0,0.000,0,0,1,-0.142,0,0,5,2.376,1,0,8,0.930,1,1,2,0.351,1,1,3,-0.476,1,1
2014-03-04,0,0.000,0,0,5,2.287,1,0,2,-0.284,0,0,0,0.000,0,0,0,0.000,0,0,5,-1.108,0,0
2014-03-05,2,-0.284,0,0,5,2.003,1,0,4,0.617,0,0,2,1.047,1,0,0,0.000,0,0,7,-4.238,1,3
2014-03-06,0,0.000,0,0,3,1.396,1,0,8,2.500,1,0,6,-7.025,0,3,0,0.000,0,0,13,-8.240,1,6
2014-03-07,3,-1.524,0,1,0,0.000,0,0,8,2.264,3,2,0,0.000,0,0,0,0.000,0,0,11,-2.668,2,3
2014-03-08,0,0.000,0,0,2,1.594,1,0,19,-0.064,5,3,2,1.601,1,0,1,-0.142,0,0,3,1.690,1,0
2014-03-09,0,0.000,0,0,4,2.311,1,0,13,3.418,4,2,3,0.795,1,0,0,0.000,0,0,2,-0.973,0,0
2014-03-10,0,0.000,0,0,4,-2.291,0,1,3,3.281,2,0,8,-1.707,0,3,0,0.000,0,0,8,-5.310,0,2
2014-03-11,0,0.000,0,0,4,0.823,0,0,4,0.866,1,0,3,-3.385,0,2,0,0.000,0,0,7,-1.172,0,0
2014-03-12,0,0.000,0,0,5,-2.526,0,2,1,-0.142,0,0,5,1.985,1,0,0,0.000,0,0,5,-6.183,0,3
2014-03-13,1,-0.142,0,0,4,2.208,2,0,10,0.154,1,1,0,0.000,0,0,0,0.000,0,0,3,0.906,0,0
2014-03-14,0,0.000,0,0,3,1.555,1,0,12,0.231,0,0,1,-0.142,0,0,0,0.000,0,0,6,-4.692,0,2
2014-03-15,0,0.000,0,0,5,1.037,1,0,11,-3.665,0,2,1,-0.142,0,0,0,0.000,0,0,1,-0.973,0,0
2014-03-16,0,0.000,0,0,3,0.937,1,0,15,6.473,4,0,6,1.546,2,2,0,0.000,0,0,9,-0.057,1,1
2014-03-17,0,0.000,0,0,2,1.882,1,0,7,1.934,0,0,6,-2.150,1,1,0,0.000,0,0,8,-3.658,0,2
2014-03-18,0,0.000,0,0,4,-0.686,0,1,4,-0.334,1,1,1,-0.142,0,0,0,0.000,0,0,3,1.026,1,0
2014-03-19,0,0.000,0,0,5,0.606,0,0,7,-4.286,0,2,2,0.760,0,0,0,0.000,0,0,0,0.000,0,0
2014-03-20,0,0.000,0,0,3,2.527,2,0,10,-2.482,0,1,9,-1.507,0,2,0,0.000,0,0,2,-1.300,0,1
2014-03-21,0,0.000,0,0,2,-0.284,0,0,15,3.134,4,1,1,1.637,1,0,0,0.000,0,0,1,1.360,1,0
2014-03-22,1,0.525,0,0,5,-3.111,0,2,12,3.743,2,0,0,0.000,0,0,0,0.000,0,0,3,0.347,1,0
2014-03-23,4,-0.568,0,0,9,-1.655,1,1,6,1.218,1,0,4,-4.898,0,2,0,0.000,0,0,3,-0.927,0,0
2014-03-24,0,0.000,0,0,1,0.557,0,0,6,0.891,0,0,5,-4.742,0,2,0,0.000,0,0,8,4.545,3,0
2014-03-25,0,0.000,0,0,6,2.738,2,2,11,0.142,2,1,1,-0.142,0,0,0,0.000,0,0,5,-1.805,1,2
2014-03-26,0,0.000,0,0,4,-2.445,0,2,8,3.305,2,0,6,0.923,1,0,0,0.000,0,0,0,0.000,0,0
2014-03-27,0,0.000,0,0,0,0.000,0,0,4,0.344,0,0,3,-0.426,0,0,0,0.000,0,0,4,-1.095,1,2
2014-03-28,0,0.000,0,0,4,-6.862,0,4,24,6.610,6,2,11,-2.800,0,1,0,0.000,0,0,4,2.983,1,0
2014-03-29,1,-0.142,0,0,4,-3.407,0,2,15,2.251,4,1,0,0.000,0,0,0,0.000,0,0,1,-0.590,0,0
2014-03-30,0,0.000,0,0,4,-1.957,0,1,20,7.746,5,1,0,0.000,0,0,0,0.000,0,0,1,1.541,1,0
2014-03-31,1,-0.142,0,0,4,0.117,1,0,6,2.240,2,0,3,-4.169,0,2,0,0.000,0,0,1,0.632,0,0
2014-04-01,0,0.000,0,0,0,0.000,0,0,7,0.646,1,0,3,-2.191,0,1,0,0.000,0,0,0,0.000,0,0
2014-04-02,0,0.000,0,0,2,1.495,1,0,8,-0.550,0,0,0,0.000,0,0,0,0.000,0,0,2,-0.903,1,1
2014-04-03,1,1.023,1,0,4,-1.783,1,1,9,4.310,4,0,2,-1.634,0,1,0,0.000,0,0,0,0.000,0,0
2014-04-04,0,0.000,0,0,3,1.918,1,0,7,-0.683,1,1,7,-0.558,0,0,0,0.000,0,0,1,0.259,0,0
2014-04-05,0,0.000,0,0,3,-0.057,0,0,12,-1.728,1,2,0,0.000,0,0,0,0.000,0,0,5,0.259,0,0
2014-04-06,1,0.387,0,0,2,0.131,0,0,11,1.339,0,0,2,0.898,1,0,0,0.000,0,0,1,-1.865,0,1
2014-04-07,0,0.000,0,0,4,-1.541,0,1,4,1.601,1,0,6,-4.162,0,1,0,0.000,0,0,4,0.401,0,0
2014-04-08,0,0.000,0,0,2,0.611,0,0,4,0.195,0,0,5,-1.016,1,1,0,0.000,0,0,7,-1.578,0,2
2014-04-09,0,0.000,0,0,11,-3.450,1,3,5,0.732,1,0,9,-3.775,0,2,0,0.000,0,0,3,0.493,0,0
2014-04-10,0,0.000,0,0,3,-2.813,0,2,5,-1.722,0,1,7,-3.612,0,1,0,0.000,0,0,0,0.000,0,0
2014-04-11,1,-0.142,0,0,5,-0.693,0,1,5,4.385,3,0,7,3.157,1,0,0,0.000,0,0,0,0.000,0,0
2014-04-12,2,0.952,1,0,6,0.801,1,1,22,-9.119,3,6,0,0.000,0,0,0,0.000,0,0,0,0.000,0,0
2014-04-13,0,0.000,0,0,6,4.993,4,1,13,-1.604,2,3,2,0.976,1,0,0,0.000,0,0,0,0.000,0,0
2014-04-14,0,0.000,0,0,2,-0.306,0,0,4,2.407,1,0,5,-5.111,0,2,0,0.000,0,0,0,0.000,0,0
2014-04-15,0,0.000,0,0,2,-2.991,0,2,8,-1.527,1,1,1,-0.142,0,0,0,0.000,0,0,2,-0.284,0,0
2014-04-16,1,-0.142,0,0,2,-0.284,0,0,8,4.037,2,0,15,-3.570,2,4,0,0.000,0,0,7,1.806,2,0
2014-04-17,0,0.000,0,0,8,2.101,1,0,8,-0.544,1,0,0,0.000,0,0,0,0.000,0,0,2,0.930,0,0
2014-04-18,0,0.000,0,0,6,-0.498,0,1,15,2.423,3,2,0,0.000,0,0,0,0.000,0,0,1,1.633,1,0
2014-04-19,0,0.000,0,0,3,2.042,1,0,21,1.365,2,2,0,0.000,0,0,0,0.000,0,0,0,0.000,0,0
2014-04-20,2,-0.284,0,0,1,-0.142,0,0,4,1.367,1,0,0,0.000,0,0,0,0.000,0,0,0,0.000,0,0
2014-04-21,0,0.000,0,0,1,0.742,0,0,6,1.082,1,0,0,0.000,0,0,0,0.000,0,0,4,-2.079,1,2
2014-04-22,1,-0.142,0,0,0,0.000,0,0,12,5.622,4,0,0,0.000,0,0,0,0.000,0,0,1,1.907,1,0
2014-04-23,0,0.000,0,0,4,0.287,0,0,13,-2.420,3,3,0,0.000,0,0,0,0.000,0,0,5,-0.710,0,0
2014-04-24,0,0.000,0,0,4,-0.568,0,0,8,0.781,1,0,1,-0.142,0,0,0,0.000,0,0,2,2.585,1,0
2014-04-25,0,0.000,0,0,9,-0.466,1,1,9,4.008,3,0,4,2.599,2,0,3,-1.734,0,0,5,-2.177,0,1
2014-04-26,6,0.705,1,1,4,-0.039,1,1,10,4.277,2,0,1,2.333,1,0,0,0.000,0,0,1,-0.142,0,0
2014-04-27,3,-2.433,0,1,2,0.252,1,1,5,1.261,1,0,0,0.000,0,0,0,0.000,0,0,0,0.000,0,0
2014-04-28,0,0.000,0,0,3,-2.773,1,1,4,-1.026,0,1,4,-0.568,0,0,0,0.000,0,0,1,-0.142,0,0
2014-04-29,0,0.000,0,0,3,-3.463,0,2,8,0.119,1,1,16,-3.712,2,2,0,0.000,0,0,1,0.678,0,0
2014-04-30,0,0.000,0,0,4,-0.568,0,0,6,1.676,1,0,1,-0.142,0,0,0,0.000,0,0,2,-0.107,0,0
2014-05-01,1,-0.142,0,0,5,0.180,1,1,5,1.037,1,0,10,-1.254,1,1,0,0.000,0,0,1,0.891,0,0
2014-05-02,1,-0.142,0,0,5,-0.690,1,1,13,1.188,2,1,2,-0.284,0,0,0,0.000,0,0,1,-0.142,0,0
2014-05-03,0,0.000,0,0,3,2.155,1,0,14,-1.537,1,1,0,0.000,0,0,0,0.000,0,0,1,-0.142,0,0
2014-05-04,1,-0.142,0,0,4,-0.345,1,1,7,-1.542,0,0,0,0.000,0,0,0,0.000,0,0,0,0.000,0,0
2014-05-05,0,0.000,0,0,1,-1.200,0,1,8,0.279,2,0,0,0.000,0,0,0,0.000,0,0,2,0.898,1,0
2014-05-06,0,0.000,0,0,4,0.387,1,0,8,0.742,1,0,0,0.000,0,0,0,0.000,0,0,5,6.647,3,0
2014-05-07,0,0.000,0,0,0,0.000,0,0,5,-1.317,0,0,0,0.000,0,0,0,0.000,0,0,3,-1.840,1,1
2014-05-08,2,-0.394,0,0,6,-0.488,0,0,4,-0.156,0,0,0,0.000,0,0,0,0.000,0,0,0,0.000,0,0
2014-05-09,1,1.587,1,0,5,-2.301,0,1,11,-1.297,1,1,8,-1.950,1,1,0,0.000,0,0,0,0.000,0,0
2014-05-10,0,0.000,0,0,5,1.750,1,0,17,2.744,3,1,0,0.000,0,0,0,0.000,0,0,0,0.000,0,0
2014-05-11,2,1.534,1,0,2,1.232,1,0,9,0.497,1,0,1,-1.229,0,1,0,0.000,0,0,1,-0.909,0,0
2014-05-12,1,-0.142,0,0,0,0.000,0,0,6,2.617,1,0,2,-0.284,0,0,0,0.000,0,0,2,-2.078,0,1
2014-05-13,0,0.000,0,0,0,0.000,0,0,5,0.277,0,0,0,0.000,0,0,0,0.000,0,0,1,-0.142,0,0
2014-05-14,0,0.000,0,0,3,-1.790,1,1,8,0.489,0,0,3,-1.673,0,1,0,0.000,0,0,1,1.189,1,0
2014-05-15,1,-0.142,0,0,3,1.047,1,0,5,-0.103,0,0,2,-0.284,0,0,0,0.000,0,0,4,2.195,2,0
2014-05-16,0,0.000,0,0,1,-0.142,0,0,7,-3.638,1,2,14,-4.148,1,2,0,0.000,0,0,2,-2.543,0,1
2014-05-17,0,0.000,0,0,5,5.240,4,1,23,3.245,4,1,0,0.000,0,0,0,0.000,0,0,0,0.000,0,0
2014-05-18,1,-0.142,0,0,2,-1.644,0,1,17,-4.089,2,4,0,0.000,0,0,0,0.000,0,0,0,0.000,0,0
2014-05-19,1,-0.142,0,0,3,0.298,0,0,7,2.187,1,0,3,0.717,1,0,0,0.000,0,0,0,0.000,0,0
2014-05-20,0,0.000,0,0,2,-0.796,0,0,5,2.177,1,0,3,-0.050,0,0,1,-0.142,0,0,0,0.000,0,0
2014-05-21,0,0.000,0,0,1,-0.142,0,0,6,0.959,0,0,6,-5.157,1,3,0,0.000,0,0,0,0.000,0,0
2014-05-22,1,0.916,0,0,4,1.346,1,0,9,0.114,1,0,7,-2.653,0,1,0,0.000,0,0,1,-0.142,0,0
2014-05-23,1,-0.142,0,0,2,2.219,1,0,16,-1.995,1,3,2,-3.417,0,1,0,0.000,0,0,0,0.000,0,0
2014-05-24,1,-0.142,0,0,6,2.500,2,0,14,2.410,2,0,0,0.000,0,0,0,0.000,0,0,1,-0.760,0,0
2014-05-25,2,-0.284,0,0,7,0.717,2,1,15,3.878,3,0,3,-4.315,0,2,0,0.000,0,0,0,0.000,0,0
2014-05-26,2,-0.284,0,0,1,-0.142,0,0,12,-3.336,1,2,0,0.000,0,0,0,0.000,0,0,1,-0.142,0,0
2014-05-27,1,-0.142,0,0,4,-2.362,0,1,3,-0.426,0,0,1,-0.142,0,0,2,-0.050,0,0,4,-1.120,0,2
2014-05-28,1,-0.142,0,0,0,0.000,0,0,1,-0.142,0,0,11,-6.013,1,4,0,0.000,0,0,1,-0.142,0,0
2014-05-29,0,0.000,0,0,2,0.298,0,0,8,-4.070,0,1,3,-4.010,0,1,12,-1.293,1,1,0,0.000,0,0
2014-05-30,1,1.381,1,0,3,-1.453,0,1,7,-0.964,2,2,6,-3.226,2,2,16,0.656,2,1,2,-0.860,0,1
2014-05-31,0,0.000,0,0,0,0.000,0,0,0,0.000,0,0,0,0.000,0,0,0,0.000,0,0,0,0.000,0,0
2014-06-01,0,0.000,0,0,6,0.206,1,1,19,-2.662,2,3,8,-5.591,0,3,16,-1.367,2,2,1,-0.142,0,0
2014-06-02,1,-0.142,0,0,3,1.363,1,0,13,-1.943,2,3,11,-0.640,1,2,30,-8.736,2,5,3,-2.774,0,1
2014-06-03,1,-0.142,0,0,5,2.446,2,0,8,2.712,2,0,8,-3.321,2,3,25,-7.245,1,3,3,-0.757,0,1
2014-06-04,4,-0.568,0,0,5,-1.758,0,1,6,-5.053,0,3,6,-4.639,2,3,16,3.642,4,1,1,0.959,0,0
2014-06-05,0,0.000,0,0,5,2.126,2,1,15,-2.842,2,2,5,2.880,2,0,22,-3.553,3,4,3,-1.790,0,1
2014-06-06,0,0.000,0,0,4,-3.349,0,1,14,3.126,5,3,11,-1.159,2,1,25,-23.894,0,10,5,-0.685,0,0
2014-06-07,1,-0.796,0,0,5,0.145,2,1,14,7.176,4,0,7,-5.483,0,3,8,1.682,1,0,0,0.000,0,0
2014-06-08,0,0.000,0,0,5,0.522,1,1,17,2.567,2,1,1,-0.142,0,0,16,-0.601,1,2,1,-0.142,0,0
2014-06-09,2,1.502,0,0,2,-0.284,0,0,7,3.685,2,0,15,-7.917,1,4,46,-2.486,7,6,1,-0.142,0,0
2014-06-10,1,-0.142,0,0,1,-1.062,0,1,3,-0.068,0,0,1,2.564,1,0,23,-5.893,1,4,1,-0.142,0,0
2014-06-11,0,0.000,0,0,1,-0.142,0,0,9,1.516,0,0,0,0.000,0,0,52,-5.529,7,9,1,1.314,1,0
2014-06-12,1,0.511,0,0,1,-0.721,0,0,7,-1.126,0,1,0,0.000,0,0,20,-8.795,1,5,0,0.000,0,0
2014-06-13,2,1.765,1,0,5,2.287,2,0,18,-0.474,2,2,0,0.000,0,0,15,-0.777,1,2,1,-0.142,0,0
2014-06-14,1,-0.142,0,0,2,1.076,1,0,18,3.886,4,1,2,-1.314,0,1,21,-8.430,1,5,0,0.000,0,0
2014-06-15,4,2.507,1,0,3,0.131,0,0,14,7.487,4,1,1,-0.955,0,0,15,-4.651,1,4,0,0.000,0,0
2014-06-16,1,-0.142,0,0,2,-1.065,0,0,12,3.627,4,3,22,-1.854,3,3,24,-3.915,4,6,1,-0.142,0,0
2014-06-17,3,1.392,1,0,1,-0.142,0,0,9,-0.849,1,1,0,0.000,0,0,4,0.831,1,0,3,-1.889,0,1
2014-06-18,0,0.000,0,0,4,1.370,1,1,7,3.964,3,0,4,-0.288,0,0,18,-9.622,2,6,1,-0.366,0,0
2014-06-19,3,0.259,0,0,4,-3.144,0,2,15,2.232,2,1,1,1.676,1,0,3,-2.501,0,1,0,0.000,0,0
2014-06-20,2,-0.284,0,0,6,-0.146,2,2,19,9.980,5,0,1,-0.142,0,0,14,-8.420,0,3,1,-1.499,0,1
2014-06-21,1,1.168,1,0,6,1.622,3,1,17,6.593,5,1,1,0.213,0,0,11,-3.479,1,3,0,0.000,0,0
2014-06-22,4,2.720,1,0,3,-5.537,0,2,17,7.601,3,0,0,0.000,0,0,3,-1.634,0,1,0,0.000,0,0
2014-06-23,2,-0.203,0,0,4,1.072,1,0,12,-2.256,3,1,1,1.278,1,0,3,0.444,0,0,0,0.000,0,0
2014-06-24,2,-0.284,0,0,1,0.788,0,0,8,1.181,0,1,0,0.000,0,0,3,-2.731,0,1,0,0.000,0,0
2014-06-25,0,0.000,0,0,1,-1.286,0,1,9,3.391,3,0,0,0.000,0,0,5,-1.219,1,1,3,-2.976,0,1
2014-06-26,0,0.000,0,0,2,-0.849,0,0,14,4.712,2,0,20,1.408,6,4,2,-0.284,0,0,4,1.204,1,1
2014-06-27,1,-0.142,0,0,7,-0.014,1,0,17,0.528,2,3,18,3.689,5,2,3,-1.134,1,1,0,0.000,0,0
2014-06-28,0,0.000,0,0,10,2.005,2,1,8,1.597,3,2,4,-2.110,0,1,14,7.096,5,2,1,1.040,1,0
2014-06-29,3,1.068,0,0,2,-2.195,0,1,15,4.097,4,0,6,0.710,2,1,15,-3.350,0,3,1,1.662,1,0
2014-06-30,1,-0.142,0,0,4,0.621,0,0,2,-0.284,0,0,42,-5.472,7,9,14,-3.603,2,3,7,2.147,2,0
2014-07-01,1,-0.142,0,0,5,-1.538,0,1,7,1.881,1,0,7,2.044,2,2,8,4.580,4,0,2,0.977,0,0
2014-07-02,1,0.128,0,0,2,1.722,1,0,8,4.809,2,0,5,2.326,1,0,4,2.528,1,0,3,-0.793,1,1
2014-07-03,1,-0.142,0,0,1,0.295,0,0,21,-3.102,1,2,26,19.679,11,2,2,-2.450,0,1,1,-2.102,0,1
2014-07-04,2,-0.838,0,1,7,5.006,2,0,14,1.232,1,1,0,0.000,0,0,6,0.550,1,1,0,0.000,0,0
2014-07-05,4,4.420,3,0,3,-1.190,0,0,28,-5.935,2,4,0,0.000,0,0,3,-1.928,0,1,2,-0.284,0,0
2014-07-06,5,-0.710,0,0,4,-4.510,0,2,4,3.217,2,0,0,0.000,0,0,2,-2.341,0,1,4,0.481,2,1
2014-07-07,1,-0.142,0,0,0,0.000,0,0,6,2.563,2,0,6,2.074,2,0,6,-0.923,0,0,2,3.525,1,0
2014-07-08,0,0.000,0,0,3,0.039,0,0,7,5.188,4,0,7,3.909,3,2,13,6.574,4,1,1,0.930,0,0
2014-07-09,1,0.923,0,0,2,-0.284,0,0,9,-2.088,1,2,0,0.000,0,0,6,0.276,0,1,0,0.000,0,0
2014-07-10,1,-0.142,0,0,0,0.000,0,0,7,0.432,0,0,0,0.000,0,0,5,0.855,2,1,2,-1.179,0,1
2014-07-11,1,0.593,0,0,3,0.074,0,0,15,-0.273,4,3,1,1.211,1,0,21,1.327,6,4,0,0.000,0,0
2014-07-12,0,0.000,0,0,6,-1.239,0,1,13,3.628,3,1,1,-0.142,0,0,10,-4.800,0,2,0,0.000,0,0
2014-07-13,1,0.291,0,0,5,-0.242,1,1,10,5.781,3,0,0,0.000,0,0,4,-0.254,2,1,0,0.000,0,0
2014-07-14,3,-0.750,0,0,4,-0.559,0,0,4,0.404,1,0,0,0.000,0,0,6,-1.407,1,1,0,0.000,0,0
2014-07-15,0,0.000,0,0,16,-1.042,2,3,4,3.863,2,0,0,0.000,0,0,15,-6.330,3,6,0,0.000,0,0
2014-07-16,0,0.000,0,0,9,0.227,2,1,4,0.806,1,0,0,0.000,0,0,7,-4.930,0,3,0,0.000,0,0
2014-07-17,3,1.722,1,0,7,-1.115,1,1,5,0.299,0,0,0,0.000,0,0,1,-2.649,0,1,0,0.000,0,0
2014-07-18,1,1.566,1,0,22,-0.537,1,1,6,1.072,1,0,1,0.706,0,0,1,0.323,0,0,2,-0.284,0,0
2014-07-19,0,0.000,0,0,12,2.155,4,1,8,-0.487,1,1,3,2.510,1,0,0,0.000,0,0,1,-1.229,0,1
2014-07-20,2,1.047,1,0,14,3.165,4,1,9,-0.363,1,1,2,-1.229,1,1,0,0.000,0,0,1,-0.089,0,0
2014-07-21,1,-0.142,0,0,5,1.054,1,0,4,1.001,1,0,6,-3.161,0,1,3,-4.468,0,2,0,0.000,0,0
2014-07-22,5,2.382,2,0,9,4.647,4,0,4,1.438,1,0,1,0.319,0,0,6,2.496,1,0,1,0.106,0,0
2014-07-23,0,0.000,0,0,5,-0.029,0,0,6,-2.795,0,1,1,1.321,1,0,1,-0.210,0,0,1,-0.142,0,0
2014-07-24,2,1.271,1,0,10,-0.387,2,2,9,3.309,3,1,1,0.639,0,0,8,0.407,0,0,2,1.967,1,0
2014-07-25,1,-0.142,0,0,7,3.231,2,0,20,13.386,7,0,3,-1.637,1,1,3,-0.384,0,0,0,0.000,0,0
2014-07-26,7,2.791,2,0,1,-0.142,0,0,13,-0.818,2,2,0,0.000,0,0,1,-0.142,0,0,0,0.000,0,0
2014-07-27,5,2.397,1,0,4,1.366,1,0,11,-0.096,0,1,6,-5.317,0,2,6,-0.690,1,0,1,-0.142,0,0
2014-07-28,1,-0.142,0,0,8,-4.109,0,1,3,0.462,0,0,5,-2.337,0,1,3,3.821,2,0,2,-1.065,0,0
2014-07-29,3,-0.288,0,0,1,-0.142,0,0,11,0.330,1,1,0,0.000,0,0,7,2.069,1,1,0,0.000,0,0
2014-07-30,2,-0.284,0,0,1,-1.655,0,1,4,2.858,2,0,15,-12.523,0,6,4,-2.411,0,1,2,1.310,1,0
2014-07-31,2,-0.284,0,0,5,3.273,2,0,16,5.652,5,0,14,-8.205,0,3,9,-0.332,2,3,1,-0.142,0,0
2014-08-01,1,-0.142,0,0,5,0.515,1,0,11,-1.279,0,1,8,-1.993,0,1,6,2.499,2,0,2,-2.014,0,1
2014-08-02,2,1.271,1,0,5,1.108,1,0,12,8.235,4,0,2,-0.284,0,0,1,-1.389,0,1,3,-1.002,1,1
2014-08-03,5,-0.710,0,0,6,-0.852,0,0,10,2.180,2,0,0,0.000,0,0,1,-0.142,0,0,3,2.432,1,0
2014-08-04,3,-1.396,0,1,4,1.367,0,0,7,3.259,2,0,6,3.355,2,1,1,1.566,1,0,5,-0.210,0,0
2014-08-05,1,-0.142,0,0,14,-3.672,0,1,10,6.557,4,1,2,0.731,0,0,1,1.253,1,0,10,-0.566,1,1
2014-08-06,4,-0.568,0,0,4,-1.417,0,1,11,1.848,3,1,7,-4.894,0,3,3,-0.430,0,0,5,-3.641,0,2
2014-08-07,2,-0.284,0,0,5,0.060,0,0,10,-6.127,2,4,1,-1.705,0,1,4,-0.568,0,0,0,0.000,0,0
2014-08-08,3,2.805,2,0,6,-0.991,1,1,6,0.560,1,1,5,7.872,2,0,4,1.910,1,0,0,0.000,0,0
2014-08-09,1,0.746,0,0,4,-0.665,0,1,18,0.475,3,1,0,0.000,0,0,3,-0.757,0,0,0,0.000,0,0
2014-08-10,1,-0.171,0,0,4,3.916,3,0,11,-1.502,0,1,0,0.000,0,0,3,0.738,1,0,6,3.192,2,0
2014-08-11,0,0.000,0,0,8,-1.119,1,1,2,1.346,1,0,8,0.401,1,1,4,-1.489,0,1,8,-4.218,0,4
2014-08-12,0,0.000,0,0,6,2.368,2,1,13,1.349,3,1,1,-0.142,0,0,4,-0.302,0,1,1,-1.857,0,1
2014-08-13,5,-1.123,0,0,8,-3.321,1,1,8,-0.299,1,1,5,-3.076,1,2,8,8.025,5,1,1,-0.721,0,0
2014-08-14,3,-0.426,0,0,4,-3.573,0,2,32,2.637,5,2,4,-1.563,0,1,2,-0.284,0,0,3,-0.426,0,0
2014-08-15,1,-0.142,0,0,0,0.000,0,0,1,-0.142,0,0,0,0.000,0,0,0,0.000,0,0,0,0.000,0,0
2014-08-16,0,0.000,0,0,0,0.000,0,0,0,0.000,0,0,0,0.000,0,0,0,0.000,0,0,0,0.000,0,0
2014-08-17,0,0.000,0,0,0,0.000,0,0,0,0.000,0,0,0,0.000,0,0,0,0.000,0,0,0,0.000,0,0
2014-08-18,0,0.000,0,0,0,0.000,0,0,0,0.000,0,0,0,0.000,0,0,0,0.000,0,0,0,0.000,0,0
2014-08-19,0,0.000,0,0,0,0.000,0,0,0,0.000,0,0,0,0.000,0,0,0,0.000,0,0,0,0.000,0,0
2014-08-20,0,0.000,0,0,0,0.000,0,0,0,0.000,0,0,0,0.000,0,0,0,0.000,0,0,0,0.000,0,0
2014-08-21,0,0.000,0,0,1,-1.158,0,1,1,-0.455,0,0,0,0.000,0,0,0,0.000,0,0,0,0.000,0,0
2014-08-22,1,-0.142,0,0,5,-4.091,0,1,23,-1.463,5,4,5,-3.596,1,2,1,-0.142,0,0,6,-4.510,1,3
2014-08-23,0,0.000,0,0,0,0.000,0,0,0,0.000,0,0,0,0.000,0,0,0,0.000,0,0,0,0.000,0,0
2014-08-24,0,0.000,0,0,0,0.000,0,0,0,0.000,0,0,0,0.000,0,0,0,0.000,0,0,0,0.000,0,0
2014-08-25,0,0.000,0,0,0,0.000,0,0,0,0.000,0,0,0,0.000,0,0,0,0.000,0,0,0,0.000,0,0
2014-08-26,0,0.000,0,0,0,0.000,0,0,0,0.000,0,0,0,0.000,0,0,0,0.000,0,0,0,0.000,0,0
2014-08-27,0,0.000,0,0,2,0.746,0,0,0,0.000,0,0,2,-0.284,0,0,0,0.000,0,0,1,-1.176,0,1
2014-08-28,0,0.000,0,0,9,1.164,2,0,11,0.262,1,0,19,-13.459,2,7,1,-0.142,0,0,10,1.668,1,0
2014-08-29,1,-0.142,0,0,27,4.507,3,0,5,2.262,2,0,5,-0.970,1,1,1,-0.433,0,0,0,0.000,0,0
2014-08-30,4,4.413,2,0,19,9.024,7,0,38,-0.660,4,5,5,-3.590,0,1,1,-0.142,0,0,3,0.167,0,0
2014-08-31,0,0.000,0,0,0,0.000,0,0,0,0.000,0,0,0,0.000,0,0,0,0.000,0,0,0,0.000,0,0
2014-09-01,1,-0.142,0,0,6,0.011,1,0,24,-5.570,1,2,13,0.223,3,2,10,-5.110,0,4,7,-1.464,0,0
2014-09-02,3,-1.197,0,0,2,-1.076,1,1,6,0.554,1,0,24,3.957,8,6,5,2.706,2,0,7,1.384,2,1
2014-09-03,3,3.704,2,0,9,0.430,1,1,18,2.034,2,1,26,-9.187,4,7,1,2.006,1,0,2,0.195,0,0
2014-09-04,0,0.000,0,0,6,-1.918,0,1,17,-2.959,0,2,3,0.579,0,0,1,-0.142,0,0,2,-0.515,0,0
2014-09-05,4,3.426,2,0,10,4.726,2,1,19,8.002,5,0,11,-0.469,2,1,1,-0.671,0,0,3,-0.327,0,0
2014-09-06,0,0.000,0,0,0,0.000,0,0,0,0.000,0,0,0,0.000,0,0,0,0.000,0,0,0,0.000,0,0
2014-09-07,0,0.000,0,0,0,0.000,0,0,0,0.000,0,0,0,0.000,0,0,0,0.000,0,0,0,0.000,0,0
2014-09-08,0,0.000,0,0,0,0.000,0,0,0,0.000,0,0,0,0.000,0,0,0,0.000,0,0,0,0.000,0,0
2014-09-09,0,0.000,0,0,0,0.000,0,0,0,0.000,0,0,0,0.000,0,0,0,0.000,0,0,0,0.000,0,0
2014-09-10,0,0.000,0,0,0,0.000,0,0,0,0.000,0,0,0,0.000,0,0,0,0.000,0,0,0,0.000,0,0
2014-09-11,0,0.000,0,0,0,0.000,0,0,0,0.000,0,0,0,0.000,0,0,0,0.000,0,0,0,0.000,0,0
2014-09-12,0,0.000,0,0,0,0.000,0,0,0,0.000,0,0,0,0.000,0,0,0,0.000,0,0,0,0.000,0,0
2014-09-13,0,0.000,0,0,0,0.000,0,0,0,0.000,0,0,0,0.000,0,0,0,0.000,0,0,0,0.000,0,0
2014-09-14,0,0.000,0,0,0,0.000,0,0,0,0.000,0,0,0,0.000,0,0,0,0.000,0,0,0,0.000,0,0
2014-09-15,0,0.000,0,0,0,0.000,0,0,0,0.000,0,0,0,0.000,0,0,0,0.000,0,0,0,0.000,0,0
2014-09-16,0,0.000,0,0,0,0.000,0,0,0,0.000,0,0,0,0.000,0,0,0,0.000,0,0,0,0.000,0,0
2014-09-17,0,0.000,0,0,0,0.000,0,0,0,0.000,0,0,0,0.000,0,0,0,0.000,0,0,0,0.000,0,0
2014-09-18,0,0.000,0,0,0,0.000,0,0,0,0.000,0,0,0,0.000,0,0,0,0.000,0,0,0,0.000,0,0
2014-09-19,0,0.000,0,0,0,0.000,0,0,0,0.000,0,0,0,0.000,0,0,0,0.000,0,0,0,0.000,0,0
2014-09-20,0,0.000,0,0,0,0.000,0,0,0,0.000,0,0,0,0.000,0,0,0,0.000,0,0,0,0.000,0,0
2014-09-21,0,0.000,0,0,0,0.000,0,0,0,0.000,0,0,0,0.000,0,0,0,0.000,0,0,0,0.000,0,0
2014-09-22,0,0.000,0,0,0,0.000,0,0,0,0.000,0,0,0,0.000,0,0,0,0.000,0,0,0,0.000,0,0
2014-09-23,0,0.000,0,0,0,0.000,0,0,0,0.000,0,0,0,0.000,0,0,0,0.000,0,0,0,0.000,0,0
2014-09-24,0,0.000,0,0,0,0.000,0,0,0,0.000,0,0,0,0.000,0,0,0,0.000,0,0,0,0.000,0,0
2014-09-25,0,0.000,0,0,0,0.000,0,0,0,0.000,0,0,0,0.000,0,0,0,0.000,0,0,0,0.000,0,0
2014-09-26,0,0.000,0,0,0,0.000,0,0,0,0.000,0,0,0,0.000,0,0,0,0.000,0,0,0,0.000,0,0
2014-09-27,0,0.000,0,0,0,0.000,0,0,0,0.000,0,0,0,0.000,0,0,0,0.000,0,0,0,0.000,0,0
2014-09-28,0,0.000,0,0,0,0.000,0,0,0,0.000,0,0,0,0.000,0,0,0,0.000,0,0,0,0.000,0,0
2014-09-29,1,-0.142,0,0,0,0.000,0,0,0,0.000,0,0,0,0.000,0,0,0,0.000,0,0,0,0.000,0,0
2014-09-30,1,-0.164,0,0,7,2.961,2,0,4,1.331,2,1,0,0.000,0,0,0,0.000,0,0,4,0.404,1,0
2014-10-01,6,0.909,1,1,26,-6.774,3,5,11,2.489,2,0,0,0.000,0,0,0,0.000,0,0,6,-4.299,0,1
2014-10-02,0,0.000,0,0,26,-3.122,4,5,20,1.770,3,0,0,0.000,0,0,2,2.717,2,0,0,0.000,0,0
2014-10-03,4,1.803,1,0,14,-10.104,1,6,14,5.605,5,1,0,0.000,0,0,2,1.218,0,0,0,0.000,0,0
2014-10-04,2,-0.636,0,0,3,1.082,1,1,14,5.002,3,0,0,0.000,0,0,2,-1.815,0,1,2,-0.032,0,0
2014-10-05,3,0.508,0,0,2,0.476,0,0,11,2.083,0,0,0,0.000,0,0,0,0.000,0,0,0,0.000,0,0
2014-10-06,1,-0.142,0,0,2,1.434,0,0,11,-0.445,2,2,0,0.000,0,0,3,-1.162,0,1,0,0.000,0,0
2014-10-07,4,-0.001,1,0,7,1.537,3,1,11,-0.551,0,1,0,0.000,0,0,3,-1.705,0,0,2,-1.115,0,0
2014-10-08,0,0.000,0,0,3,-1.673,0,1,18,11.452,7,1,0,0.000,0,0,1,-0.142,0,0,0,0.000,0,0
2014-10-09,0,0.000,0,0,3,1.196,1,0,17,4.300,4,1,0,0.000,0,0,0,0.000,0,0,0,0.000,0,0
2014-10-10,0,0.000,0,0,6,-1.567,1,1,21,3.541,6,4,0,0.000,0,0,1,-0.142,0,0,0,0.000,0,0
2014-10-11,3,-0.629,0,0,4,-0.547,0,0,22,4.515,6,2,0,0.000,0,0,2,-3.637,0,2,0,0.000,0,0
2014-10-12,1,-0.142,0,0,2,1.069,1,0,21,-3.151,5,4,0,0.000,0,0,1,3.409,1,0,0,0.000,0,0
2014-10-13,2,1.225,1,0,2,-2.419,0,1,23,5.724,4,1,0,0.000,0,0,6,-2.469,0,2,0,0.000,0,0
2014-10-14,0,0.000,0,0,13,-3.266,2,3,15,8.880,5,1,3,3.096,2,0,5,0.418,1,1,0,0.000,0,0
2014-10-15,0,0.000,0,0,6,4.498,3,0,18,9.865,6,1,0,0.000,0,0,1,-0.142,0,0,0,0.000,0,0
2014-10-16,1,0.969,0,0,6,0.043,0,0,17,8.029,6,0,1,0.437,0,0,12,3.748,3,0,0,0.000,0,0
2014-10-17,0,0.000,0,0,25,-0.321,3,1,13,-0.235,0,0,0,0.000,0,0,2,0.696,0,0,0,0.000,0,0
2014-10-18,0,0.000,0,0,5,2.816,1,1,18,8.738,7,1,0,0.000,0,0,0,0.000,0,0,0,0.000,0,0
2014-10-19,0,0.000,0,0,0,0.000,0,0,0,0.000,0,0,0,0.000,0,0,0,0.000,0,0,0,0.000,0,0
2014-10-20,1,-0.142,0,0,4,2.006,1,0,2,1.051,0,0,0,0.000,0,0,1,-0.142,0,0,0,0.000,0,0
2014-10-21,5,-0.710,0,0,8,-4.694,0,2,5,2.065,1,0,0,0.000,0,0,0,0.000,0,0,0,0.000,0,0
2014-10-22,4,-0.565,0,0,4,-2.291,0,1,27,10.457,5,0,2,-1.545,0,1,3,3.774,3,0,0,0.000,0,0
2014-10-23,0,0.000,0,0,9,-2.149,1,1,15,4.705,4,0,0,0.000,0,0,0,0.000,0,0,0,0.000,0,0
2014-10-24,2,-1.801,0,1,5,-0.015,1,1,28,-1.726,4,4,1,-0.142,0,0,1,-0.142,0,0,0,0.000,0,0
2014-10-25,5,0.543,2,1,5,2.734,2,0,19,5.264,4,1,0,0.000,0,0,20,-10.578,0,5,0,0.000,0,0
2014-10-26,4,-1.371,0,0,10,3.679,2,0,13,3.005,1,0,0,0.000,0,0,14,-0.166,2,3,0,0.000,0,0
2014-10-27,2,1.839,1,0,3,2.119,1,0,13,8.396,6,0,0,0.000,0,0,0,0.000,0,0,0,0.000,0,0
2014-10-28,0,0.000,0,0,5,0.550,1,0,23,-1.419,3,3,0,0.000,0,0,4,-0.568,0,0,0,0.000,0,0
2014-10-29,0,0.000,0,0,6,-4.571,0,2,20,3.371,6,2,0,0.000,0,0,2,-1.286,0,1,0,0.000,0,0
2014-10-30,0,0.000,0,0,5,-0.136,1,1,17,-1.566,1,1,0,0.000,0,0,0,0.000,0,0,0,0.000,0,0
2014-10-31,2,2.393,1,0,16,-2.086,1,2,20,8.161,7,2,0,0.000,0,0,0,0.000,0,0,0,0.000,0,0
2014-11-01,0,0.000,0,0,5,5.556,3,0,21,8.955,4,1,0,0.000,0,0,0,0.000,0,0,0,0.000,0,0
2014-11-02,0,0.000,0,0,10,6.522,5,0,36,4.719,8,4,0,0.000,0,0,1,0.277,0,0,0,0.000,0,0
2014-11-03,2,0.557,0,0,5,-1.279,0,1,28,10.777,9,3,0,0.000,0,0,3,-1.144,1,1,0,0.000,0,0
2014-11-04,2,1.570,0,0,5,-0.477,1,0,32,-9.145,4,8,1,-0.142,0,0,5,8.292,3,0,0,0.000,0,0
2014-11-05,2,0.845,0,0,13,-6.319,0,2,6,5.152,4,0,0,0.000,0,0,0,0.000,0,0,0,0.000,0,0
2014-11-06,0,0.000,0,0,15,-0.211,1,1,7,1.793,0,0,1,-0.142,0,0,0,0.000,0,0,0,0.000,0,0
2014-11-07,1,0.678,0,0,1,-0.142,0,0,17,-0.602,2,3,0,0.000,0,0,4,3.010,2,0,0,0.000,0,0
2014-11-08,1,0.987,0,0,7,2.703,1,0,21,1.388,3,1,0,0.000,0,0,0,0.000,0,0,0,0.000,0,0
2014-11-09,0,0.000,0,0,6,0.781,0,0,3,0.458,0,0,0,0.000,0,0,0,0.000,0,0,0,0.000,0,0
2014-11-10,0,0.000,0,0,1,1.019,1,0,7,-0.956,0,0,0,0.000,0,0,3,2.237,1,0,0,0.000,0,0
2014-11-11,1,-0.142,0,0,6,0.375,2,2,14,4.172,3,0,0,0.000,0,0,3,-1.307,0,1,0,0.000,0,0
2014-11-12,2,-1.900,0,1,13,-1.726,2,1,18,5.765,3,2,3,-5.129,0,3,0,0.000,0,0,0,0.000,0,0
2014-11-13,0,0.000,0,0,20,3.837,5,3,5,-2.014,0,1,0,0.000,0,0,5,-5.246,0,3,0,0.000,0,0
2014-11-14,0,0.000,0,0,3,2.876,2,0,12,4.590,1,0,0,0.000,0,0,2,0.373,0,0,0,0.000,0,0
2014-11-15,2,1.157,0,0,6,0.607,0,0,20,-1.593,2,2,0,0.000,0,0,0,0.000,0,0,0,0.000,0,0
2014-11-16,1,-0.142,0,0,3,-1.276,0,1,15,9.934,7,0,0,0.000,0,0,1,0.763,0,0,0,0.000,0,0
2014-11-17,1,-0.142,0,0,5,-1.947,1,1,3,0.515,0,0,0,0.000,0,0,0,0.000,0,0,0,0.000,0,0
2014-11-18,1,-0.142,0,0,2,0.848,1,1,6,2.805,1,0,0,0.000,0,0,1,1.257,1,0,0,0.000,0,0
2014-11-19,2,0.355,0,0,6,-2.404,0,2,10,0.020,0,0,0,0.000,0,0,0,0.000,0,0,0,0.000,0,0
2014-11-20,0,0.000,0,0,2,0.685,0,0,0,0.000,0,0,0,0.000,0,0,0,0.000,0,0,0,0.000,0,0
2014-11-21,1,-0.142,0,0,4,-1.399,1,1,7,2.332,2,0,0,0.000,0,0,2,-0.284,0,0,0,0.000,0,0
2014-11-22,2,-0.264,0,1,14,4.931,5,2,20,-0.982,1,2,0,0.000,0,0,1,-0.142,0,0,0,0.000,0,0
2014-11-23,0,0.000,0,0,10,3.014,2,0,16,7.555,6,2,0,0.000,0,0,0,0.000,0,0,0,0.000,0,0
2014-11-24,0,0.000,0,0,1,-0.142,0,0,17,-2.233,2,2,0,0.000,0,0,1,-0.142,0,0,0,0.000,0,0
2014-11-25,0,0.000,0,0,15,-3.829,3,5,10,-1.033,2,2,1,-2.827,0,1,0,0.000,0,0,0,0.000,0,0
2014-11-26,3,-0.657,0,1,2,2.187,1,0,16,1.384,3,1,0,0.000,0,0,0,0.000,0,0,0,0.000,0,0
2014-11-27,3,2.045,1,0,5,-0.664,0,0,4,1.238,0,0,0,0.000,0,0,1,-0.142,0,0,0,0.000,0,0
2014-11-28,1,0.785,0,0,1,-0.142,0,0,13,1.065,2,0,0,0.000,0,0,1,-0.142,0,0,0,0.000,0,0
2014-11-29,0,0.000,0,0,2,0.894,1,0,17,3.007,3,1,0,0.000,0,0,2,-0.643,0,0,1,-0.469,0,0
2014-11-30,1,-0.142,0,0,8,2.499,4,1,11,0.667,2,1,0,0.000,0,0,3,-1.122,0,0,0,0.000,0,0
2014-12-01,0,0.000,0,0,2,-0.284,0,0,11,3.671,3,0,0,0.000,0,0,0,0.000,0,0,0,0.000,0,0
2014-12-02,2,0.330,0,0,14,6.472,3,0,13,0.719,3,3,0,0.000,0,0,0,0.000,0,0,0,0.000,0,0
2014-12-03,1,-0.142,0,0,12,1.892,1,0,10,2.386,2,1,0,0.000,0,0,0,0.000,0,0,0,0.000,0,0
2014-12-04,0,0.000,0,0,5,1.920,1,0,5,1.179,1,0,0,0.000,0,0,0,0.000,0,0,0,0.000,0,0
2014-12-05,2,-1.360,0,1,0,0.000,0,0,14,-1.180,0,1,2,1.253,1,0,0,0.000,0,0,0,0.000,0,0
2014-12-06,3,-1.065,0,0,6,5.624,3,1,33,6.466,6,2,0,0.000,0,0,1,-0.142,0,0,0,0.000,0,0
2014-12-07,0,0.000,0,0,10,7.950,5,0,18,-1.499,2,3,0,0.000,0,0,0,0.000,0,0,0,0.000,0,0
2014-12-08,1,-0.142,0,0,4,2.148,1,0,5,0.528,0,0,1,-0.142,0,0,0,0.000,0,0,0,0.000,0,0
2014-12-09,2,-0.579,0,0,1,0.777,0,0,9,0.788,1,0,0,0.000,0,0,0,0.000,0,0,0,0.000,0,0
2014-12-10,0,0.000,0,0,0,0.000,0,0,0,0.000,0,0,0,0.000,0,0,0,0.000,0,0,0,0.000,0,0
2014-12-11,3,-0.199,0,0,0,0.000,0,0,5,3.117,1,0,0,0.000,0,0,1,-0.142,0,0,0,0.000,0,0
2014-12-12,0,0.000,0,0,0,0.000,0,0,0,0.000,0,0,0,0.000,0,0,0,0.000,0,0,0,0.000,0,0
2014-12-13,0,0.000,0,0,2,2.674,1,0,6,-0.008,2,1,0,0.000,0,0,0,0.000,0,0,0,0.000,0,0
2014-12-14,0,0.000,0,0,4,-0.980,0,0,12,0.307,1,0,1,-1.272,0,1,1,0.618,0,0,0,0.000,0,0
2014-12-15,0,0.000,0,0,0,0.000,0,0,3,-0.707,0,0,3,-0.426,0,0,0,0.000,0,0,0,0.000,0,0
2014-12-16,0,0.000,0,0,9,2.321,0,0,3,1.218,0,0,1,1.225,1,0,0,0.000,0,0,1,-2.053,0,1
2014-12-17,0,0.000,0,0,1,-0.174,0,0,3,2.610,1,0,1,-0.142,0,0,1,-0.142,0,0,0,0.000,0,0
2014-12-18,0,0.000,0,0,1,2.216,1,0,6,-0.092,0,0,1,-1.975,0,1,0,0.000,0,0,0,0.000,0,0
2014-12-19,0,0.000,0,0,1,-2.905,0,1,11,1.449,2,0,0,0.000,0,0,0,0.000,0,0,0,0.000,0,0
2014-12-20,0,0.000,0,0,4,1.771,2,1,18,-0.198,2,1,0,0.000,0,0,1,-0.142,0,0,0,0.000,0,0
2014-12-21,0,0.000,0,0,6,-0.271,1,1,11,1.903,0,1,0,0.000,0,0,0,0.000,0,0,0,0.000,0,0
2014-12-22,0,0.000,0,0,1,-0.636,0,0,11,8.518,5,0,0,0.000,0,0,0,0.000,0,0,1,-0.142,0,0
2014-12-23,0,0.000,0,0,2,-0.710,0,0,15,11.276,4,0,0,0.000,0,0,0,0.000,0,0,0,0.000,0,0
2014-12-24,0,0.000,0,0,3,2.588,2,0,9,3.994,3,0,0,0.000,0,0,1,0.618,0,0,0,0.000,0,0
2014-12-25,0,0.000,0,0,0,0.000,0,0,0,0.000,0,0,0,0.000,0,0,0,0.000,0,0,1,0.522,0,0
2014-12-26,0,0.000,0,0,0,0.000,0,0,8,-0.029,0,0,0,0.000,0,0,0,0.000,0,0,0,0.000,0,0
2014-12-27,0,0.000,0,0,8,-0.772,1,2,18,0.042,2,1,0,0.000,0,0,0,0.000,0,0,0,0.000,0,0
2014-12-28,0,0.000,0,0,5,2.312,3,1,20,-3.321,0,1,0,0.000,0,0,0,0.000,0,0,0,0.000,0,0
2014-12-29,0,0.000,0,0,2,1.349,1,0,12,2.438,4,2,0,0.000,0,0,1,-3.036,0,1,0,0.000,0,0
2014-12-30,0,0.000,0,0,2,1.314,1,0,4,2.393,1,0,0,0.000,0,0,0,0.000,0,0,0,0.000,0,0
2014-12-31,0,0.000,0,0,7,-0.644,2,0,9,-1.651,0,1,0,0.000,0,0,0,0.000,0,0,0,0.000,0,0
2015-01-01,6,-0.139,1,1,7,2.670,2,0,7,0.787,1,0,0,0.000,0,0,2,-0.284,0,0,0,0.000,0,0
2015-01-02,6,-2.724,0,1,6,3.396,1,0,13,-2.553,1,2,0,0.000,0,0,1,-0.945,0,0,0,0.000,0,0
2015-01-03,14,1.101,2,1,17,-0.649,1,0,5,0.710,1,0,0,0.000,0,0,1,1.374,1,0,0,0.000,0,0
2015-01-04,3,-0.398,1,1,7,2.311,2,0,9,1.448,1,0,0,0.000,0,0,0,0.000,0,0,0,0.000,0,0
2015-01-05,0,0.000,0,0,3,-1.715,1,2,5,0.039,0,0,0,0.000,0,0,0,0.000,0,0,0,0.000,0,0
2015-01-06,1,0.987,0,0,1,1.086,1,0,5,0.444,1,0,0,0.000,0,0,0,0.000,0,0,1,0.973,0,0
2015-01-07,0,0.000,0,0,5,-2.930,0,1,6,3.164,2,0,0,0.000,0,0,0,0.000,0,0,0,0.000,0,0
2015-01-08,12,-4.276,1,4,4,-0.004,0,0,6,-0.288,0,0,0,0.000,0,0,0,0.000,0,0,1,-0.391,0,0
2015-01-09,2,-0.284,0,0,0,0.000,0,0,8,4.047,1,0,0,0.000,0,0,0,0.000,0,0,0,0.000,0,0
2015-01-10,3,-3.334,0,2,4,0.870,1,1,6,0.632,0,0,0,0.000,0,0,0,0.000,0,0,0,0.000,0,0
2015-01-11,0,0.000,0,0,3,0.472,0,0,11,-0.198,2,1,1,1.552,1,0,0,0.000,0,0,1,0.891,0,0
2015-01-12,0,0.000,0,0,0,0.000,0,0,9,-1.222,2,1,0,0.000,0,0,0,0.000,0,0,0,0.000,0,0
2015-01-13,0,0.000,0,0,2,-0.284,0,0,5,3.189,3,1,0,0.000,0,0,0,0.000,0,0,0,0.000,0,0
2015-01-14,0,0.000,0,0,0,0.000,0,0,6,1.233,1,0,0,0.000,0,0,0,0.000,0,0,0,0.000,0,0
2015-01-15,0,0.000,0,0,5,-2.550,0,2,7,2.449,3,1,3,-1.542,0,1,0,0.000,0,0,0,0.000,0,0
2015-01-16,0,0.000,0,0,4,-0.387,0,0,6,-0.167,0,0,0,0.000,0,0,0,0.000,0,0,0,0.000,0,0
2015-01-17,0,0.000,0,0,2,0.237,0,0,19,-2.551,3,4,0,0.000,0,0,0,0.000,0,0,0,0.000,0,0
2015-01-18,0,0.000,0,0,6,-2.892,0,1,12,1.108,3,1,0,0.000,0,0,0,0.000,0,0,0,0.000,0,0
2015-01-19,0,0.000,0,0,4,-0.420,1,1,7,-0.093,0,0,0,0.000,0,0,0,0.000,0,0,0,0.000,0,0
2015-01-20,0,0.000,0,0,0,0.000,0,0,2,-0.011,0,0,0,0.000,0,0,0,0.000,0,0,0,0.000,0,0
2015-01-21,0,0.000,0,0,4,-2.408,1,1,3,-1.676,0,0,0,0.000,0,0,0,0.000,0,0,0,0.000,0,0
2015-01-22,0,0.000,0,0,4,-1.308,1,1,1,-0.142,0,0,0,0.000,0,0,0,0.000,0,0,0,0.000,0,0
2015-01-23,1,-2.177,0,1,1,-0.142,0,0,6,2.293,0,0,0,0.000,0,0,0,0.000,0,0,1,1.690,1,0
2015-01-24,0,0.000,0,0,1,0.358,0,0,4,-0.679,0,1,0,0.000,0,0,0,0.000,0,0,0,0.000,0,0
2015-01-25,0,0.000,0,0,3,-1.548,0,1,2,-1.861,0,1,0,0.000,0,0,0,0.000,0,0,1,-0.142,0,0
2015-01-26,0,0.000,0,0,5,3.575,2,0,4,0.216,2,1,0,0.000,0,0,0,0.000,0,0,1,-0.142,0,0
2015-01-27,0,0.000,0,0,1,-0.654,0,0,2,0.337,0,0,1,0.792,0,0,0,0.000,0,0,1,-2.617,0,1
2015-01-28,0,0.000,0,0,1,2.940,1,0,4,-1.524,0,1,3,-0.303,0,1,0,0.000,0,0,0,0.000,0,0
2015-01-29,0,0.000,0,0,6,0.597,1,0,1,-0.142,0,0,1,2.262,1,0,0,0.000,0,0,0,0.000,0,0
2015-01-30,0,0.000,0,0,0,0.000,0,0,10,0.784,0,0,5,-0.220,0,0,0,0.000,0,0,0,0.000,0,0
2015-01-31,0,0.000,0,0,3,-0.426,0,0,9,3.859,2,0,0,0.000,0,0,0,0.000,0,0,0,0.000,0,0
2015-02-01,0,0.000,0,0,4,-0.292,0,0,11,4.385,2,0,3,-2.124,0,1,0,0.000,0,0,0,0.000,0,0
2015-02-02,0,0.000,0,0,3,2.428,1,0,1,-0.142,0,0,1,0.515,0,0,0,0.000,0,0,0,0.000,0,0
2015-02-03,2,0.631,1,0,2,1.584,1,0,1,-0.142,0,0,0,0.000,0,0,0,0.000,0,0,0,0.000,0,0
2015-02-04,1,-0.142,0,0,0,0.000,0,0,4,0.295,0,0,1,2.162,1,0,0,0.000,0,0,1,-0.142,0,0
2015-02-05,1,1.214,1,0,1,1.079,1,0,1,1.928,1,0,0,0.000,0,0,1,1.111,1,0,0,0.000,0,0
2015-02-06,2,0.518,0,0,14,-2.094,2,3,3,0.192,0,0,0,0.000,0,0,0,0.000,0,0,0,0.000,0,0
2015-02-07,2,0.923,1,0,2,-0.934,0,1,6,1.843,2,0,5,0.003,1,1,0,0.000,0,0,0,0.000,0,0
2015-02-08,2,-0.789,0,0,3,2.584,1,0,7,4.744,2,0,0,0.000,0,0,0,0.000,0,0,0,0.000,0,0
2015-02-09,0,0.000,0,0,0,0.000,0,0,3,-0.341,0,0,0,0.000,0,0,0,0.000,0,0,1,-0.831,0,0
2015-02-10,2,1.988,1,0,1,0.163,0,0,7,0.431,1,0,4,-1.769,0,1,0,0.000,0,0,0,0.000,0,0
2015-02-11,3,-0.426,0,0,4,-3.762,0,2,6,1.861,1,0,1,-0.142,0,0,0,0.000,0,0,1,-0.735,0,0
2015-02-12,1,1.065,1,0,1,2.070,1,0,3,0.390,0,0,0,0.000,0,0,0,0.000,0,0,0,0.000,0,0
2015-02-13,10,2.051,2,0,2,3.015,1,0,4,-0.568,0,0,0,0.000,0,0,1,0.046,0,0,0,0.000,0,0
2015-02-14,14,3.969,5,2,0,0.000,0,0,11,-2.362,1,2,0,0.000,0,0,0,0.000,0,0,0,0.000,0,0
2015-02-15,8,0.916,1,1,4,3.288,2,0,7,3.607,3,0,0,0.000,0,0,0,0.000,0,0,3,-1.889,0,1
2015-02-16,5,1.587,2,0,1,-0.142,0,0,5,-1.307,0,1,0,0.000,0,0,0,0.000,0,0,0,0.000,0,0
2015-02-17,0,0.000,0,0,7,-0.016,1,2,2,0.082,0,0,1,-0.796,0,0,0,0.000,0,0,0,0.000,0,0
2015-02-18,1,-0.142,0,0,2,-2.223,0,1,5,3.586,2,0,0,0.000,0,0,0,0.000,0,0,0,0.000,0,0
2015-02-19,3,2.503,1,0,3,-2.373,0,1,3,-0.426,0,0,0,0.000,0,0,0,0.000,0,0,0,0.000,0,0
2015-02-20,1,-0.142,0,0,1,-0.142,0,0,11,1.810,1,0,0,0.000,0,0,0,0.000,0,0,0,0.000,0,0
2015-02-21,2,0.234,0,0,6,-0.878,2,1,11,5.098,3,0,0,0.000,0,0,0,0.000,0,0,0,0.000,0,0
2015-02-22,4,2.517,2,0,3,0.525,0,0,11,-3.343,1,2,0,0.000,0,0,0,0.000,0,0,0,0.000,0,0
2015-02-23,2,-2.003,0,1,3,0.202,0,0,4,1.970,1,0,1,-1.037,0,1,0,0.000,0,0,1,-0.647,0,0
2015-02-24,0,0.000,0,0,0,0.000,0,0,5,-0.355,0,0,0,0.000,0,0,0,0.000,0,0,0,0.000,0,0
2015-02-25,1,-0.142,0,0,2,-1.708,0,1,8,-2.703,0,2,0,0.000,0,0,0,0.000,0,0,0,0.000,0,0
2015-02-26,2,0.863,1,0,5,1.882,1,1,7,1.264,1,0,1,-0.142,0,0,0,0.000,0,0,0,0.000,0,0
2015-02-27,0,0.000,0,0,1,0.557,0,0,18,4.380,5,2,0,0.000,0,0,0,0.000,0,0,0,0.000,0,0
2015-02-28,0,0.000,0,0,0,0.000,0,0,0,0.000,0,0,0,0.000,0,0,0,0.000,0,0,0,0.000,0,0
2015-03-01,2,-0.185,0,0,0,0.000,0,0,11,3.103,2,0,0,0.000,0,0,0,0.000,0,0,0,0.000,0,0
2015-03-02,2,-0.284,0,0,2,-0.284,0,0,6,-2.850,0,2,1,-0.923,0,0,0,0.000,0,0,0,0.000,0,0
2015-03-03,2,-0.284,0,0,2,-0.764,0,0,5,2.184,1,0,0,0.000,0,0,0,0.000,0,0,0,0.000,0,0
2015-03-04,3,1.963,1,0,2,3.714,1,0,5,2.553,1,0,0,0.000,0,0,0,0.000,0,0,0,0.000,0,0
2015-03-05,1,-0.142,0,0,1,-0.142,0,0,1,1.225,1,0,0,0.000,0,0,0,0.000,0,0,0,0.000,0,0
2015-03-06,0,0.000,0,0,2,0.987,1,0,10,0.128,1,0,0,0.000,0,0,0,0.000,0,0,0,0.000,0,0
2015-03-07,2,-0.061,1,1,0,0.000,0,0,9,4.374,2,1,0,0.000,0,0,0,0.000,0,0,0,0.000,0,0
2015-03-08,2,-0.284,0,0,3,0.387,1,1,11,-0.509,2,1,0,0.000,0,0,0,0.000,0,0,0,0.000,0,0
2015-03-09,1,0.437,0,0,2,-0.270,0,0,4,-0.075,0,0,0,0.000,0,0,0,0.000,0,0,0,0.000,0,0
2015-03-10,1,-0.142,0,0,1,-0.142,0,0,3,1.044,0,0,0,0.000,0,0,0,0.000,0,0,0,0.000,0,0
2015-03-11,1,-0.142,0,0,1,-1.417,0,1,3,1.016,1,0,0,0.000,0,0,0,0.000,0,0,0,0.000,0,0
2015-03-12,0,0.000,0,0,1,0.284,0,0,3,1.278,1,0,0,0.000,0,0,0,0.000,0,0,0,0.000,0,0
2015-03-13,0,0.000,0,0,0,0.000,0,0,8,1.867,2,1,0,0.000,0,0,0,0.000,0,0,0,0.000,0,0
2015-03-14,3,0.905,1,0,15,8.588,3,0,4,-0.568,0,0,0,0.000,0,0,0,0.000,0,0,0,0.000,0,0
2015-03-15,2,-0.206,0,0,6,5.840,4,0,7,2.623,2,0,0,0.000,0,0,0,0.000,0,0,0,0.000,0,0
2015-03-16,0,0.000,0,0,1,-0.735,0,0,6,0.295,1,0,2,-0.401,0,0,0,0.000,0,0,0,0.000,0,0
2015-03-17,1,-0.142,0,0,3,-0.491,1,1,3,-1.108,0,0,1,-0.142,0,0,0,0.000,0,0,0,0.000,0,0
2015-03-18,2,-0.952,0,0,1,2.475,1,0,3,-0.377,0,0,0,0.000,0,0,0,0.000,0,0,0,0.000,0,0
2015-03-19,0,0.000,0,0,4,-0.224,0,0,1,-0.142,0,0,0,0.000,0,0,0,0.000,0,0,0,0.000,0,0
2015-03-20,1,-0.142,0,0,1,-0.671,0,0,8,-1.434,0,0,0,0.000,0,0,0,0.000,0,0,0,0.000,0,0
2015-03-21,0,0.000,0,0,6,0.656,0,0,10,-0.188,1,0,0,0.000,0,0,0,0.000,0,0,0,0.000,0,0
2015-03-22,1,0.951,0,0,6,-1.393,1,1,14,-2.008,2,2,0,0.000,0,0,0,0.000,0,0,0,0.000,0,0
2015-03-23,0,0.000,0,0,0,0.000,0,0,1,1.207,1,0,1,1.399,1,0,0,0.000,0,0,0,0.000,0,0
2015-03-24,0,0.000,0,0,0,0.000,0,0,0,0.000,0,0,0,0.000,0,0,0,0.000,0,0,0,0.000,0,0
2015-03-25,1,-0.142,0,0,0,0.000,0,0,5,2.034,2,0,0,0.000,0,0,0,0.000,0,0,0,0.000,0,0
2015-03-26,0,0.000,0,0,0,0.000,0,0,13,-2.819,0,0,0,0.000,0,0,0,0.000,0,0,0,0.000,0,0
2015-03-27,0,0.000,0,0,1,-0.142,0,0,4,3.707,2,0,0,0.000,0,0,0,0.000,0,0,0,0.000,0,0
2015-03-28,1,-0.561,0,0,2,3.128,2,0,8,1.193,1,0,0,0.000,0,0,0,0.000,0,0,0,0.000,0,0
2015-03-29,0,0.000,0,0,1,-0.142,0,0,3,0.667,0,0,0,0.000,0,0,0,0.000,0,0,0,0.000,0,0
2015-03-30,0,0.000,0,0,0,0.000,0,0,0,0.000,0,0,0,0.000,0,0,0,0.000,0,0,0,0.000,0,0
2015-03-31,0,0.000,0,0,0,0.000,0,0,0,0.000,0,0,0,0.000,0,0,0,0.000,0,0,0,0.000,0,0
2015-04-01,0,0.000,0,0,0,0.000,0,0,0,0.000,0,0,0,0.000,0,0,0,0.000,0,0,0,0.000,0,0
2015-04-02,0,0.000,0,0,1,0.735,0,0,1,2.141,1,0,0,0.000,0,0,0,0.000,0,0,0,0.000,0,0
2015-04-03,0,0.000,0,0,0,0.000,0,0,5,4.609,1,0,0,0.000,0,0,0,0.000,0,0,0,0.000,0,0
2015-04-04,1,1.378,1,0,0,0.000,0,0,0,0.000,0,0,0,0.000,0,0,0,0.000,0,0,0,0.000,0,0
2015-04-05,0,0.000,0,0,0,0.000,0,0,1,-0.142,0,0,0,0.000,0,0,0,0.000,0,0,0,0.000,0,0
2015-04-06,0,0.000,0,0,0,0.000,0,0,0,0.000,0,0,0,0.000,0,0,0,0.000,0,0,0,0.000,0,0
2015-04-07,1,-0.142,0,0,0,0.000,0,0,1,-0.142,0,0,0,0.000,0,0,0,0.000,0,0,0,0.000,0,0
2015-04-08,3,0.781,0,0,2,0.270,0,0,13,1.094,1,0,0,0.000,0,0,0,0.000,0,0,0,0.000,0,0
2015-04-09,2,-0.579,0,0,1,-0.142,0,0,8,4.847,3,0,0,0.000,0,0,0,0.000,0,0,2,-0.473,1,1
2015-04-10,3,2.254,2,0,1,1.520,1,0,3,0.003,0,0,0,0.000,0,0,0,0.000,0,0,0,0.000,0,0
2015-04-11,0,0.000,0,0,0,0.000,0,0,0,0.000,0,0,0,0.000,0,0,0,0.000,0,0,0,0.000,0,0
2015-04-12,0,0.000,0,0,0,0.000,0,0,0,0.000,0,0,0,0.000,0,0,0,0.000,0,0,0,0.000,0,0
2015-04-13,0,0.000,0,0,0,0.000,0,0,2,0.472,0,0,0,0.000,0,0,0,0.000,0,0,0,0.000,0,0
2015-04-14,0,0.000,0,0,0,0.000,0,0,0,0.000,0,0,0,0.000,0,0,0,0.000,0,0,0,0.000,0,0
2015-04-15,0,0.000,0,0,1,-0.142,0,0,0,0.000,0,0,0,0.000,0,0,0,0.000,0,0,0,0.000,0,0
2015-04-16,0,0.000,0,0,1,1.474,1,0,0,0.000,0,0,0,0.000,0,0,0,0.000,0,0,0,0.000,0,0
2015-04-17,0,0.000,0,0,0,0.000,0,0,0,0.000,0,0,0,0.000,0,0,0,0.000,0,0,0,0.000,0,0
2015-04-18,0,0.000,0,0,1,1.271,1,0,1,0.976,0,0,0,0.000,0,0,0,0.000,0,0,0,0.000,0,0
2015-04-19,0,0.000,0,0,2,-1.722,0,1,0,0.000,0,0,0,0.000,0,0,0,0.000,0,0,0,0.000,0,0
2015-04-20,0,0.000,0,0,0,0.000,0,0,1,-0.142,0,0,0,0.000,0,0,0,0.000,0,0,0,0.000,0,0
2015-04-21,3,0.926,0,0,4,0.166,0,1,6,4.733,4,0,0,0.000,0,0,0,0.000,0,0,0,0.000,0,0
2015-04-22,2,-0.284,0,0,3,0.784,1,0,12,-8.641,0,4,0,0.000,0,0,0,0.000,0,0,2,-1.861,0,1
2015-04-23,0,0.000,0,0,0,0.000,0,0,0,0.000,0,0,0,0.000,0,0,0,0.000,0,0,0,0.000,0,0
2015-04-24,0,0.000,0,0,3,0.082,0,0,1,-0.142,0,0,1,-0.142,0,0,0,0.000,0,0,0,0.000,0,0
2015-04-25,5,0.860,0,0,8,2.956,1,0,8,1.392,1,0,0,0.000,0,0,0,0.000,0,0,1,-0.142,0,0
2015-04-26,1,1.917,1,0,4,0.522,0,0,16,2.489,3,2,0,0.000,0,0,0,0.000,0,0,0,0.000,0,0
2015-04-27,2,1.274,0,0,2,2.802,1,0,2,-0.387,0,0,0,0.000,0,0,0,0.000,0,0,1,-0.142,0,0
2015-04-28,1,-0.870,0,0,2,0.493,0,0,4,2.971,1,0,0,0.000,0,0,0,0.000,0,0,0,0.000,0,0
2015-04-29,1,-1.850,0,1,1,-0.142,0,0,5,0.426,0,0,0,0.000,0,0,0,0.000,0,0,0,0.000,0,0
2015-04-30,3,1.861,1,0,2,-0.284,0,0,3,0.589,0,0,1,0.841,0,0,0,0.000,0,0,0,0.000,0,0
2015-05-01,0,0.000,0,0,0,0.000,0,0,11,-1.930,0,2,0,0.000,0,0,0,0.000,0,0,0,0.000,0,0
2015-05-02,0,0.000,0,0,2,-0.284,0,0,2,-1.488,0,1,0,0.000,0,0,0,0.000,0,0,0,0.000,0,0
2015-05-03,1,1.459,1,0,1,1.750,1,0,1,-1.176,0,1,0,0.000,0,0,0,0.000,0,0,0,0.000,0,0
2015-05-04,0,0.000,0,0,0,0.000,0,0,1,-0.142,0,0,0,0.000,0,0,0,0.000,0,0,0,0.000,0,0
2015-05-05,1,-0.142,0,0,0,0.000,0,0,0,0.000,0,0,0,0.000,0,0,0,0.000,0,0,0,0.000,0,0
2015-05-06,0,0.000,0,0,0,0.000,0,0,0,0.000,0,0,0,0.000,0,0,0,0.000,0,0,0,0.000,0,0
2015-05-07,0,0.000,0,0,0,0.000,0,0,2,-0.632,0,0,0,0.000,0,0,0,0.000,0,0,0,0.000,0,0
2015-05-08,0,0.000,0,0,0,0.000,0,0,0,0.000,0,0,0,0.000,0,0,0,0.000,0,0,0,0.000,0,0
2015-05-09,0,0.000,0,0,0,0.000,0,0,0,0.000,0,0,0,0.000,0,0,0,0.000,0,0,0,0.000,0,0
2015-05-10,0,0.000,0,0,0,0.000,0,0,0,0.000,0,0,0,0.000,0,0,0,0.000,0,0,0,0.000,0,0
2015-05-11,0,0.000,0,0,0,0.000,0,0,0,0.000,0,0,0,0.000,0,0,0,0.000,0,0,0,0.000,0,0
2015-05-12,0,0.000,0,0,0,0.000,0,0,1,0.845,0,0,0,0.000,0,0,0,0.000,0,0,0,0.000,0,0
2015-05-13,1,0.834,0,0,0,0.000,0,0,0,0.000,0,0,0,0.000,0,0,0,0.000,0,0,0,0.000,0,0
2015-05-14,1,-0.142,0,0,0,0.000,0,0,0,0.000,0,0,0,0.000,0,0,0,0.000,0,0,0,0.000,0,0
2015-05-15,1,-0.142,0,0,1,0.841,0,0,1,1.161,1,0,0,0.000,0,0,0,0.000,0,0,0,0.000,0,0
2015-05-16,0,0.000,0,0,0,0.000,0,0,2,0.873,0,0,0,0.000,0,0,0,0.000,0,0,0,0.000,0,0
2015-05-17,2,0.887,0,0,0,0.000,0,0,1,-0.142,0,0,0,0.000,0,0,0,0.000,0,0,0,0.000,0,0
2015-05-18,1,-0.142,0,0,1,0.760,0,0,7,0.095,0,0,1,-1.126,0,1,0,0.000,0,0,0,0.000,0,0
2015-05-19,1,-0.142,0,0,0,0.000,0,0,0,0.000,0,0,0,0.000,0,0,0,0.000,0,0,0,0.000,0,0
2015-05-20,0,0.000,0,0,0,0.000,0,0,0,0.000,0,0,0,0.000,0,0,0,0.000,0,0,0,0.000,0,0
2015-05-21,5,0.138,0,0,0,0.000,0,0,1,-0.142,0,0,1,0.657,0,0,0,0.000,0,0,1,-0.142,0,0
2015-05-22,2,0.536,0,0,2,-0.284,0,0,5,2.354,1,0,1,0.635,0,0,0,0.000,0,0,0,0.000,0,0
2015-05-23,3,1.840,1,0,6,0.625,1,0,6,0.685,1,0,0,0.000,0,0,0,0.000,0,0,0,0.000,0,0
2015-05-24,4,-0.146,0,0,1,1.349,1,0,6,0.653,1,0,0,0.000,0,0,0,0.000,0,0,0,0.000,0,0
2015-05-25,8,3.664,1,0,4,2.634,1,0,7,2.836,3,0,1,2.581,1,0,0,0.000,0,0,0,0.000,0,0
2015-05-26,0,0.000,0,0,2,-0.284,0,0,0,0.000,0,0,0,0.000,0,0,0,0.000,0,0,0,0.000,0,0
2015-05-27,0,0.000,0,0,0,0.000,0,0,0,0.000,0,0,0,0.000,0,0,0,0.000,0,0,0,0.000,0,0
2015-05-28,0,0.000,0,0,0,0.000,0,0,0,0.000,0,0,0,0.000,0,0,0,0.000,0,0,0,0.000,0,0
2015-05-29,0,0.000,0,0,0,0.000,0,0,0,0.000,0,0,0,0.000,0,0,0,0.000,0,0,0,0.000,0,0
2015-05-30,0,0.000,0,0,0,0.000,0,0,0,0.000,0,0,0,0.000,0,0,0,0.000,0,0,0,0.000,0,0
2015-05-31,0,0.000,0,0,0,0.000,0,0,0,0.000,0,0,0,0.000,0,0,0,0.000,0,0,0,0.000,0,0
2015-06-01,3,0.586,0,0,4,0.117,0,0,1,-1.403,0,1,1,1.928,1,0,0,0.000,0,0,0,0.000,0,0
2015-06-02,2,-1.041,0,0,1,-1.030,0,1,8,4.161,2,0,0,0.000,0,0,0,0.000,0,0,0,0.000,0,0
2015-06-03,1,-0.142,0,0,3,3.210,1,0,4,-2.096,1,1,1,0.724,0,0,0,0.000,0,0,0,0.000,0,0
2015-06-04,6,4.017,3,0,1,0.813,0,0,1,0.728,0,0,0,0.000,0,0,0,0.000,0,0,0,0.000,0,0
2015-06-05,4,2.294,1,0,3,0.508,0,0,6,1.701,2,1,0,0.000,0,0,0,0.000,0,0,0,0.000,0,0
2015-06-06,5,2.628,2,0,4,2.336,1,0,6,2.986,2,0,0,0.000,0,0,0,0.000,0,0,0,0.000,0,0
2015-06-07,4,-2.572,0,1,1,-0.142,0,0,8,1.708,1,0,0,0.000,0,0,0,0.000,0,0,0,0.000,0,0
2015-06-08,5,1.626,1,0,3,2.511,2,0,5,1.289,1,0,0,0.000,0,0,0,0.000,0,0,0,0.000,0,0
2015-06-09,3,-0.426,0,0,2,2.258,2,0,3,2.996,1,0,0,0.000,0,0,0,0.000,0,0,0,0.000,0,0
2015-06-10,0,0.000,0,0,0,0.000,0,0,0,0.000,0,0,0,0.000,0,0,0,0.000,0,0,0,0.000,0,0
2015-06-11,1,-0.142,0,0,0,0.000,0,0,8,1.793,2,1,0,0.000,0,0,0,0.000,0,0,0,0.000,0,0
2015-06-12,0,0.000,0,0,0,0.000,0,0,0,0.000,0,0,0,0.000,0,0,0,0.000,0,0,0,0.000,0,0
2015-06-13,0,0.000,0,0,0,0.000,0,0,0,0.000,0,0,0,0.000,0,0,0,0.000,0,0,0,0.000,0,0
2015-06-14,0,0.000,0,0,0,0.000,0,0,0,0.000,0,0,0,0.000,0,0,0,0.000,0,0,0,0.000,0,0
2015-06-15,0,0.000,0,0,1,-0.955,0,0,2,0.621,0,0,0,0.000,0,0,0,0.000,0,0,0,0.000,0,0
2015-06-16,0,0.000,0,0,0,0.000,0,0,0,0.000,0,0,0,0.000,0,0,0,0.000,0,0,0,0.000,0,0
2015-06-17,0,0.000,0,0,0,0.000,0,0,0,0.000,0,0,0,0.000,0,0,0,0.000,0,0,0,0.000,0,0
2015-06-18,0,0.000,0,0,1,1.864,1,0,1,-0.142,0,0,0,0.000,0,0,0,0.000,0,0,0,0.000,0,0
2015-06-19,0,0.000,0,0,0,0.000,0,0,1,-0.142,0,0,0,0.000,0,0,0,0.000,0,0,0,0.000,0,0
2015-06-20,0,0.000,0,0,0,0.000,0,0,1,1.040,1,0,0,0.000,0,0,0,0.000,0,0,0,0.000,0,0
2015-06-21,0,0.000,0,0,0,0.000,0,0,1,0.820,0,0,0,0.000,0,0,0,0.000,0,0,0,0.000,0,0
2015-06-22,0,0.000,0,0,0,0.000,0,0,0,0.000,0,0,0,0.000,0,0,0,0.000,0,0,0,0.000,0,0
2015-06-23,0,0.000,0,0,1,1.580,1,0,0,0.000,0,0,0,0.000,0,0,0,0.000,0,0,0,0.000,0,0
2015-06-24,0,0.000,0,0,0,0.000,0,0,2,-0.284,0,0,0,0.000,0,0,0,0.000,0,0,0,0.000,0,0
2015-06-25,1,-0.142,0,0,0,0.000,0,0,1,-0.142,0,0,0,0.000,0,0,0,0.000,0,0,0,0.000,0,0
2015-06-26,0,0.000,0,0,0,0.000,0,0,1,-0.068,0,0,0,0.000,0,0,0,0.000,0,0,0,0.000,0,0
2015-06-27,2,-0.284,0,0,2,0.962,1,0,6,2.947,2,0,0,0.000,0,0,0,0.000,0,0,0,0.000,0,0
2015-06-28,3,0.085,0,0,2,-0.284,0,0,9,-1.804,0,1,0,0.000,0,0,1,-0.142,0,0,0,0.000,0,0
2015-06-29,3,0.699,0,0,2,1.342,1,0,3,0.565,0,0,0,0.000,0,0,0,0.000,0,0,0,0.000,0,0
2015-06-30,1,-0.142,0,0,1,1.118,1,0,4,2.013,1,0,0,0.000,0,0,0,0.000,0,0,0,0.000,0,0
2015-07-01,0,0.000,0,0,0,0.000,0,0,6,0.408,0,0,0,0.000,0,0,0,0.000,0,0,0,0.000,0,0
2015-07-02,0,0.000,0,0,4,0.852,1,0,5,2.279,0,0,0,0.000,0,0,0,0.000,0,0,0,0.000,0,0
2015-07-03,0,0.000,0,0,1,1.037,1,0,7,0.873,1,0,0,0.000,0,0,0,0.000,0,0,0,0.000,0,0
2015-07-04,3,-0.426,0,0,4,3.703,2,0,7,0.057,0,0,0,0.000,0,0,0,0.000,0,0,0,0.000,0,0
2015-07-05,2,-0.284,0,0,4,6.029,4,0,7,2.943,1,0,0,0.000,0,0,0,0.000,0,0,0,0.000,0,0
2015-07-06,2,1.197,1,0,3,0.266,0,0,1,1.300,1,0,0,0.000,0,0,0,0.000,0,0,0,0.000,0,0
2015-07-07,1,-0.142,0,0,2,1.207,1,0,6,1.842,1,1,0,0.000,0,0,0,0.000,0,0,0,0.000,0,0
2015-07-08,0,0.000,0,0,2,-0.764,0,0,4,0.916,0,0,0,0.000,0,0,0,0.000,0,0,0,0.000,0,0
2015-07-09,0,0.000,0,0,2,-0.284,0,0,1,1.040,1,0,0,0.000,0,0,0,0.000,0,0,0,0.000,0,0
2015-07-10,1,-0.142,0,0,2,-0.700,0,0,5,0.533,1,0,0,0.000,0,0,0,0.000,0,0,0,0.000,0,0
2015-07-11,1,0.497,0,0,3,2.570,2,0,10,1.182,3,2,0,0.000,0,0,0,0.000,0,0,0,0.000,0,0
2015-07-12,0,0.000,0,0,3,0.451,0,0,13,0.140,0,0,0,0.000,0,0,0,0.000,0,0,0,0.000,0,0
2015-07-13,1,0.461,0,0,1,-0.991,0,0,5,2.407,2,0,0,0.000,0,0,0,0.000,0,0,0,0.000,0,0
2015-07-14,1,-0.142,0,0,3,-1.556,0,1,3,1.217,1,0,0,0.000,0,0,0,0.000,0,0,0,0.000,0,0
2015-07-15,0,0.000,0,0,4,0.426,0,0,4,1.274,1,0,0,0.000,0,0,0,0.000,0,0,0,0.000,0,0
2015-07-16,0,0.000,0,0,5,5.972,3,0,3,1.132,0,0,1,1.541,1,0,0,0.000,0,0,0,0.000,0,0
2015-07-17,0,0.000,0,0,1,-0.142,0,0,6,0.369,1,0,0,0.000,0,0,0,0.000,0,0,0,0.000,0,0
2015-07-18,1,0.792,0,0,21,9.308,6,1,12,0.305,2,0,0,0.000,0,0,0,0.000,0,0,0,0.000,0,0
2015-07-19,3,-0.426,0,0,5,0.458,1,0,4,0.117,0,0,0,0.000,0,0,0,0.000,0,0,0,0.000,0,0
2015-07-20,1,0.600,0,0,1,-1.772,0,1,5,0.792,0,0,0,0.000,0,0,0,0.000,0,0,0,0.000,0,0
2015-07-21,0,0.000,0,0,3,2.308,1,0,5,0.987,0,0,0,0.000,0,0,0,0.000,0,0,0,0.000,0,0
2015-07-22,0,0.000,0,0,2,-0.284,0,0,12,6.539,5,1,0,0.000,0,0,0,0.000,0,0,0,0.000,0,0
2015-07-23,1,-0.142,0,0,0,0.000,0,0,9,-1.278,0,0,0,0.000,0,0,0,0.000,0,0,0,0.000,0,0
2015-07-24,2,1.839,1,0,5,0.969,1,0,3,-0.341,0,0,0,0.000,0,0,0,0.000,0,0,0,0.000,0,0
2015-07-25,0,0.000,0,0,1,-0.142,0,0,3,0.245,0,0,0,0.000,0,0,0,0.000,0,0,0,0.000,0,0
2015-07-26,2,-0.007,0,0,2,-0.284,0,0,4,1.210,0,0,0,0.000,0,0,0,0.000,0,0,0,0.000,0,0
2015-07-27,1,-0.536,0,0,0,0.000,0,0,1,0.983,0,0,0,0.000,0,0,0,0.000,0,0,0,0.000,0,0
2015-07-28,0,0.000,0,0,0,0.000,0,0,1,1.434,1,0,0,0.000,0,0,0,0.000,0,0,0,0.000,0,0
2015-07-29,0,0.000,0,0,0,0.000,0,0,2,-2.241,0,1,0,0.000,0,0,0,0.000,0,0,0,0.000,0,0
2015-07-30,1,-0.142,0,0,0,0.000,0,0,0,0.000,0,0,0,0.000,0,0,0,0.000,0,0,0,0.000,0,0
2015-07-31,0,0.000,0,0,0,0.000,0,0,0,0.000,0,0,0,0.000,0,0,0,0.000,0,0,0,0.000,0,0
2015-08-01,0,0.000,0,0,0,0.000,0,0,0,0.000,0,0,0,0.000,0,0,0,0.000,0,0,0,0.000,0,0
2015-08-02,0,0.000,0,0,0,0.000,0,0,0,0.000,0,0,0,0.000,0,0,0,0.000,0,0,0,0.000,0,0
2015-08-03,0,0.000,0,0,0,0.000,0,0,0,0.000,0,0,0,0.000,0,0,0,0.000,0,0,0,0.000,0,0
2015-08-04,0,0.000,0,0,0,0.000,0,0,1,1.243,1,0,0,0.000,0,0,0,0.000,0,0,0,0.000,0,0
2015-08-05,1,0.390,0,0,2,-0.203,0,0,2,1.122,1,0,0,0.000,0,0,0,0.000,0,0,0,0.000,0,0
2015-08-06,0,0.000,0,0,0,0.000,0,0,1,-1.051,0,1,0,0.000,0,0,0,0.000,0,0,0,0.000,0,0
2015-08-07,0,0.000,0,0,1,1.324,1,0,1,1.040,1,0,0,0.000,0,0,0,0.000,0,0,0,0.000,0,0
2015-08-08,0,0.000,0,0,0,0.000,0,0,4,0.110,0,0,0,0.000,0,0,0,0.000,0,0,0,0.000,0,0
2015-08-09,0,0.000,0,0,0,0.000,0,0,0,0.000,0,0,0,0.000,0,0,0,0.000,0,0,0,0.000,0,0
2015-08-10,0,0.000,0,0,0,0.000,0,0,0,0.000,0,0,0,0.000,0,0,0,0.000,0,0,0,0.000,0,0
2015-08-11,0,0.000,0,0,0,0.000,0,0,0,0.000,0,0,0,0.000,0,0,0,0.000,0,0,0,0.000,0,0
2015-08-12,3,1.967,1,0,0,0.000,0,0,1,-0.142,0,0,0,0.000,0,0,0,0.000,0,0,0,0.000,0,0
2015-08-13,1,1.115,1,0,1,-0.487,0,0,2,-0.284,0,0,0,0.000,0,0,0,0.000,0,0,0,0.000,0,0
2015-08-14,2,0.387,0,0,1,-0.142,0,0,13,-0.316,0,0,0,0.000,0,0,0,0.000,0,0,0,0.000,0,0
2015-08-15,3,1.019,1,0,5,2.304,1,0,4,0.703,1,0,0,0.000,0,0,0,0.000,0,0,0,0.000,0,0
2015-08-16,0,0.000,0,0,0,0.000,0,0,0,0.000,0,0,0,0.000,0,0,0,0.000,0,0,0,0.000,0,0
2015-08-17,0,0.000,0,0,0,0.000,0,0,0,0.000,0,0,0,0.000,0,0,0,0.000,0,0,0,0.000,0,0
2015-08-18,0,0.000,0,0,0,0.000,0,0,0,0.000,0,0,0,0.000,0,0,0,0.000,0,0,0,0.000,0,0
2015-08-19,0,0.000,0,0,0,0.000,0,0,0,0.000,0,0,0,0.000,0,0,0,0.000,0,0,0,0.000,0,0
2015-08-20,0,0.000,0,0,0,0.000,0,0,0,0.000,0,0,0,0.000,0,0,0,0.000,0,0,0,0.000,0,0
2015-08-21,7,0.251,1,0,2,0.898,1,0,8,0.717,1,0,0,0.000,0,0,0,0.000,0,0,0,0.000,0,0
2015-08-22,6,-0.480,0,0,4,-1.648,0,1,3,-0.426,0,0,0,0.000,0,0,0,0.000,0,0,0,0.000,0,0
2015-08-23,5,0.984,1,0,5,2.067,2,0,5,-0.934,0,1,0,0.000,0,0,0,0.000,0,0,0,0.000,0,0
2015-08-24,6,1.477,2,1,7,6.101,4,0,0,0.000,0,0,0,0.000,0,0,0,0.000,0,0,0,0.000,0,0
2015-08-25,8,1.356,1,0,2,1.548,1,0,4,0.415,0,0,0,0.000,0,0,0,0.000,0,0,0,0.000,0,0
2015-08-26,9,6.542,3,1,3,0.167,1,0,3,-1.044,0,1,0,0.000,0,0,0,0.000,0,0,0,0.000,0,0
2015-08-27,8,0.891,1,0,1,-0.142,0,0,5,2.791,2,0,0,0.000,0,0,0,0.000,0,0,0,0.000,0,0
2015-08-28,4,-0.324,0,1,1,0.724,0,0,3,0.948,1,0,0,0.000,0,0,0,0.000,0,0,0,0.000,0,0
2015-08-29,13,-1.761,1,3,4,0.859,1,0,7,0.021,0,0,0,0.000,0,0,0,0.000,0,0,0,0.000,0,0
2015-08-30,8,10.457,6,0,4,2.183,1,0,8,3.533,3,0,0,0.000,0,0,0,0.000,0,0,0,0.000,0,0
2015-08-31,0,0.000,0,0,0,0.000,0,0,0,0.000,0,0,0,0.000,0,0,0,0.000,0,0,0,0.000,0,0
2015-09-01,8,1.643,0,0,4,2.674,1,0,0,0.000,0,0,0,0.000,0,0,0,0.000,0,0,0,0.000,0,0
2015-09-02,3,2.350,1,0,8,2.326,1,0,3,-0.426,0,0,0,0.000,0,0,0,0.000,0,0,0,0.000,0,0
2015-09-03,14,3.533,4,2,40,7.209,3,1,8,-0.068,1,0,0,0.000,0,0,0,0.000,0,0,0,0.000,0,0
2015-09-04,11,4.557,3,0,34,8.632,8,3,13,1.160,1,0,0,0.000,0,0,0,0.000,0,0,0,0.000,0,0
2015-09-05,9,5.346,3,0,60,9.377,9,3,18,3.994,2,1,0,0.000,0,0,0,0.000,0,0,0,0.000,0,0
2015-09-06,16,2.573,3,1,24,3.559,2,0,9,-0.565,0,1,0,0.000,0,0,0,0.000,0,0,0,0.000,0,0
2015-09-07,13,6.425,4,1,7,1.183,1,1,3,-0.131,0,0,0,0.000,0,0,0,0.000,0,0,0,0.000,0,0
2015-09-08,5,3.486,3,0,6,4.854,3,0,0,0.000,0,0,0,0.000,0,0,0,0.000,0,0,0,0.000,0,0
2015-09-09,1,-0.707,0,0,1,0.678,0,0,2,0.330,0,0,0,0.000,0,0,0,0.000,0,0,0,0.000,0,0
2015-09-10,8,0.713,2,1,2,-2.802,0,2,4,-1.201,1,1,0,0.000,0,0,0,0.000,0,0,0,0.000,0,0
2015-09-11,1,1.271,1,0,1,0.976,0,0,1,-0.142,0,0,0,0.000,0,0,0,0.000,0,0,0,0.000,0,0
2015-09-12,3,1.952,1,0,2,1.609,1,0,2,0.746,0,0,0,0.000,0,0,0,0.000,0,0,0,0.000,0,0
2015-09-13,2,2.262,1,0,2,-0.284,0,0,13,3.475,2,0,0,0.000,0,0,0,0.000,0,0,0,0.000,0,0
2015-09-14,6,-0.076,0,0,1,-0.142,0,0,7,1.090,1,0,0,0.000,0,0,0,0.000,0,0,0,0.000,0,0
2015-09-15,3,-0.426,0,0,0,0.000,0,0,4,-0.916,0,0,0,0.000,0,0,0,0.000,0,0,0,0.000,0,0
2015-09-16,0,0.000,0,0,0,0.000,0,0,5,3.686,3,0,0,0.000,0,0,0,0.000,0,0,0,0.000,0,0
2015-09-17,3,0.245,0,0,0,0.000,0,0,0,0.000,0,0,0,0.000,0,0,0,0.000,0,0,0,0.000,0,0
2015-09-18,0,0.000,0,0,0,0.000,0,0,0,0.000,0,0,0,0.000,0,0,0,0.000,0,0,0,0.000,0,0
2015-09-19,10,0.696,2,1,2,2.617,2,0,6,1.832,2,0,0,0.000,0,0,0,0.000,0,0,0,0.000,0,0
2015-09-20,5,0.848,0,0,2,1.339,1,0,1,-0.142,0,0,0,0.000,0,0,0,0.000,0,0,0,0.000,0,0
2015-09-21,13,3.274,2,0,3,0.731,1,0,0,0.000,0,0,0,0.000,0,0,0,0.000,0,0,0,0.000,0,0
2015-09-22,18,5.252,5,1,3,1.012,2,1,11,0.339,1,2,0,0.000,0,0,0,0.000,0,0,0,0.000,0,0
2015-09-23,12,4.667,3,0,3,0.284,0,0,7,2.641,1,0,0,0.000,0,0,0,0.000,0,0,0,0.000,0,0
2015-09-24,23,-2.220,1,0,3,0.952,1,0,11,0.018,1,0,0,0.000,0,0,0,0.000,0,0,0,0.000,0,0
2015-09-25,23,0.375,2,1,3,1.835,1,0,10,-2.387,0,1,0,0.000,0,0,0,0.000,0,0,0,0.000,0,0
2015-09-26,29,10.585,8,0,3,-1.023,1,1,12,2.393,2,0,0,0.000,0,0,0,0.000,0,0,0,0.000,0,0
2015-09-27,28,12.799,10,1,8,5.792,3,0,12,2.747,1,0,0,0.000,0,0,0,0.000,0,0,0,0.000,0,0
2015-09-28,24,5.633,4,1,5,1.803,1,1,2,-0.284,0,0,0,0.000,0,0,0,0.000,0,0,0,0.000,0,0
2015-09-29,16,0.974,2,0,1,-0.142,0,0,7,-2.838,1,3,0,0.000,0,0,0,0.000,0,0,0,0.000,0,0
2015-09-30,26,-0.008,3,3,4,-2.132,0,0,1,-0.142,0,0,0,0.000,0,0,0,0.000,0,0,0,0.000,0,0
2015-10-01,21,7.302,5,0,6,0.212,1,1,7,-0.994,0,0,0,0.000,0,0,0,0.000,0,0,0,0.000,0,0
2015-10-02,22,4.579,4,1,3,-0.678,0,0,10,0.251,0,1,0,0.000,0,0,0,0.000,0,0,0,0.000,0,0
2015-10-03,33,9.644,6,1,8,2.293,1,0,15,-1.869,1,1,0,0.000,0,0,0,0.000,0,0,0,0.000,0,0
2015-10-04,22,0.601,2,1,2,1.115,1,0,14,2.378,1,0,0,0.000,0,0,0,0.000,0,0,0,0.000,0,0
2015-10-05,31,6.233,6,2,4,0.824,1,0,4,1.125,1,0,0,0.000,0,0,0,0.000,0,0,0,0.000,0,0
2015-10-06,12,10.240,5,0,3,-0.426,0,0,3,-0.426,0,0,0,0.000,0,0,0,0.000,0,0,0,0.000,0,0
2015-10-07,16,-0.357,2,3,3,3.082,2,0,3,0.245,0,0,0,0.000,0,0,0,0.000,0,0,0,0.000,0,0
2015-10-08,29,17.370,9,1,1,-0.142,0,0,8,1.090,1,0,0,0.000,0,0,0,0.000,0,0,0,0.000,0,0
2015-10-09,15,-1.904,0,1,1,0.760,0,0,12,2.299,5,2,0,0.000,0,0,0,0.000,0,0,0,0.000,0,0
2015-10-10,24,13.838,6,0,2,-1.105,0,0,15,1.601,2,0,0,0.000,0,0,0,0.000,0,0,0,0.000,0,0
2015-10-11,31,1.875,5,3,10,1.115,1,0,12,2.604,2,1,0,0.000,0,0,0,0.000,0,0,0,0.000,0,0
2015-10-12,23,3.804,3,1,4,2.155,2,1,6,6.431,3,0,0,0.000,0,0,0,0.000,0,0,0,0.000,0,0
2015-10-13,4,0.418,0,0,0,0.000,0,0,2,1.033,1,0,1,0.593,0,0,0,0.000,0,0,0,0.000,0,0
2015-10-14,4,3.050,2,0,0,0.000,0,0,0,0.000,0,0,0,0.000,0,0,1,1.470,1,0,0,0.000,0,0
2015-10-15,0,0.000,0,0,1,-0.142,0,0,0,0.000,0,0,0,0.000,0,0,0,0.000,0,0,0,0.000,0,0
2015-10-16,6,-0.551,0,1,0,0.000,0,0,2,0.817,1,1,0,0.000,0,0,0,0.000,0,0,0,0.000,0,0
2015-10-17,11,7.298,2,0,2,-0.537,0,1,3,-0.426,0,0,0,0.000,0,0,0,0.000,0,0,0,0.000,0,0
2015-10-18,11,-1.858,0,1,1,-0.533,0,0,2,-0.284,0,0,0,0.000,0,0,0,0.000,0,0,0,0.000,0,0
2015-10-19,5,2.578,2,0,1,-0.142,0,0,2,0.604,0,0,0,0.000,0,0,0,0.000,0,0,0,0.000,0,0
2015-10-20,4,1.022,0,0,1,-0.142,0,0,1,-0.142,0,0,0,0.000,0,0,0,0.000,0,0,0,0.000,0,0
2015-10-21,5,0.291,0,0,0,0.000,0,0,0,0.000,0,0,0,0.000,0,0,0,0.000,0,0,0,0.000,0,0
2015-10-22,7,6.537,3,0,0,0.000,0,0,9,-0.426,0,0,0,0.000,0,0,0,0.000,0,0,0,0.000,0,0
2015-10-23,11,1.775,3,2,3,0.941,0,0,4,-0.519,0,0,0,0.000,0,0,0,0.000,0,0,0,0.000,0,0
2015-10-24,8,-3.022,0,2,1,-0.142,0,0,8,2.649,2,1,0,0.000,0,0,0,0.000,0,0,0,0.000,0,0
2015-10-25,31,8.011,8,2,7,1.409,0,0,10,5.412,1,0,0,0.000,0,0,0,0.000,0,0,0,0.000,0,0
2015-10-26,16,0.297,2,3,7,6.846,3,1,5,0.528,1,0,0,0.000,0,0,0,0.000,0,0,0,0.000,0,0
2015-10-27,16,-1.436,0,1,1,-0.142,0,0,6,0.482,1,0,0,0.000,0,0,0,0.000,0,0,0,0.000,0,0
2015-10-28,14,-4.091,0,2,0,0.000,0,0,14,1.948,1,1,0,0.000,0,0,0,0.000,0,0,0,0.000,0,0
2015-10-29,20,7.591,5,0,2,-0.114,0,0,5,1.353,0,0,0,0.000,0,0,0,0.000,0,0,0,0.000,0,0
2015-10-30,26,6.027,4,1,3,-0.320,0,0,12,5.050,4,1,0,0.000,0,0,0,0.000,0,0,0,0.000,0,0
2015-10-31,30,-0.452,3,2,2,-0.877,0,0,15,1.687,4,2,0,0.000,0,0,0,0.000,0,0,0,0.000,0,0
2015-11-01,47,21.087,17,1,2,-0.284,0,0,10,3.824,1,0,0,0.000,0,0,0,0.000,0,0,0,0.000,0,0
2015-11-02,28,10.811,6,0,0,0.000,0,0,6,2.319,2,0,0,0.000,0,0,0,0.000,0,0,0,0.000,0,0
2015-11-03,17,7.968,5,0,5,2.951,1,0,5,1.736,1,0,0,0.000,0,0,0,0.000,0,0,0,0.000,0,0
2015-11-04,30,3.272,3,0,2,-0.284,0,0,4,2.226,1,0,1,0.650,0,0,0,0.000,0,0,0,0.000,0,0
2015-11-05,11,1.724,2,1,3,2.617,2,0,2,0.735,1,0,0,0.000,0,0,0,0.000,0,0,0,0.000,0,0
2015-11-06,23,13.413,8,1,4,2.976,2,0,4,1.317,0,0,0,0.000,0,0,0,0.000,0,0,0,0.000,0,0
2015-11-07,5,-0.710,0,0,0,0.000,0,0,7,3.336,1,1,0,0.000,0,0,0,0.000,0,0,0,0.000,0,0
24,2,1,0,0.000,0,0,0,0.000,0,0,0,0.000,0,0
2015-11-06,0,0.000,0,0,0,0.000,0,0,23,13.413,8,1,2,1.782,1,0,0,0.000,0,0,0,0.000,0,0
2015-11-07,0,0.000,0,0,0,0.000,0,0,5,-0.710,0,0,0,0.000,0,0,0,0.000,0,0,0,0.000,0,0
