,cluster18,,,,cluster14,,,,cluster7,,,,cluster23,,,,cluster30,,,,cluster31,,,
how,n,senti,pos_n,neg_n,n,senti,pos_n,neg_n,n,senti,pos_n,neg_n,n,senti,pos_n,neg_n,n,senti,pos_n,neg_n,n,senti,pos_n,neg_n
0,13,4.847,5.000,0.000,31,9.785,8.050,1.000,59,-1.184,3.000,3.018,1,-0.000,0.000,0.000,2,-0.000,0.000,0.000,3,-2.205,0.000,1.000
1,16,-2.124,2.000,2.000,23,2.476,4.000,3.000,50,3.884,4.368,2.368,1,-0.000,0.000,0.000,3,-2.313,0.000,1.000,3,-2.529,0.000,1.000
2,20,9.850,8.000,2.000,27,5.047,10.368,5.135,55,4.965,6.135,5.000,1,0.000,0.000,0.000,19,2.782,2.000,1.740,2,-0.104,0.000,0.000
3,16,5.741,4.000,0.000,21,-0.875,1.000,0.000,42,6.618,6.368,1.000,4,-1.272,0.000,1.000,4,-1.524,0.000,1.000,6,0.837,2.000,1.000
4,16,3.927,2.000,0.000,24,-1.331,5.368,3.000,48,7.529,8.368,3.018,3,0.000,0.000,0.000,3,4.172,1.000,0.000,2,2.574,1.000,0.000
5,19,2.290,3.000,0.000,16,-5.607,0.368,3.000,49,5.129,8.000,3.000,7,-0.000,0.000,0.000,12,2.340,1.000,0.000,1,0.891,0.000,0.000
6,5,-1.325,0.000,0.000,4,-2.327,0.000,1.000,12,-2.041,0.368,1.368,6,0.000,0.000,0.000,2,-0.000,0.000,0.000,0,0.000,0.000,0.000
7,4,-0.782,0.135,1.000,3,0.451,0.000,0.000,3,-0.259,1.000,1.000,6,-3.693,0.000,1.000,1,1.587,1.000,0.000,1,0.000,0.000,0.000
8,3,-0.142,0.000,0.000,1,-0.142,0.000,0.000,3,-2.319,0.000,2.000,5,1.552,1.000,0.000,1,-1.350,0.000,1.000,1,-0.041,0.000,0.000
9,1,0.000,0.000,0.000,0,0.000,0.000,0.000,0,0.000,0.000,0.000,8,0.564,0.000,0.000,1,-0.000,0.000,0.000,1,-0.040,0.000,0.000
10,0,0.000,0.000,0.000,1,-0.142,0.000,0.000,3,-0.426,0.000,0.000,2,-0.000,0.000,0.000,0,0.000,0.000,0.000,1,-0.052,0.000,0.000
11,3,-0.426,0.000,0.000,5,-1.189,1.050,1.000,2,0.582,0.000,0.000,0,0.000,0.000,0.000,0,0.000,0.000,0.000,1,0.001,0.001,0.000
12,5,0.965,1.000,0.000,7,1.662,1.050,0.000,12,3.844,2.368,0.000,1,-0.000,0.000,0.000,0,0.000,0.000,0.000,4,-0.209,0.000,0.000
13,7,2.688,1.000,0.000,10,8.457,5.000,0.000,21,0.261,1.104,1.000,1,0.000,0.000,0.000,3,-1.900,0.000,1.000,3,-0.141,0.000,0.368
14,15,-0.849,1.135,1.000,9,2.809,1.000,0.000,51,2.861,2.503,0.368,0,0.000,0.000,0.000,4,-2.209,0.000,1.000,0,0.000,0.000,0.000
15,14,0.642,2.000,1.000,18,9.175,6.000,0.000,50,10.168,8.736,1.368,0,0.000,0.000,0.000,4,-0.313,0.000,0.000,4,0.286,0.000,0.050
16,24,9.736,6.000,0.000,16,2.150,4.000,1.000,74,20.214,10.959,2.000,10,-5.604,0.000,2.000,12,-0.849,0.000,0.000,5,-0.206,0.001,0.000
17,17,0.820,2.135,1.000,15,8.170,4.000,0.000,73,11.322,5.050,0.007,8,-0.142,0.000,0.000,9,-1.354,1.000,1.000,4,-0.107,0.000,0.050
18,26,5.335,4.000,0.000,26,7.389,4.000,0.002,40,5.216,4.889,1.368,2,0.000,0.000,0.000,11,-0.362,0.000,0.000,4,1.708,1.000,0.000
19,20,1.989,2.368,1.000,23,-1.209,3.000,1.000,43,4.742,6.000,5.000,6,0.429,0.000,0.000,4,-0.142,0.000,0.000,0,0.000,0.000,0.000
20,22,0.871,2.000,1.000,20,3.558,6.100,2.000,42,10.369,7.736,3.000,2,-0.142,0.000,0.000,3,1.090,1.000,0.000,4,-0.178,1.000,1.000
21,19,5.814,5.000,1.000,16,4.486,3.000,1.002,14,-3.493,0.050,2.000,10,3.082,1.000,0.000,4,1.047,1.000,0.000,2,-0.149,0.000,0.000
22,24,5.604,4.000,0.000,13,0.724,2.000,1.368,37,5.236,5.135,1.000,3,-0.000,0.000,0.000,4,-0.284,0.000,0.000,10,0.329,1.001,0.000
23,23,8.601,5.000,1.000,14,3.980,4.000,1.000,25,6.003,5.050,1.368,20,-2.546,0.000,1.000,2,-1.737,0.000,0.000,3,3.587,1.000,0.000
24,19,2.434,4.368,2.000,21,-6.284,3.000,5.135,30,-0.630,4.000,2.000,14,0.000,0.000,0.000,6,-1.570,0.000,1.000,6,-1.314,0.000,0.050
25,24,5.774,2.000,1.000,14,6.081,3.000,1.000,23,6.162,4.050,0.000,17,1.559,1.000,0.000,6,-5.463,0.000,3.000,12,-1.756,1.001,1.050
26,18,-3.097,0.000,2.000,17,2.847,4.000,1.000,22,2.588,4.002,2.000,18,1.115,1.000,0.000,10,0.536,0.000,0.000,9,-1.195,0.000,0.199
27,15,3.095,2.000,0.000,10,0.089,1.000,0.000,25,6.728,5.000,0.000,21,-0.923,0.000,0.000,11,-1.080,2.000,2.000,20,3.255,2.000,1.000
28,8,-2.731,0.000,1.000,4,-1.553,0.000,1.000,15,4.064,4.000,0.000,19,2.581,1.000,0.000,13,0.873,1.000,0.000,5,0.087,0.000,0.050
29,7,1.256,0.000,0.000,1,0.376,0.000,0.000,9,-2.681,0.000,2.000,14,-0.341,0.000,0.000,6,-0.838,0.000,0.000,1,0.419,0.301,0.000
30,3,0.330,0.000,0.000,1,-0.142,0.000,0.000,2,-0.284,0.000,0.000,10,0.000,0.000,0.000,4,0.798,0.736,0.000,2,-0.007,0.000,0.000
31,3,0.678,0.000,0.000,1,1.097,1.000,0.000,0,0.000,0.000,0.000,11,-0.000,0.000,0.000,0,0.000,0.000,0.000,0,0.000,0.000,0.000
32,3,0.185,0.000,0.000,1,-0.142,0.000,0.000,1,1.864,1.000,0.000,8,0.000,0.000,0.000,1,-0.142,0.000,0.000,1,0.873,0.000,0.000
33,2,-0.284,0.000,0.000,1,-1.772,0.000,1.000,1,-0.142,0.000,0.000,8,-0.000,0.000,0.000,0,0.000,0.000,0.000,1,-0.142,0.000,0.000
34,2,-0.284,0.000,0.000,4,1.656,2.000,0.368,3,1.743,1.000,0.000,1,-0.000,0.000,0.000,2,-2.195,0.000,1.000,0,0.000,0.000,0.000
35,4,-1.083,0.000,0.000,6,2.432,2.000,0.000,5,-2.248,0.000,1.000,8,-1.495,0.000,1.000,3,0.000,0.000,0.000,3,-1.507,0.000,1.000
36,6,4.878,3.000,1.000,5,0.451,0.000,0.000,13,2.590,1.100,1.000,2,0.000,0.000,0.000,2,-1.300,0.000,1.000,10,-2.561,0.301,2.000
37,12,5.763,4.135,0.000,10,2.962,1.000,0.000,16,0.099,1.050,0.000,5,-2.003,0.000,1.000,10,-3.033,0.000,2.000,2,-1.261,0.000,1.000
38,6,1.754,1.000,0.000,10,2.172,1.000,0.000,16,5.517,3.000,0.000,6,-0.000,0.000,0.000,14,0.330,0.000,0.000,3,-0.148,0.001,0.000
39,8,0.618,1.000,0.000,10,5.464,2.000,0.000,22,1.459,1.000,0.000,7,-1.197,0.000,1.000,14,0.000,0.000,0.000,3,-0.411,0.001,0.000
40,12,0.252,1.000,1.000,20,-6.229,1.000,2.001,34,11.782,8.774,1.135,5,-0.284,0.000,0.000,11,1.349,1.000,0.000,5,-0.450,0.000,0.000
41,10,1.352,0.135,0.000,7,0.521,1.135,1.000,37,0.221,4.418,3.000,8,-1.361,1.000,1.000,15,-3.076,0.000,1.000,4,0.749,1.000,0.000
42,13,-1.219,0.000,1.000,9,2.930,2.000,0.000,29,-3.416,2.000,1.368,12,1.179,1.000,0.000,7,-1.474,0.000,1.000,2,-0.140,0.001,0.000
43,19,6.604,5.000,0.000,8,0.128,1.000,1.000,22,-1.392,1.000,1.000,20,-0.142,0.000,0.000,6,2.216,1.000,0.000,8,-5.350,0.000,2.000
44,10,1.735,1.000,1.000,6,3.991,2.000,0.000,30,5.726,4.135,2.000,22,1.928,1.000,0.000,6,0.608,1.000,1.000,1,-1.605,0.000,1.000
45,15,8.926,4.000,0.000,17,6.745,4.000,1.000,55,0.834,5.135,2.025,17,-0.813,1.000,1.000,11,-0.545,0.000,1.000,3,-2.774,0.000,1.000
46,10,2.146,1.368,0.000,5,1.395,1.000,0.000,33,5.722,4.000,0.405,17,-1.126,0.000,1.000,4,0.877,1.000,0.000,6,-0.998,0.301,0.368
47,17,2.726,2.000,1.000,17,2.893,3.418,1.000,31,4.337,4.135,1.368,6,-0.000,0.000,0.000,8,0.287,0.000,0.000,1,1.367,1.000,0.000
48,18,4.024,3.135,0.000,7,3.901,2.000,0.000,32,-0.905,1.018,1.000,12,0.000,0.000,0.000,14,3.224,3.000,0.000,6,2.278,2.000,0.000
49,15,4.082,3.000,1.000,20,1.705,2.000,0.000,19,8.311,5.000,1.000,9,-1.293,0.000,1.000,10,1.114,2.000,1.000,10,3.614,3.000,2.050
50,20,-1.145,0.000,0.000,12,1.380,3.000,2.000,27,3.565,3.000,2.018,13,0.000,0.000,0.000,11,1.480,2.000,2.000,6,-1.064,1.000,2.000
51,7,1.701,1.000,0.000,16,1.799,3.000,3.000,19,-8.199,2.000,7.000,10,-0.477,0.000,0.000,18,-0.075,0.000,0.000,6,-4.083,0.000,2.000
52,5,2.099,1.000,0.000,15,0.031,1.000,0.000,13,0.292,2.135,1.000,12,0.000,0.000,0.000,8,1.857,1.000,0.000,6,0.936,0.301,0.000
53,4,1.015,1.000,0.000,0,0.000,0.000,0.000,6,-1.424,0.000,1.000,8,0.000,0.000,0.000,7,-7.334,0.000,4.000,3,-0.336,0.000,0.000
54,1,-0.142,0.000,0.000,3,-0.284,0.000,0.000,1,1.218,1.000,0.000,4,-0.142,0.000,0.000,1,0.397,0.368,0.000,5,-0.239,0.001,0.000
55,1,-0.142,0.000,0.000,1,-0.142,0.000,0.000,3,1.939,1.000,0.000,5,-0.000,0.000,0.000,0,0.000,0.000,0.000,0,0.000,0.000,0.000
56,0,0.000,0.000,0.000,0,0.000,0.000,0.000,0,0.000,0.000,0.000,4,0.000,0.000,0.000,1,-1.605,0.000,1.000,0,0.000,0.000,0.000
57,1,-0.142,0.000,0.000,0,0.000,0.000,0.000,1,-0.353,0.000,0.000,2,-0.000,0.000,0.000,1,-0.199,0.000,0.000,0,0.000,0.000,0.000
58,2,0.952,1.000,0.000,2,-0.284,0.000,0.000,0,0.000,0.000,0.000,4,-0.000,0.000,0.000,3,4.108,2.000,0.000,0,0.000,0.000,0.000
59,5,-1.488,0.000,0.000,3,-2.838,0.000,2.000,6,1.576,1.000,0.000,11,-0.284,0.000,0.000,9,-0.586,0.000,0.000,1,-0.973,0.000,0.000
60,7,0.895,1.135,0.000,13,0.185,2.000,2.000,14,6.165,2.000,0.000,7,1.083,1.000,0.000,3,-0.877,0.000,0.000,3,0.699,0.000,0.000
61,6,-1.301,0.000,0.000,28,-1.902,1.736,3.000,16,2.329,2.000,0.000,2,-2.149,0.000,1.000,2,-0.095,0.000,0.000,3,0.606,0.301,0.368
62,10,3.464,2.000,0.000,15,1.125,2.000,1.000,21,7.022,5.000,1.000,6,-3.122,0.000,1.000,6,0.884,1.000,0.000,3,1.473,2.000,0.000
63,9,2.691,1.368,0.000,32,7.148,8.271,3.001,21,-0.419,3.050,1.000,11,-0.292,0.000,1.000,2,1.534,1.000,0.000,3,-3.669,0.000,2.000
64,15,1.025,1.000,0.000,31,2.795,2.000,2.002,41,4.011,3.368,1.007,3,-0.142,0.000,0.000,3,0.635,0.000,0.000,2,0.700,0.001,0.000
65,13,4.344,0.368,0.000,18,4.024,4.100,0.135,47,12.527,9.050,3.000,2,-0.142,0.000,0.000,7,-0.142,0.000,0.000,4,-0.479,0.000,0.050
66,6,1.041,0.000,0.000,9,0.059,1.000,0.002,38,10.843,4.467,0.000,6,0.792,0.000,0.000,11,0.845,0.000,0.000,3,0.083,0.000,0.000
67,8,-1.076,0.000,0.000,14,7.130,3.000,2.000,22,-0.417,1.000,2.368,8,0.000,0.000,0.000,3,-0.764,0.000,1.000,3,-2.006,0.000,1.000
68,9,1.177,1.000,0.000,14,-1.319,2.000,3.000,27,2.095,3.000,0.007,3,-0.142,0.000,0.000,6,-0.544,0.000,0.247,1,-0.007,0.000,0.000
69,5,0.983,0.000,0.000,10,3.383,3.000,1.002,39,1.336,4.000,1.000,2,-0.142,0.000,0.000,6,-4.929,0.000,2.000,4,-0.291,0.000,0.000
70,9,-1.219,0.000,0.000,9,3.160,3.000,1.000,35,4.415,5.185,3.000,7,0.000,0.000,0.000,7,1.263,0.736,0.000,7,-0.892,0.000,0.368
71,13,-2.767,0.000,1.000,13,0.993,3.000,1.000,46,10.967,10.135,3.001,7,-0.000,0.000,0.000,3,-0.177,0.000,0.000,7,0.303,0.000,0.736
72,16,-0.639,0.000,1.000,15,-3.416,0.000,1.368,46,5.402,9.467,3.368,5,-0.284,0.000,0.000,5,0.304,1.000,1.670,1,-1.719,0.000,1.000
73,15,0.660,1.000,0.000,16,2.696,2.000,2.135,26,-2.132,3.000,3.736,10,0.724,0.000,0.000,16,0.916,1.000,0.000,8,-3.273,0.301,1.050
74,14,0.500,2.000,0.000,16,-1.761,2.000,3.368,42,10.680,9.000,1.000,16,-0.803,0.000,1.000,11,-1.734,2.000,1.341,5,-3.917,1.001,2.000
75,13,-4.069,1.000,3.000,14,-1.398,2.000,2.368,21,10.313,7.002,0.368,15,-0.000,0.000,0.000,21,0.162,1.000,1.000,3,1.766,1.000,0.000
76,7,0.862,0.000,0.000,9,-3.265,1.000,1.000,14,0.404,2.000,2.736,16,-0.000,0.000,0.000,8,-0.142,0.000,0.000,14,-2.119,2.000,2.000
77,6,0.188,0.000,0.000,3,-0.442,0.000,0.000,8,-2.685,0.000,1.000,14,-1.293,0.000,1.000,3,0.000,0.000,0.000,2,-0.284,0.000,0.000
78,3,0.019,0.135,0.000,2,-2.259,0.000,1.000,3,0.536,0.000,0.000,9,0.000,0.000,0.000,3,0.000,0.000,0.000,0,0.000,0.000,0.000
79,2,-0.284,0.000,0.000,2,-0.284,0.000,0.000,2,-0.194,0.000,0.000,11,0.000,0.000,0.000,2,-1.183,0.000,1.000,0,0.000,0.000,0.000
80,3,1.622,1.000,0.000,1,-2.053,0.000,1.000,0,0.000,0.000,0.000,3,0.000,0.000,0.000,0,0.000,0.000,0.000,2,0.001,0.001,0.000
81,0,0.000,0.000,0.000,2,-0.284,0.000,0.000,0,0.000,0.000,0.000,0,0.000,0.000,0.000,0,0.000,0.000,0.000,0,0.000,0.000,0.000
82,4,2.549,1.000,0.000,3,0.035,0.000,0.000,2,0.078,0.000,0.000,0,0.000,0.000,0.000,1,0.142,0.000,0.000,5,-3.658,0.000,1.000
83,5,3.877,2.000,0.000,9,0.466,0.000,0.002,8,0.063,0.002,0.000,14,0.650,0.000,0.000,2,0.760,0.000,0.000,5,-3.048,0.000,1.368
84,5,3.739,2.000,0.000,10,2.311,1.000,0.000,11,-3.020,0.000,1.368,4,-1.062,0.000,1.000,2,-4.553,0.000,2.000,2,-0.977,0.000,0.736
85,5,-0.334,1.000,1.000,24,-3.947,0.000,2.000,15,-1.457,1.368,1.000,5,5.411,3.000,0.000,1,-0.142,0.000,0.000,0,0.000,0.000,0.000
86,8,1.792,0.000,0.000,24,2.656,4.050,1.000,19,1.413,2.154,1.000,5,-3.811,0.000,2.000,6,-1.807,1.000,1.247,1,-0.142,0.000,0.000
87,10,-0.608,0.000,0.000,26,1.778,1.000,0.002,37,14.979,10.050,0.000,3,0.824,1.000,1.000,8,-2.653,0.000,1.000,2,-0.089,0.000,0.050
88,8,-0.817,0.000,0.000,32,1.503,1.135,2.000,39,6.545,4.368,0.000,4,-1.215,0.000,1.000,13,0.280,0.000,0.000,8,-3.614,0.001,2.000
89,10,1.665,1.000,0.000,20,3.125,1.000,0.000,57,10.804,9.503,2.000,3,0.912,0.000,0.000,4,-1.296,0.000,1.000,3,-0.474,0.301,0.050
90,8,-1.620,0.000,1.000,9,5.813,4.000,0.000,35,2.093,4.000,2.000,10,-4.082,1.000,3.000,8,0.000,0.000,0.000,3,-0.426,0.000,0.000
91,11,0.780,1.000,1.000,5,-0.210,1.000,1.000,28,11.349,5.000,0.000,17,-4.688,0.000,2.000,1,-0.142,0.000,0.000,5,-2.259,0.000,1.000
92,6,-1.303,0.000,0.000,9,1.153,3.000,2.000,32,9.409,5.418,1.007,6,2.262,1.000,0.000,3,0.000,0.000,0.000,2,-2.170,0.000,1.000
93,11,-0.823,1.000,1.736,11,-0.494,1.000,0.000,29,3.092,4.000,2.000,5,-2.213,0.000,1.000,2,0.476,0.000,0.000,3,1.040,1.000,0.000
94,14,3.816,3.000,1.000,14,1.337,2.000,1.000,33,-0.274,1.368,3.000,4,0.000,0.000,0.000,5,0.127,1.000,1.670,3,-0.891,0.000,1.000
95,11,5.719,3.000,0.000,13,5.735,4.000,0.368,40,-0.558,5.000,3.000,4,-2.053,0.000,1.000,10,7.998,5.000,0.670,2,0.237,0.000,0.000
96,12,1.995,1.000,0.000,12,4.988,3.000,0.000,50,4.881,9.153,4.000,12,1.541,1.000,0.000,5,-0.759,0.000,0.670,6,-0.882,1.000,1.000
97,23,0.494,2.110,1.000,12,3.138,1.000,0.000,38,2.132,2.104,1.007,15,-0.369,0.000,0.000,9,-0.192,1.000,0.740,3,-0.419,0.000,0.000
98,11,0.532,1.000,0.000,14,4.394,3.000,0.000,40,3.776,6.000,1.000,15,0.657,0.000,0.000,12,4.625,3.000,0.000,16,-2.282,1.000,3.104
99,8,4.034,2.000,0.000,13,-1.263,2.000,2.135,23,0.549,1.135,1.000,21,1.534,1.000,0.000,8,3.909,2.000,0.000,3,0.685,0.000,0.368
100,8,-1.048,0.000,1.000,4,1.743,1.000,0.000,13,-2.572,0.000,1.000,10,2.262,1.000,0.000,2,0.000,0.000,0.000,9,-3.794,0.000,2.104
101,9,-3.059,0.000,1.000,5,4.136,3.000,0.000,5,-0.710,0.000,0.000,9,-3.835,0.000,1.000,4,-2.345,0.000,1.000,2,-2.244,0.000,1.000
102,5,-0.426,0.000,0.000,2,1.200,1.000,0.000,3,-0.426,0.000,0.000,7,0.000,0.000,0.000,16,-0.085,0.000,0.000,0,0.000,0.000,0.000
103,3,1.534,1.000,0.000,1,-1.254,0.000,1.000,4,1.268,1.000,0.000,4,0.000,0.000,0.000,1,-1.378,0.000,1.000,1,0.002,0.001,0.000
104,2,-0.284,0.000,0.000,1,-1.417,0.000,1.000,2,-1.535,0.368,1.000,2,-0.000,0.000,0.000,0,0.000,0.000,0.000,0,0.000,0.000,0.000
105,0,0.000,0.000,0.000,4,2.556,1.000,0.000,2,2.087,2.000,0.000,2,-0.142,0.000,0.000,0,0.000,0.000,0.000,0,0.000,0.000,0.000
106,2,0.419,0.000,0.000,3,0.471,0.000,0.000,6,2.084,1.000,0.000,3,-0.000,0.000,0.000,0,0.000,0.000,0.000,3,-1.797,0.000,0.000
107,3,-0.189,0.000,0.000,12,-0.590,0.000,0.001,14,-0.168,1.050,0.000,1,-0.142,0.000,0.000,1,1.111,1.000,0.000,1,1.463,1.000,0.000
108,7,1.235,1.000,1.000,24,7.553,4.368,1.001,10,0.241,1.050,0.000,6,-2.117,0.000,1.000,6,-3.612,0.000,1.000,5,0.595,0.301,0.000
109,14,6.990,3.368,0.000,25,-2.519,3.000,4.000,18,0.703,2.000,1.000,7,-1.024,0.000,1.000,6,-1.082,0.000,1.000,0,0.000,0.000,0.000
110,4,-0.367,0.000,0.000,29,1.323,2.000,0.135,25,0.388,0.135,0.000,9,-0.142,0.000,0.000,0,0.000,0.000,0.000,2,0.440,0.301,0.000
111,13,-0.448,2.000,1.000,28,2.091,3.000,1.136,33,-3.570,3.104,3.000,8,-0.142,0.000,0.000,5,-1.495,0.000,1.000,2,-1.910,0.001,1.000
112,18,0.394,2.000,1.000,33,2.099,3.000,1.001,29,4.066,4.000,0.007,12,-0.284,0.000,0.000,9,0.433,0.000,0.000,4,0.666,0.301,0.050
113,8,1.550,1.000,0.000,26,2.409,3.000,0.001,31,3.527,2.000,0.368,16,-3.662,0.000,2.000,1,-0.000,0.000,0.000,0,0.000,0.000,0.000
114,6,2.769,3.000,0.000,19,3.517,3.000,1.000,35,-2.749,3.037,4.000,19,0.000,0.000,0.000,13,-0.237,0.000,0.000,2,-0.284,0.000,0.000
115,21,0.649,2.000,1.000,23,-3.486,2.000,2.368,43,1.233,2.000,0.135,10,-0.426,0.000,0.000,5,-0.142,0.000,0.000,2,-0.149,0.000,0.000
116,15,5.858,5.000,0.000,15,1.602,2.368,2.000,29,-1.116,3.000,2.000,18,-0.870,0.000,1.000,5,0.068,2.000,1.000,6,3.223,1.301,0.000
117,10,1.899,2.000,0.000,16,-4.219,1.000,3.000,43,2.853,4.000,2.000,13,0.575,0.000,0.000,4,-0.142,0.000,0.000,0,0.000,0.000,0.000
118,19,3.274,2.000,0.000,14,-2.795,1.000,1.000,42,6.900,4.135,0.000,3,-0.000,0.000,0.000,5,-0.380,0.000,0.000,3,-0.194,0.000,0.000
119,24,4.881,5.000,1.000,18,6.759,4.000,1.000,53,2.203,6.368,2.000,8,-0.000,0.000,0.000,2,-1.552,0.000,1.000,4,-1.976,0.000,1.368
120,18,-0.470,2.135,2.000,16,7.678,3.000,0.000,41,2.074,4.503,1.000,10,-3.186,0.000,1.000,11,1.185,2.000,0.000,1,-1.580,0.000,1.000
121,16,4.168,2.000,0.000,32,5.320,4.000,1.000,72,14.477,8.472,0.756,12,0.000,0.000,0.000,11,1.080,1.000,0.000,6,-3.231,0.001,2.000
122,20,4.381,3.000,0.000,18,0.322,3.000,2.000,41,1.078,5.052,4.375,20,-0.000,0.000,0.000,13,-3.020,2.000,2.341,8,1.187,1.001,0.368
123,18,0.513,0.368,0.000,12,-0.324,0.000,0.000,52,-2.192,7.271,8.000,22,-0.142,0.000,0.000,18,1.385,1.000,1.000,1,-0.263,0.000,0.000
124,11,1.468,2.368,1.000,7,0.767,1.368,1.000,45,9.249,7.000,2.000,27,0.341,0.000,0.000,9,-0.374,2.000,1.000,7,-4.227,0.000,1.368
125,6,3.618,1.000,0.000,12,-6.504,1.000,4.000,36,-4.472,4.000,3.368,11,-0.561,0.000,0.000,13,-1.051,0.000,0.000,3,-3.094,0.000,1.000
126,10,1.467,1.000,1.000,4,5.056,2.000,0.000,17,5.932,3.000,2.000,5,-0.000,0.000,0.000,2,-2.070,0.000,1.000,1,-0.142,0.000,0.000
127,3,0.000,0.000,0.000,0,0.000,0.000,0.000,8,1.171,2.000,1.000,5,0.000,0.000,0.000,0,0.000,0.000,0.000,0,0.000,0.000,0.000
128,2,-0.284,0.000,0.000,1,-0.366,0.000,0.000,2,-1.342,0.000,1.000,3,-0.000,0.000,0.000,6,-5.386,0.000,2.000,2,-0.142,0.000,0.000
129,0,0.000,0.000,0.000,2,1.349,1.000,1.000,0,0.000,0.000,0.000,2,0.000,0.000,0.000,0,0.000,0.000,0.000,0,0.000,0.000,0.000
130,1,0.080,0.000,0.000,4,-0.553,0.000,0.368,0,0.000,0.000,0.000,4,0.000,0.000,0.000,1,-0.142,0.000,0.000,3,1.530,1.000,0.000
131,6,7.175,4.000,0.000,12,1.583,3.000,1.000,10,-0.242,0.000,0.368,2,-0.000,0.000,0.000,0,0.000,0.000,0.000,1,0.383,0.000,0.000
132,9,4.206,3.000,1.000,25,1.602,3.000,1.138,10,2.109,1.002,0.000,5,0.731,0.000,0.000,2,-0.284,0.000,0.000,3,-2.200,0.301,2.000
133,5,2.368,2.000,0.000,19,-0.086,0.000,1.002,22,5.139,3.000,0.000,7,0.000,0.000,0.000,2,-1.945,0.000,0.670,0,0.000,0.000,0.000
134,10,5.733,4.000,1.000,31,4.862,4.368,0.001,29,2.714,4.050,0.007,4,-0.000,0.000,0.000,5,-5.436,0.000,2.341,3,-0.354,0.000,0.100
135,6,2.228,1.000,0.000,23,-2.022,1.368,2.001,56,3.730,6.104,5.000,17,0.000,0.000,0.000,6,0.188,1.000,0.670,9,-0.114,0.001,0.100
136,12,-2.015,2.000,2.000,15,3.393,3.000,1.000,56,8.414,9.368,4.000,8,-1.442,0.000,1.000,5,-0.356,0.000,0.000,6,-0.164,0.000,0.050
137,15,3.792,3.000,0.000,14,3.537,3.000,1.000,57,10.068,12.050,4.368,12,2.995,3.000,0.000,5,-0.284,0.000,0.000,1,0.001,0.000,0.000
138,18,2.280,2.000,1.000,16,-4.398,1.000,2.000,44,9.585,9.005,2.000,15,-0.000,0.000,0.000,8,-0.462,0.000,0.000,4,0.099,0.000,0.000
139,8,0.603,0.000,1.000,14,3.475,3.000,0.000,49,6.324,8.368,4.368,7,0.000,0.000,0.000,4,-1.794,0.368,1.000,1,0.000,0.000,0.000
140,14,2.989,2.000,0.000,13,4.534,5.000,1.000,48,-1.316,1.000,2.368,8,-0.142,0.000,0.000,8,0.462,0.000,0.000,2,-1.100,0.000,1.000
141,14,-0.785,1.000,1.000,23,-4.071,2.000,3.368,38,1.012,3.135,1.000,5,0.000,0.000,0.000,4,0.742,0.000,0.000,8,-2.838,0.000,1.050
142,9,-3.804,1.000,3.000,23,3.684,4.000,1.002,52,3.784,2.021,1.135,9,0.000,0.000,0.000,4,0.490,0.000,0.000,1,-0.142,0.000,0.000
143,10,1.647,1.000,0.000,30,15.318,6.000,0.000,46,8.758,8.000,3.000,8,0.564,0.000,0.000,3,-0.284,0.000,0.000,1,-0.142,0.000,0.000
144,17,0.848,2.000,1.000,26,8.393,7.000,2.000,52,14.630,10.368,3.000,6,2.333,1.000,0.000,3,0.930,0.000,0.000,0,0.000,0.000,0.000
145,14,1.725,2.000,2.000,27,6.827,5.368,2.000,55,6.045,10.368,6.368,6,-0.142,0.000,0.000,13,-4.119,0.736,1.000,3,-2.109,0.000,1.000
146,14,-0.363,2.000,2.000,36,3.859,6.736,2.000,42,5.954,7.000,4.000,2,0.000,0.000,0.000,8,3.935,2.000,0.000,5,-3.655,1.000,3.000
147,7,4.481,3.000,0.000,31,0.825,4.368,5.000,45,3.118,7.050,3.736,4,0.000,0.000,0.000,6,0.000,0.000,0.000,4,1.197,1.301,0.000
148,10,1.383,1.000,1.000,27,-1.489,4.000,4.000,49,-1.172,4.000,3.000,7,0.000,0.000,0.000,12,-3.811,0.000,2.000,1,-0.142,0.000,0.000
149,7,3.351,2.000,0.000,10,6.241,4.000,1.000,35,-5.878,5.000,5.368,4,-0.000,0.000,0.000,6,-0.103,0.000,0.000,1,-0.007,0.000,0.000
150,9,3.337,2.000,0.000,9,5.859,3.000,0.000,12,8.521,5.000,0.000,7,0.000,0.000,0.000,0,0.000,0.000,0.000,1,-0.007,0.000,0.000
151,6,-0.196,1.000,0.000,0,0.000,0.000,0.000,4,1.271,1.000,0.000,5,0.000,0.000,0.000,0,0.000,0.000,0.000,3,-0.250,0.001,0.000
152,1,0.000,0.000,0.000,1,1.168,1.000,0.000,2,-0.194,0.000,0.000,5,-0.000,0.000,0.000,0,0.000,0.000,0.000,2,0.988,1.000,0.000
153,3,-0.142,0.000,0.000,1,1.175,1.000,0.000,2,-0.284,0.000,0.000,5,0.000,0.000,0.000,0,0.000,0.000,0.000,0,0.000,0.000,0.000
154,1,-0.142,0.000,0.000,1,1.214,1.000,0.000,2,0.845,0.000,0.000,1,0.000,0.000,0.000,0,0.000,0.000,0.000,0,0.000,0.000,0.000
155,0,0.000,0.000,0.000,3,-1.527,0.000,1.000,3,0.483,0.000,0.000,1,-0.142,0.000,0.000,0,0.000,0.000,0.000,1,0.703,0.000,0.000
156,3,1.527,1.000,0.000,8,4.012,1.000,0.000,13,2.744,2.368,0.000,0,0.000,0.000,0.000,3,-1.957,0.000,1.000,1,-0.217,0.000,0.000
157,13,1.797,0.406,0.000,16,5.095,3.368,0.000,30,5.898,4.000,1.000,0,0.000,0.000,0.000,1,-1.282,0.000,1.000,0,0.000,0.000,0.000
158,11,3.504,2.000,0.000,19,4.481,3.000,2.000,50,5.851,7.472,2.000,3,-1.172,0.000,1.000,0,0.000,0.000,0.000,2,0.097,0.000,0.000
159,19,8.812,5.000,0.000,14,3.905,5.000,2.000,70,15.239,10.871,2.000,1,-0.000,0.000,0.000,1,-0.142,0.000,0.000,3,-1.044,0.000,0.000
160,25,-0.963,2.000,2.000,30,12.357,11.000,0.000,71,9.321,9.503,3.000,0,0.000,0.000,0.000,10,-0.732,0.000,1.000,3,-1.886,0.000,1.000
161,22,-1.255,1.000,1.368,29,3.893,4.000,1.002,88,9.931,11.368,5.736,5,-0.000,0.000,0.000,11,1.469,2.000,1.247,2,-1.119,0.000,1.000
162,26,7.541,6.000,1.000,16,2.024,1.368,0.000,73,7.233,11.000,5.007,10,0.213,0.000,0.000,3,-0.471,0.000,0.247,2,-0.468,0.000,0.000
163,18,1.341,1.000,0.000,26,11.936,7.418,0.000,72,7.302,9.368,1.136,4,-0.000,0.000,0.000,8,-1.235,0.000,0.493,1,-0.338,0.000,0.000
164,20,7.007,4.000,0.000,29,5.817,5.000,0.002,64,1.307,6.736,4.413,0,0.000,0.000,0.000,4,-0.625,0.000,0.247,3,-0.749,0.000,1.000
165,22,1.888,3.000,1.000,23,2.500,4.000,4.000,45,3.567,5.368,2.000,2,-0.000,0.000,0.000,5,-0.284,0.000,0.000,2,-1.726,0.000,1.000
166,24,4.193,3.000,1.000,28,7.730,6.000,3.000,60,0.354,9.368,7.504,4,-0.654,0.000,0.000,4,-2.390,0.000,1.000,2,-1.275,0.000,1.000
167,28,11.191,6.368,1.368,27,7.688,6.000,2.000,47,5.303,6.000,2.000,2,-0.142,0.000,0.000,7,1.365,0.000,0.000,1,-0.007,0.000,0.000
