,cluster18,,,,cluster14,,,,cluster7,,,,cluster23,,,,cluster30,,,,cluster31,,,
how,n,senti,pos_n,neg_n,n,senti,pos_n,neg_n,n,senti,pos_n,neg_n,n,senti,pos_n,neg_n,n,senti,pos_n,neg_n,n,senti,pos_n,neg_n
0,13,3.604,5,1,31,11.057,9,1,59,-8.881,3,6,1,-0.142,0,0,2,-0.284,0,0,3,-2.205,0,1
1,16,-2.124,2,2,23,2.476,4,3,50,0.602,6,5,1,-1.499,0,1,3,-2.313,0,1,3,-2.529,0,1
2,20,8.550,8,3,27,4.619,11,6,55,5.928,7,5,1,1.143,1,0,19,-0.418,2,4,2,-0.284,0,0
3,16,5.741,4,0,21,-0.875,1,0,42,7.044,7,1,4,0.350,1,1,4,-1.524,0,1,6,0.837,2,1
4,16,0.102,3,2,24,0.285,6,3,48,6.483,9,4,3,-1.077,0,1,3,4.229,1,0,2,2.574,1,0
5,19,4.406,5,2,16,-4.965,1,3,49,5.129,8,3,7,-7.106,0,2,12,1.068,1,1,1,0.891,0,0
6,5,-1.467,0,0,4,-2.327,0,1,12,-1.970,1,2,6,0.038,1,1,2,-2.313,0,1,0,0.000,0,0
7,4,0.738,1,1,3,0.451,0,0,3,-0.259,1,1,6,-5.959,2,3,1,1.587,1,0,1,0.234,0,0
8,3,1.967,1,0,1,-0.142,0,0,3,-2.319,0,2,5,-0.312,1,0,1,-1.350,0,1,1,-0.831,0,0
9,1,1.864,1,0,0,0.000,0,0,0,0.000,0,0,8,3.109,1,0,1,-0.142,0,0,1,-0.799,0,0
10,0,0.000,0,0,1,-0.142,0,0,3,-0.426,0,0,2,3.267,1,0,0,0.000,0,0,1,-0.142,0,0
11,3,-0.426,0,0,5,0.106,2,1,2,0.582,0,0,0,0.000,0,0,0,0.000,0,0,1,1.541,1,0
12,5,0.965,1,0,7,2.815,2,0,12,4.899,3,0,1,-0.881,0,0,0,0.000,0,0,4,-0.568,0,0
13,7,2.688,1,0,10,8.457,5,0,21,1.873,3,2,1,1.321,1,0,3,-1.900,0,1,3,-1.968,0,1
14,15,0.520,2,1,9,2.809,1,0,51,7.894,6,1,0,0.000,0,0,4,-2.209,0,1,0,0.000,0,0
15,14,0.500,2,1,18,9.175,6,0,50,11.490,10,2,0,0.000,0,0,4,2.212,1,0,4,-1.116,0,1
16,24,10.528,6,0,16,2.150,4,1,74,28.115,16,2,10,-6.624,1,3,12,-1.922,2,2,5,2.088,1,0
17,17,-0.414,3,2,15,7.632,4,0,73,11.957,6,1,8,0.078,1,1,9,-2.143,1,2,4,-2.145,0,1
18,26,7.831,5,0,26,4.558,4,1,40,9.721,8,2,2,-0.207,1,1,11,-2.379,0,1,4,1.438,1,0
19,20,2.753,3,1,23,-1.209,3,1,43,4.058,6,5,6,-3.065,1,2,4,1.907,1,0,0,0.000,0,0
20,22,3.371,3,1,20,5.893,8,2,42,11.760,9,3,2,-0.284,0,0,3,1.576,1,0,4,-0.313,1,1
21,19,5.814,5,1,16,2.438,3,2,14,-0.303,2,2,10,0.112,3,2,4,1.182,1,0,2,-0.284,0,0
22,24,4.105,4,1,13,-0.075,2,2,37,12.546,10,1,3,-0.426,0,0,4,-3.687,0,2,10,1.161,2,0
23,23,10.000,6,1,14,3.980,4,1,25,8.873,8,2,20,3.177,7,3,2,-1.737,0,0,3,3.587,1,0
24,19,3.370,5,2,21,-8.229,3,6,30,4.308,7,2,14,-1.843,3,4,6,-3.363,0,2,6,-3.889,0,1
25,24,6.953,3,1,14,6.081,3,1,23,8.077,6,1,17,8.637,8,4,6,-5.530,0,3,12,-1.560,2,2
26,18,-3.381,0,2,17,2.847,4,1,22,4.943,6,3,18,-2.121,3,3,10,-0.655,1,1,9,-7.853,0,4
27,15,3.688,3,0,10,0.089,1,0,25,7.811,6,0,21,-0.180,4,3,11,-5.737,2,4,20,2.806,2,1
28,8,-5.615,0,2,4,-1.553,0,1,15,4.833,4,0,19,5.059,4,4,13,4.060,5,1,5,-2.056,0,1
29,7,-1.564,0,1,1,0.376,0,0,9,-2.681,0,2,14,-4.441,1,3,6,0.525,0,0,1,1.392,1,0
30,3,0.330,0,0,1,-0.142,0,0,2,-0.284,0,0,10,-3.027,1,2,4,2.517,2,0,2,0.490,0,0
31,3,0.955,0,0,1,1.097,1,0,0,0.000,0,0,11,4.821,2,1,0,0.000,0,0,0,0.000,0,0
32,3,0.185,0,0,1,-0.142,0,0,1,1.864,1,0,8,-1.485,2,2,1,-0.142,0,0,1,0.873,0,0
33,2,-0.284,0,0,1,-1.772,0,1,1,-0.142,0,0,8,-2.951,0,1,0,0.000,0,0,1,-0.142,0,0
34,2,-0.284,0,0,4,-0.678,2,1,3,1.743,1,0,1,-0.142,0,0,2,-2.195,0,1,0,0.000,0,0
35,4,-1.083,0,0,6,2.432,2,0,5,-2.248,0,1,8,-1.886,1,2,3,-1.968,1,1,3,-1.507,0,1
36,6,5.396,3,1,5,0.309,0,0,13,6.213,4,1,2,2.358,1,0,2,-1.300,0,1,10,-1.078,1,2
37,12,6.654,5,0,10,3.492,1,0,16,3.240,2,0,5,-2.287,0,1,10,-3.221,0,3,2,-1.261,0,1
38,6,2.219,1,0,10,2.883,2,0,16,9.852,6,0,6,-1.315,1,1,14,-3.633,1,2,3,0.834,1,0
39,8,0.618,1,0,10,4.743,3,1,22,2.672,1,0,7,0.999,1,1,14,-5.413,1,4,3,1.062,1,0
40,12,1.591,2,1,20,-9.161,1,3,34,14.417,12,2,5,-0.004,1,0,11,2.465,3,2,5,-0.916,0,0
41,10,3.028,1,0,7,1.494,2,1,37,2.575,6,3,8,-0.194,1,1,15,-1.277,2,2,4,0.614,1,0
42,13,-0.758,0,1,9,2.930,2,0,29,-5.706,2,2,12,-3.426,1,1,7,-2.941,1,2,2,2.223,1,0
43,19,6.462,5,0,8,-0.014,1,1,22,-4.666,1,2,20,-6.068,2,6,6,-2.102,1,2,8,-5.350,0,2
44,10,1.735,1,1,6,3.991,2,0,30,7.503,5,2,22,0.344,2,1,6,1.431,1,1,1,-1.605,0,1
45,15,8.926,4,0,17,6.745,4,1,55,3.090,10,4,17,-4.493,5,5,11,-2.513,0,2,3,-2.774,0,1
46,10,3.320,2,0,5,1.253,1,0,33,3.085,5,3,17,-6.603,2,5,4,0.735,1,0,6,-0.754,1,1
47,17,4.200,3,1,17,4.536,5,1,31,6.334,6,2,6,-3.015,0,1,8,-1.556,0,0,1,1.367,1,0
48,18,5.643,6,1,7,3.901,2,0,32,-0.908,3,3,12,-0.176,4,3,14,9.485,6,1,6,2.278,2,0
49,15,4.785,3,1,20,2.012,2,0,19,10.044,6,1,9,0.383,2,2,10,2.275,3,1,10,1.812,3,3
50,20,-3.433,0,1,12,1.082,3,2,27,0.988,4,4,13,-8.029,3,7,11,2.218,3,2,6,-1.289,1,2
51,7,1.417,1,0,16,1.799,3,3,19,-7.697,2,7,10,-5.045,2,5,18,-4.249,0,2,6,-4.858,0,2
52,5,2.351,1,0,15,0.031,1,0,13,6.142,6,1,12,-3.771,0,1,8,-0.728,1,2,6,2.269,1,0
53,4,3.138,2,0,0,0.000,0,0,6,-1.424,0,1,8,4.186,3,0,7,-7.334,0,4,3,-0.426,0,0
54,1,-0.142,0,0,3,-0.071,0,0,1,1.218,1,0,4,-2.056,0,1,1,1.079,1,0,5,0.383,1,0
55,1,-0.142,0,0,1,-0.142,0,0,3,1.939,1,0,5,-1.613,1,2,0,0.000,0,0,0,0.000,0,0
56,0,0.000,0,0,0,0.000,0,0,0,0.000,0,0,4,4.676,2,0,1,-1.605,0,1,0,0.000,0,0
57,1,-0.142,0,0,0,0.000,0,0,1,-0.959,0,0,2,-0.416,0,0,1,-0.199,0,0,0,0.000,0,0
58,2,0.952,1,0,2,-0.284,0,0,0,0.000,0,0,4,6.782,3,0,3,4.108,2,0,0,0.000,0,0
59,5,-1.488,0,0,3,-2.838,0,2,6,1.576,1,0,11,-6.530,0,2,9,5.815,3,0,1,-0.973,0,0
60,7,2.083,2,0,13,0.563,2,2,14,6.778,2,0,7,4.867,4,1,3,-1.019,0,0,3,0.773,0,0
61,6,-1.065,0,0,28,1.732,5,4,16,2.276,2,0,2,-2.291,0,1,2,-0.284,0,0,3,0.472,1,1
62,10,3.464,2,0,15,-3.617,3,4,21,6.330,5,1,6,-2.039,1,1,6,0.884,1,0,3,1.473,2,0
63,9,4.718,3,0,32,7.362,10,4,21,1.517,4,1,11,-2.572,1,2,2,1.534,1,0,3,-3.669,0,2
64,15,3.898,3,0,31,-5.108,2,5,41,3.554,4,2,3,3.096,2,0,3,0.493,0,0,2,1.924,1,0
65,13,5.351,1,0,18,6.964,7,1,47,17.221,11,3,2,-2.070,0,1,7,0.298,1,1,4,-1.481,0,1
66,6,-1.949,0,1,9,-1.507,1,1,38,9.713,7,1,6,1.722,0,0,11,-0.757,1,1,3,1.282,0,0
67,8,-1.076,0,0,14,7.040,3,2,22,-1.116,3,4,8,-4.139,1,3,3,-0.764,0,1,3,-2.141,0,1
68,9,1.177,1,0,14,-1.532,2,3,27,0.593,3,1,3,-1.705,0,1,6,-4.070,0,1,1,-0.142,0,0
69,5,0.841,0,0,10,2.164,3,2,39,3.823,5,1,2,-0.284,0,0,6,-4.700,0,2,4,-0.160,0,0
70,9,0.141,1,0,9,3.160,3,1,35,5.061,7,4,7,0.138,1,0,7,3.157,2,0,7,-1.619,0,1
71,13,-1.666,1,1,13,0.993,3,1,46,10.075,11,5,7,-1.159,1,2,3,-0.426,0,0,7,-1.578,0,2
72,16,-2.337,0,2,15,-5.682,0,2,46,0.786,12,6,5,-0.394,0,0,5,-0.349,1,2,1,-1.719,0,1
73,15,0.660,1,0,16,1.074,2,3,26,-4.451,3,5,10,-1.467,0,1,16,9.089,6,0,8,-4.767,1,2
74,14,0.500,2,0,16,-2.701,2,4,42,10.616,9,1,16,-5.842,1,5,11,-5.793,2,3,5,-2.658,2,2
75,13,-3.668,1,3,14,-2.671,2,3,21,11.618,8,1,15,-11.488,0,5,21,3.297,4,3,3,1.676,1,0
76,7,0.862,0,0,9,-3.265,1,1,14,0.197,3,4,16,-10.055,1,4,8,-1.637,0,2,14,-2.119,2,2
77,6,-1.215,0,1,3,-0.565,0,0,8,-2.685,0,1,14,3.873,3,1,3,-1.222,1,1,2,-0.284,0,0
78,3,0.909,1,0,2,-2.259,0,1,3,0.536,0,0,9,-2.341,2,3,3,0.493,1,0,0,0.000,0,0
79,2,-0.284,0,0,2,-0.284,0,0,2,-0.284,0,0,11,-4.507,0,2,2,-1.183,0,1,0,0.000,0,0
80,3,1.622,1,0,1,-2.053,0,1,0,0.000,0,0,3,1.005,1,0,0,0.000,0,0,2,1.902,1,0
81,0,0.000,0,0,2,-0.284,0,0,0,0.000,0,0,0,0.000,0,0,0,0.000,0,0,0,0.000,0,0
82,4,2.549,1,0,3,0.035,0,0,2,0.078,0,0,0,0.000,0,0,1,0.142,0,0,5,-3.748,0,1
83,5,3.877,2,0,9,-2.837,0,1,8,1.217,1,0,14,0.262,2,2,2,0.760,0,0,5,-4.898,0,2
84,5,3.739,2,0,10,0.219,1,1,11,-4.213,0,3,4,-3.442,0,2,2,-4.553,0,2,2,-2.657,0,2
85,5,-0.334,1,1,24,-6.149,1,4,15,1.752,3,1,5,5.411,3,0,1,-0.142,0,0,0,0.000,0,0
86,8,2.182,0,0,24,-5.348,5,4,19,3.789,4,1,5,-4.422,0,2,6,-3.321,1,2,1,-0.142,0,0
87,10,-0.608,0,0,26,-4.408,4,5,37,16.579,11,0,3,0.682,1,1,8,-6.304,1,3,2,-1.786,0,1
88,8,-0.384,0,0,32,-1.306,3,3,39,8.779,5,0,4,-5.050,0,2,13,1.363,1,0,8,-2.391,1,2
89,10,3.152,1,0,20,0.699,3,2,57,13.777,11,2,3,0.628,0,0,4,-0.398,1,1,3,-0.775,1,1
90,8,-2.717,0,2,9,5.549,4,0,35,6.368,6,2,10,-5.020,1,4,8,0.298,0,0,3,-0.426,0,0
91,11,0.780,1,1,5,-0.210,1,1,28,11.810,5,0,17,-20.378,0,9,1,-0.142,0,0,5,-2.259,0,1
92,6,-3.061,0,1,9,1.153,3,2,32,10.870,7,2,6,7.292,4,0,3,-1.062,0,1,2,-2.170,0,1
93,11,-2.296,1,3,11,-0.494,1,0,29,2.836,4,2,5,-2.984,0,1,2,0.476,0,0,3,0.905,1,0
94,14,5.655,4,1,14,1.337,2,1,33,2.001,2,3,4,-1.712,0,1,5,-0.605,1,2,3,-0.981,0,1
95,11,6.809,3,0,13,4.420,4,1,40,3.934,7,3,4,-1.016,1,1,10,7.069,5,1,2,0.817,0,0
96,12,1.995,1,0,12,4.988,3,0,50,9.952,12,4,12,2.217,4,3,5,-1.457,0,1,6,-1.062,1,1
97,23,14.811,9,2,12,3.138,1,0,38,2.025,5,2,15,3.579,3,0,9,-6.499,1,4,3,-0.419,0,0
98,11,0.510,2,1,14,4.271,3,0,40,4.944,7,2,15,-11.479,2,6,12,4.625,3,0,16,-5.950,1,5
99,8,1.981,2,1,13,-2.565,2,3,23,2.932,3,1,21,0.840,4,3,8,3.909,2,0,3,-0.451,0,1
100,8,-1.048,0,1,4,1.743,1,0,13,-2.572,0,1,10,-0.213,2,2,2,0.128,0,0,9,-6.734,0,4
101,9,-1.017,1,1,5,4.136,3,0,5,-0.710,0,0,9,-4.933,1,3,4,-3.851,0,2,2,-2.244,0,1
102,5,-0.710,0,0,2,1.200,1,0,3,-0.426,0,0,7,2.340,2,2,16,-5.686,1,3,0,0.000,0,0
103,3,1.534,1,0,1,-1.254,0,1,4,1.268,1,0,4,0.280,0,0,1,-1.378,0,1,1,2.450,1,0
104,2,-0.284,0,0,1,-1.417,0,1,2,-0.732,1,1,2,-0.284,0,0,0,0.000,0,0,0,0.000,0,0
105,0,0.000,0,0,4,2.556,1,0,2,2.087,2,0,2,0.699,0,0,0,0.000,0,0,0,0.000,0,0
106,2,0.419,0,0,3,-0.096,0,0,6,2.084,1,0,3,-0.458,0,0,0,0.000,0,0,3,-1.797,0,0
107,3,0.419,0,0,12,-2.658,1,2,14,0.802,2,0,1,-0.142,0,0,1,1.111,1,0,1,1.463,1,0
108,7,1.235,1,1,24,3.831,5,4,10,4.293,3,0,6,-3.506,0,1,6,-1.521,1,1,5,2.634,1,0
109,14,7.726,4,0,25,-7.303,3,7,18,1.756,3,1,7,-2.991,0,2,6,-0.356,1,1,0,0.000,0,0
110,4,0.162,0,0,29,-2.766,2,1,25,0.929,1,0,9,-4.880,1,2,0,0.000,0,0,2,2.350,1,0
111,13,-1.986,3,3,28,3.978,5,3,33,1.618,6,3,8,-0.032,0,0,5,0.280,0,1,2,0.017,1,1
112,18,-0.607,2,2,33,-3.894,4,5,29,1.736,4,1,12,-5.409,1,2,9,0.578,2,1,4,0.994,1,1
113,8,1.550,1,0,26,4.114,5,1,31,3.712,2,1,16,-7.968,2,6,1,-2.227,0,1,0,0.000,0,0
114,6,2.769,3,0,19,3.517,3,1,35,-0.050,6,4,19,2.342,3,3,13,-0.789,1,1,2,-0.284,0,0
115,21,3.010,3,1,23,-4.418,2,3,43,1.242,2,1,10,-1.119,1,2,5,-0.710,0,0,2,-0.284,0,0
116,15,2.960,5,1,15,2.969,3,2,29,-3.044,3,3,18,-1.639,3,5,5,-1.264,2,2,6,5.401,2,0
117,10,1.757,2,0,16,-4.251,1,3,43,2.185,4,2,13,0.766,2,1,4,-0.497,0,0,0,0.000,0,0
118,19,3.444,3,1,14,-2.795,1,1,42,9.598,6,0,3,4.371,2,0,5,-1.776,1,1,3,0.540,0,0
119,24,6.904,6,2,18,6.215,4,1,53,3.251,7,2,8,-3.755,1,2,2,-1.552,0,1,4,-2.496,0,2
120,18,0.511,3,2,16,7.678,3,0,41,8.244,8,1,10,-5.722,1,3,11,0.567,3,1,1,-1.580,0,1
121,16,4.168,2,0,32,5.320,4,1,72,8.155,11,6,12,-1.919,1,3,11,1.544,1,0,6,-2.007,1,2
122,20,1.711,3,1,18,0.322,3,2,41,0.266,7,6,20,4.342,5,1,13,-5.049,2,3,8,2.894,2,1
123,18,3.613,2,0,12,-0.324,0,0,52,5.681,12,8,22,5.286,6,2,18,4.163,4,2,1,-0.263,0,0
124,11,3.961,5,1,7,2.006,2,1,45,10.280,8,2,27,6.340,9,4,9,0.066,2,1,7,-5.395,0,2
125,6,2.726,1,1,12,-6.504,1,4,36,-5.191,4,4,11,-5.395,0,2,13,-4.512,1,3,3,-3.274,0,1
126,10,2.724,2,1,4,5.056,2,0,17,8.102,4,2,5,-3.121,1,2,2,-2.070,0,1,1,-0.142,0,0
127,3,-0.199,0,0,0,0.000,0,0,8,1.171,2,1,5,-4.947,0,2,0,0.000,0,0,0,0.000,0,0
128,2,-0.284,0,0,1,-0.366,0,0,2,-1.342,0,1,3,-0.760,0,0,6,-5.386,0,2,2,0.117,0,0
129,0,0.000,0,0,2,1.349,1,1,0,0.000,0,0,2,3.267,1,0,0,0.000,0,0,0,0.000,0,0
130,1,0.593,0,0,4,-1.413,0,1,0,0.000,0,0,4,4.314,2,0,1,-0.142,0,0,3,1.530,1,0
131,6,7.175,4,0,12,0.734,3,1,10,-2.085,0,1,2,0.898,1,0,0,0.000,0,0,1,0.383,0,0
132,9,4.675,3,1,25,-10.429,3,6,10,5.101,3,0,5,2.926,1,0,2,-0.284,0,0,3,-1.059,1,2
133,5,2.368,2,0,19,-3.107,1,4,22,15.846,8,0,7,-0.334,0,0,2,-2.901,0,1,0,0.000,0,0
134,10,5.733,4,1,31,0.152,5,2,29,1.215,5,2,4,-3.481,0,1,5,-7.525,0,3,3,-4.397,0,2
135,6,2.499,1,0,23,-4.477,2,4,56,9.028,9,5,17,-6.769,1,3,6,-2.406,1,2,9,-0.625,2,2
136,12,-2.015,2,2,15,3.393,3,1,56,9.976,10,4,8,-3.299,1,2,5,-2.973,0,1,6,-1.840,0,1
137,15,3.508,3,0,14,3.414,3,1,57,12.287,14,5,12,1.869,3,0,5,-1.584,0,0,1,0.959,0,0
138,18,0.145,2,2,16,-4.398,1,2,44,13.610,11,2,15,-6.486,1,3,8,-0.331,1,1,4,-0.516,0,0
139,8,0.275,0,1,14,3.475,3,0,49,6.779,9,5,7,2.644,2,0,4,-1.254,1,1,1,0.323,0,0
140,14,2.989,2,0,13,4.392,5,1,48,-0.743,2,4,8,-0.271,0,1,8,1.293,0,0,2,-0.860,0,1
141,14,-0.002,1,1,23,-5.003,2,4,38,3.212,5,1,5,-0.348,0,0,4,-0.476,0,1,8,-4.496,0,2
142,9,-3.804,1,3,23,0.786,4,2,52,7.792,6,3,9,-1.251,1,2,4,0.880,0,0,1,-0.142,0,0
143,10,2.609,2,0,30,15.318,6,0,46,5.594,8,5,8,-1.176,0,1,3,-0.426,0,0,1,-0.142,0,0
144,17,0.848,2,1,26,8.393,7,2,52,16.256,12,3,6,1.065,2,1,3,5.564,2,0,0,0.000,0,0
145,14,5.971,5,2,27,7.597,6,2,55,7.061,12,7,6,-1.289,0,0,13,-2.642,2,1,3,-2.109,0,1
146,14,-0.363,2,2,36,6.126,8,2,42,5.209,7,4,2,0.753,0,0,8,2.464,2,0,5,-3.655,1,3
147,7,2.730,3,1,31,1.711,5,5,45,3.664,8,5,4,0.043,0,0,6,-3.765,1,3,4,1.924,2,0
148,10,1.241,1,1,27,-1.489,4,4,49,0.379,5,3,7,1.616,1,0,12,-5.077,0,3,1,-0.142,0,0
149,7,4.928,3,0,10,6.241,4,1,35,-6.413,5,6,4,-4.119,0,1,6,-2.097,0,1,1,-0.142,0,0
150,9,1.716,3,2,9,5.859,3,0,12,8.521,5,0,7,-2.948,1,2,0,0.000,0,0,1,-0.142,0,0
151,6,-0.286,1,0,0,0.000,0,0,4,1.271,1,0,5,-1.073,1,1,0,0.000,0,0,3,-0.484,1,0
152,1,2.262,1,0,1,1.168,1,0,2,-0.284,0,0,5,-1.396,0,1,0,0.000,0,0,2,0.898,1,0
153,3,-0.426,0,0,1,1.175,1,0,2,-0.284,0,0,5,-0.139,2,1,0,0.000,0,0,0,0.000,0,0
154,1,-0.142,0,0,1,1.214,1,0,2,0.845,0,0,1,1.257,1,0,0,0.000,0,0,0,0.000,0,0
155,0,0.000,0,0,3,-1.527,0,1,3,0.483,0,0,1,-0.142,0,0,0,0.000,0,0,1,0.703,0,0
156,3,1.527,1,0,8,4.012,1,0,13,3.529,3,0,0,0.000,0,0,3,-1.957,0,1,1,-0.590,0,0
157,13,6.294,3,0,16,5.744,4,0,30,5.759,4,1,0,0.000,0,0,1,-1.282,0,1,0,0.000,0,0
158,11,1.899,2,1,19,5.087,3,2,50,13.749,11,2,3,-2.919,0,2,0,0.000,0,0,2,0.650,0,0
159,19,11.145,7,0,14,3.905,5,2,70,18.824,13,2,1,-0.142,0,0,1,-0.142,0,0,3,-1.044,0,0
160,25,-0.963,2,2,30,12.357,11,0,71,11.022,12,4,0,0.000,0,0,10,-1.376,0,2,3,-1.886,0,1
161,22,-0.107,2,2,29,2.724,4,2,88,10.566,12,7,5,-6.544,0,3,11,-2.788,2,3,2,-1.254,0,1
162,26,5.343,7,2,16,3.223,2,0,73,5.144,11,6,10,1.004,1,1,3,-2.053,0,1,2,0.358,0,0
163,18,-3.374,1,3,26,13.776,9,0,72,4.746,10,3,4,0.340,0,0,8,-5.637,0,3,1,-0.338,0,0
164,20,4.720,4,1,29,3.192,5,1,64,-3.199,8,8,0,0.000,0,0,4,-3.311,0,1,3,-0.749,0,1
165,22,2.729,3,1,23,2.500,4,4,45,6.169,7,2,2,-1.339,0,1,5,-1.005,0,0,2,-1.726,0,1
166,24,7.200,5,1,28,7.730,6,3,60,-4.410,10,10,4,-3.570,0,1,4,-0.885,1,1,2,-1.275,0,1
167,28,8.691,8,4,27,7.688,6,2,47,4.708,6,2,2,-0.284,0,0,7,0.269,0,1,1,-0.142,0,0
6,3,9,4,-3.622,0,2,17,-1.696,1,2
166,13,3.686,3,0,25,3.845,3,1,24,7.200,5,1,10,-2.605,1,3,5,2.212,1,0,14,-3.064,3,1
167,9,-0.878,1,1,17,10.443,7,0,28,8.691,8,4,32,-9.267,5,9,7,2.240,2,0,4,-1.527,1,1
